####################################################################################################
FETCHING BINANCE FUTURES DATA ...
####################################################################################################
SYMBOL     : AINUSDT
PERIOD     : 15m
LIMIT      : 100
RSI_PERIOD : 14
PRINT MODE : CSV_STYLE
NOTE       : EACH OUTPUT ROW = ONE ACTUAL KLINE CANDLE
####################################################################################################

============================================================================================================================================
ANALYSIS-READY CANDLE DATA FOR V3.2.1 | CSV STYLE | EACH ROW = ONE 15m CANDLE
============================================================================================================================================
candle_index,time,symbol,open,high,low,close,close_change,close_change_pct,candle_body_pct,price_range_pct,rsi,number_of_trades,trades_change,trades_change_pct,volume,volume_change,volume_change_pct,quote_volume,quote_volume_change,quote_volume_change_pct,taker_buy_base_volume,taker_buy_quote_volume,taker_sell_quote_volume,taker_buy_quote_pct,oi,oi_value,oi_change,oi_change_pct,oi_value_change,oi_value_change_pct,acco_ls_ratio,acco_ls_change,acco_ls_change_pct,acco_long_pct,acco_short_pct,posit_ls_ratio,posit_ls_change,posit_ls_change_pct,posit_long_pct,posit_short_pct,global_ls_ratio,global_ls_change,global_ls_change_pct,global_long_pct,global_short_pct,quote_volume_source,oi_match_delta_min,acco_match_delta_min,posit_match_delta_min,global_match_delta_min,data_quality1,2026-06-10 20:00:00 UTC,AINUSDT,0.063210,0.063280,0.062180,0.062740,0.000000,0.000000,-0.743553,1.740231,23.529412,635,0.000000,0.000000,322139.000000,0.000000,0.000000,20195.731590,0.000000,0.000000,123060.000000,7720.947000,12474.784590,38.230588,54614646.000000,3448368.748440,0.000000,0.000000,0.000000,0.000000,2.052500,0.000000,0.000000,67.240000,32.760000,1.585400,0.000000,0.000000,61.320000,38.680000,2.278700,0.000000,0.000000,69.500000,30.500000,binance_kline_quote_asset_volume,0.000000,0.000000,0.000000,0.000000,OK
2,2026-06-10 20:15:00 UTC,AINUSDT,0.062760,0.063180,0.062690,0.062690,-0.000050,-0.079694,-0.111536,0.780752,23.235031,371,-264,-41.574803,206956.000000,-115183.000000,-35.755683,13030.432620,-7165.298970,-35.479274,138026.000000,8691.830170,4338.602450,66.704080,54649841.000000,3427956.636093,35195.000000,0.064442,-20412.112347,-0.591935,2.044100,-0.008400,-0.409257,67.150000,32.850000,1.583200,-0.002200,-0.138766,61.290000,38.710000,2.294900,0.016200,0.710932,69.650000,30.350000,binance_kline_quote_asset_volume,0.000000,0.000000,0.000000,0.000000,OK
3,2026-06-10 20:30:00 UTC,AINUSDT,0.062680,0.063240,0.062580,0.063120,0.000430,0.685915,0.701978,1.052967,31.206338,356,-15,-4.043127,200623.000000,-6333.000000,-3.060071,12613.179360,-417.253260,-3.202144,170781.000000,10736.828330,1876.351030,85.123885,54590020.000000,3422248.353800,-59821.000000,-0.109462,-5708.282293,-0.166521,2.053400,0.009300,0.454968,67.250000,32.750000,1.585400,0.002200,0.138959,61.320000,38.680000,2.288400,-0.006500,-0.283237,69.590000,30.410000,binance_kline_quote_asset_volume,0.000000,0.000000,0.000000,0.000000,OK
4,2026-06-10 20:45:00 UTC,AINUSDT,0.063110,0.063340,0.062860,0.063000,-0.000120,-0.190114,-0.174299,0.760577,30.261928,274,-82,-23.033708,85081.000000,-115542.000000,-57.591602,5366.690370,-7246.488990,-57.451724,28738.000000,1813.466650,3553.223720,33.791155,54556097.000000,3443580.842640,-33923.000000,-0.062141,21332.488840,0.623347,2.034000,-0.019400,-0.944775,67.040000,32.960000,1.586600,0.001200,0.075691,61.340000,38.660000,2.219600,-0.068800,-3.006467,68.940000,31.060000,binance_kline_quote_asset_volume,0.000000,0.000000,0.000000,0.000000,OK
5,2026-06-10 21:00:00 UTC,AINUSDT,0.062990,0.062990,0.062500,0.062610,-0.000390,-0.619048,-0.603270,0.777901,27.363531,273,-1,-0.364964,69493.000000,-15588.000000,-18.321364,4353.508020,-1013.182350,-18.879091,35554.000000,2226.242820,2127.265200,51.136757,54550412.000000,3436130.451880,-5685.000000,-0.010420,-7450.390760,-0.216356,2.019300,-0.014700,-0.722714,66.880000,33.120000,1.586100,-0.000500,-0.031514,61.330000,38.670000,2.222700,0.003100,0.139665,68.970000,31.030000,binance_kline_quote_asset_volume,0.000000,0.000000,0.000000,0.000000,OK
6,2026-06-10 21:15:00 UTC,AINUSDT,0.062630,0.062800,0.062300,0.062680,0.000070,0.111803,0.079834,0.798339,28.683815,222,-51,-18.681319,77717.000000,8224.000000,11.834285,4861.442010,507.933990,11.667235,46953.000000,2938.119990,1923.322020,60.437212,54553350.000000,3414621.285806,2938.000000,0.005386,-21509.166074,-0.625971,2.002100,-0.017200,-0.851780,66.690000,33.310000,1.586000,-0.000100,-0.006305,61.330000,38.670000,2.198000,-0.024700,-1.111261,68.730000,31.270000,binance_kline_quote_asset_volume,0.000000,0.000000,0.000000,0.000000,OK
7,2026-06-10 21:30:00 UTC,AINUSDT,0.062750,0.063260,0.062750,0.062930,0.000250,0.398851,0.286853,0.812749,33.343755,191,-31,-13.963964,53887.000000,-23830.000000,-30.662532,3394.887400,-1466.554610,-30.167070,15098.000000,951.390340,2443.497060,28.024209,54560369.000000,3419843.928920,7019.000000,0.012866,5222.643114,0.152949,1.997600,-0.004500,-0.224764,66.640000,33.360000,1.585800,-0.000200,-0.012610,61.330000,38.670000,2.186700,-0.011300,-0.514104,68.620000,31.380000,binance_kline_quote_asset_volume,0.000000,0.000000,0.000000,0.000000,OK
8,2026-06-10 21:45:00 UTC,AINUSDT,0.062950,0.063130,0.062160,0.062460,-0.000470,-0.746862,-0.778396,1.540905,29.448009,397,206,107.853403,207991.000000,154104.000000,285.976209,12976.291910,9581.404510,282.230407,83346.000000,5199.842580,7776.449330,40.071868,54554706.000000,3433127.648580,-5663.000000,-0.010379,13283.719660,0.388431,2.013000,0.015400,0.770925,66.810000,33.190000,1.585000,-0.000800,-0.050448,61.320000,38.680000,2.236200,0.049500,2.263685,69.100000,30.900000,binance_kline_quote_asset_volume,0.000000,0.000000,0.000000,0.000000,OK
9,2026-06-10 22:00:00 UTC,AINUSDT,0.062470,0.062590,0.062260,0.062480,0.000020,0.032020,0.016008,0.528254,29.823745,168,-229,-57.682620,53366.000000,-154625.000000,-74.342159,3329.221870,-9647.070040,-74.343812,38355.000000,2392.545220,936.676650,71.864998,54566406.000000,3405052.867212,11700.000000,0.021446,-28074.781368,-0.817761,1.991300,-0.021700,-1.077993,66.570000,33.430000,1.581600,-0.003400,-0.214511,61.260000,38.740000,2.236200,0.000000,0.000000,69.100000,30.900000,binance_kline_quote_asset_volume,0.000000,0.000000,0.000000,0.000000,OK
10,2026-06-10 22:15:00 UTC,AINUSDT,0.062560,0.062670,0.062330,0.062570,0.000090,0.144046,0.015985,0.543478,31.589355,171,3,1.785714,49562.000000,-3804.000000,-7.128134,3097.110430,-232.111440,-6.971943,32240.000000,2015.581180,1081.529250,65.079410,54564594.000000,3409195.833120,-1812.000000,-0.003321,4142.965908,0.121671,2.008400,0.017100,0.858735,66.760000,33.240000,1.581500,-0.000100,-0.006323,61.260000,38.740000,2.253100,0.016900,0.755746,69.260000,30.740000,binance_kline_quote_asset_volume,0.000000,0.000000,0.000000,0.000000,OK
11,2026-06-10 22:30:00 UTC,AINUSDT,0.062540,0.063170,0.062540,0.063050,0.000480,0.767141,0.815478,1.007355,40.226960,313,142,83.040936,159983.000000,110421.000000,222.793673,10070.244060,6973.133630,225.149661,80039.000000,5039.299870,5030.944190,50.041487,54578326.000000,3413328.508040,13732.000000,0.025167,4132.674920,0.121221,2.013000,0.004600,0.229038,66.810000,33.190000,1.580900,-0.000600,-0.037939,61.250000,38.750000,2.249900,-0.003200,-0.142027,69.230000,30.770000,binance_kline_quote_asset_volume,0.000000,0.000000,0.000000,0.000000,OK
12,2026-06-10 22:45:00 UTC,AINUSDT,0.063050,0.063330,0.062980,0.063010,-0.000040,-0.063442,-0.063442,0.555115,39.776250,220,-93,-29.712460,73302.000000,-86681.000000,-54.181382,4629.227330,-5441.016730,-54.030634,52080.000000,3290.798700,1338.428630,71.087429,54579525.000000,3439225.612573,1199.000000,0.002197,25897.104533,0.758705,2.002100,-0.010900,-0.541480,66.690000,33.310000,1.580400,-0.000500,-0.031628,61.250000,38.750000,2.259500,0.009600,0.426686,69.320000,30.680000,binance_kline_quote_asset_volume,0.000000,0.000000,0.000000,0.000000,OK
13,2026-06-10 23:00:00 UTC,AINUSDT,0.063000,0.063030,0.062590,0.062660,-0.000350,-0.555467,-0.539683,0.698413,35.977795,169,-51,-23.181818,46564.000000,-26738.000000,-36.476495,2922.538630,-1706.688700,-36.867680,18070.000000,1134.904870,1787.633760,38.832844,54594171.000000,3439937.769082,14646.000000,0.026834,712.156509,0.020707,1.989500,-0.012600,-0.629339,66.550000,33.450000,1.579300,-0.001100,-0.069603,61.230000,38.770000,2.228900,-0.030600,-1.354282,69.030000,30.970000,binance_kline_quote_asset_volume,0.000000,0.000000,0.000000,0.000000,OK
14,2026-06-10 23:15:00 UTC,AINUSDT,0.062650,0.063480,0.062630,0.063470,0.000810,1.292691,1.308859,1.356744,48.285959,197,28,16.568047,38751.000000,-7813.000000,-16.779057,2440.903260,-481.635370,-16.480034,25695.000000,1618.152810,822.750450,66.293197,54597052.000000,3420323.499617,2881.000000,0.005277,-19614.269465,-0.570193,1.991300,0.001800,0.090475,66.570000,33.430000,1.578800,-0.000500,-0.031660,61.220000,38.780000,2.237300,0.008400,0.376868,69.110000,30.890000,binance_kline_quote_asset_volume,0.000000,0.000000,0.000000,0.000000,OK
15,2026-06-10 23:30:00 UTC,AINUSDT,0.063460,0.063700,0.063380,0.063650,0.000180,0.283599,0.299401,0.504255,50.560576,377,180,91.370558,117019.000000,78268.000000,201.976723,7427.763250,4986.859990,204.303877,29884.000000,1898.710110,5529.053140,25.562340,54602208.000000,3463738.568401,5156.000000,0.009444,43415.068784,1.269326,2.000300,0.009000,0.451966,66.670000,33.330000,1.578300,-0.000500,-0.031670,61.220000,38.780000,2.253100,0.015800,0.706208,69.260000,30.740000,binance_kline_quote_asset_volume,0.000000,0.000000,0.000000,0.000000,OK
16,2026-06-10 23:45:00 UTC,AINUSDT,0.063660,0.063780,0.063520,0.063650,0.000000,0.000000,-0.015708,0.408420,50.560576,279,-98,-25.994695,51085.000000,-65934.000000,-56.344696,3251.755530,-4176.007720,-56.221605,27210.000000,1733.064660,1518.690870,53.296278,54607272.000000,3474380.035982,5064.000000,0.009274,10641.467581,0.307225,1.994000,-0.006300,-0.314953,66.600000,33.400000,1.579400,0.001100,0.069695,61.230000,38.770000,2.226800,-0.026300,-1.167281,69.010000,30.990000,binance_kline_quote_asset_volume,0.000000,0.000000,0.000000,0.000000,OK
17,2026-06-11 00:00:00 UTC,AINUSDT,0.063630,0.064280,0.063540,0.064200,0.000550,0.864101,0.895804,1.162973,57.227479,543,264,94.623656,175210.000000,124125.000000,242.977391,11206.349470,7954.593940,244.624599,114393.000000,7320.753970,3885.595500,65.326840,54627009.000000,3475401.996245,19737.000000,0.036144,1021.960263,0.029414,1.977100,-0.016900,-0.847543,66.410000,33.590000,1.578300,-0.001100,-0.069647,61.210000,38.790000,2.208200,-0.018600,-0.835279,68.830000,31.170000,binance_kline_quote_asset_volume,0.000000,0.000000,0.000000,0.000000,OK
18,2026-06-11 00:15:00 UTC,AINUSDT,0.064200,0.064560,0.064180,0.064350,0.000150,0.233645,0.233645,0.591900,58.857000,236,-307,-56.537753,54348.000000,-120862.000000,-68.981223,3498.998720,-7707.350750,-68.776641,24002.000000,1545.639640,1953.359080,44.173770,54648179.000000,3508413.091800,21170.000000,0.038754,33011.095555,0.949850,1.963000,-0.014100,-0.713166,66.250000,33.750000,1.579000,0.000700,0.044352,61.230000,38.770000,2.174600,-0.033600,-1.521601,68.500000,31.500000,binance_kline_quote_asset_volume,0.000000,0.000000,0.000000,0.000000,OK
19,2026-06-11 00:30:00 UTC,AINUSDT,0.064380,0.064410,0.063800,0.063940,-0.000410,-0.637141,-0.683442,0.947499,52.922148,198,-38,-16.101695,78542.000000,24194.000000,44.516818,5036.751010,1537.752290,43.948352,22873.000000,1467.837120,3568.913890,29.142539,54645060.000000,3516409.611000,-3119.000000,-0.005707,7996.519200,0.227924,1.977100,0.014100,0.718288,66.410000,33.590000,1.578900,-0.000100,-0.006333,61.220000,38.780000,2.193900,0.019300,0.887520,68.690000,31.310000,binance_kline_quote_asset_volume,0.000000,0.000000,0.000000,0.000000,OK
20,2026-06-11 00:45:00 UTC,AINUSDT,0.063980,0.064140,0.063780,0.063950,0.000010,0.015640,-0.046890,0.562676,53.046508,152,-46,-23.232323,52305.000000,-26237.000000,-33.405057,3346.050470,-1690.700540,-33.567284,40043.000000,2562.339900,783.710570,76.578041,54643628.000000,3490239.336773,-1432.000000,-0.002621,-26170.274227,-0.744233,1.977100,0.000000,0.000000,66.410000,33.590000,1.578400,-0.000500,-0.031668,61.220000,38.780000,2.241500,0.047600,2.169652,69.150000,30.850000,binance_kline_quote_asset_volume,0.000000,0.000000,0.000000,0.000000,OK
21,2026-06-11 01:00:00 UTC,AINUSDT,0.063950,0.064280,0.063910,0.064030,0.000080,0.125098,0.125098,0.578577,54.091309,253,101,66.447368,110483.000000,58178.000000,111.228372,7079.003310,3732.952840,111.562957,39344.000000,2521.945000,4557.058310,35.625707,54658463.000000,3493768.954960,14835.000000,0.027149,3529.618187,0.101128,2.003900,0.026800,1.355521,66.710000,33.290000,1.578500,0.000100,0.006336,61.220000,38.780000,2.234200,-0.007300,-0.325675,69.080000,30.920000,binance_kline_quote_asset_volume,0.000000,0.000000,0.000000,0.000000,OK
22,2026-06-11 01:15:00 UTC,AINUSDT,0.064090,0.064090,0.063520,0.063710,-0.000320,-0.499766,-0.592916,0.889374,49.359960,284,31,12.252964,142844.000000,32361.000000,29.290479,9096.763440,2017.760130,28.503449,65800.000000,4191.730040,4905.033400,46.079356,54659850.000000,3499870.195500,1387.000000,0.002538,6101.240540,0.174632,2.023000,0.019100,0.953141,66.920000,33.080000,1.578100,-0.000400,-0.025341,61.210000,38.790000,2.270100,0.035900,1.606839,69.420000,30.580000,binance_kline_quote_asset_volume,0.000000,0.000000,0.000000,0.000000,OK
23,2026-06-11 01:30:00 UTC,AINUSDT,0.063700,0.063790,0.063530,0.063590,-0.000120,-0.188353,-0.172684,0.408163,47.675845,148,-136,-47.887324,59949.000000,-82895.000000,-58.031839,3815.271050,-5281.492390,-58.059028,43701.000000,2781.584300,1033.686750,72.906597,54672574.000000,3482415.525892,12724.000000,0.023279,-17454.669608,-0.498723,2.063700,0.040700,2.011864,67.360000,32.640000,1.579400,0.001300,0.082378,61.230000,38.770000,2.269000,-0.001100,-0.048456,69.410000,30.590000,binance_kline_quote_asset_volume,0.000000,0.000000,0.000000,0.000000,OK
24,2026-06-11 01:45:00 UTC,AINUSDT,0.063580,0.063760,0.063530,0.063640,0.000050,0.078629,0.094369,0.361749,48.464839,183,35,23.648649,48921.000000,-11028.000000,-18.395636,3115.071670,-700.199380,-18.352546,20242.000000,1289.304050,1825.767620,41.389226,54699911.000000,3478367.340490,27337.000000,0.050001,-4048.185402,-0.116246,2.037700,-0.026000,-1.259873,67.080000,32.920000,1.578700,-0.000700,-0.044321,61.220000,38.780000,2.233100,-0.035900,-1.582195,69.070000,30.930000,binance_kline_quote_asset_volume,0.000000,0.000000,0.000000,0.000000,OK
25,2026-06-11 02:00:00 UTC,AINUSDT,0.063650,0.067790,0.063520,0.067250,0.003610,5.672533,5.655931,6.708562,76.277844,1895,1712,935.519126,1271549.000000,1222628.000000,2499.188488,83373.381290,80258.309620,2576.451463,780989.000000,51141.303080,32232.078210,61.340085,54702356.000000,3481177.523377,2445.000000,0.004470,2810.182887,0.080790,2.039500,0.001800,0.088335,67.100000,32.900000,1.578600,-0.000100,-0.006334,61.220000,38.780000,2.228900,-0.004200,-0.188079,69.030000,30.970000,binance_kline_quote_asset_volume,0.000000,0.000000,0.000000,0.000000,OK
26,2026-06-11 02:15:00 UTC,AINUSDT,0.067200,0.070640,0.066380,0.069720,0.002470,3.672862,3.750000,6.339286,83.027310,4130,2235,117.941953,2880595.000000,1609046.000000,126.542194,198190.134340,114816.753050,137.713922,1412395.000000,97236.567270,100953.567070,49.062264,54965159.000000,3694208.336390,262803.000000,0.480424,213030.813013,6.119504,1.901100,-0.138400,-6.785977,65.530000,34.470000,1.586900,0.008300,0.525782,61.340000,38.660000,2.105600,-0.123300,-5.531877,67.800000,32.200000,binance_kline_quote_asset_volume,0.000000,0.000000,0.000000,0.000000,OK
27,2026-06-11 02:30:00 UTC,AINUSDT,0.069740,0.070190,0.065820,0.067570,-0.002150,-3.083764,-3.111557,6.266131,65.545566,3108,-1022,-24.745763,1634780.000000,-1245815.000000,-43.248530,110298.891950,-87891.242390,-44.346931,681078.000000,45912.033400,64386.858550,41.625108,55178733.000000,3847598.153832,213574.000000,0.388563,153389.817442,4.152170,1.835300,-0.065800,-3.461154,64.730000,35.270000,1.587900,0.001000,0.063016,61.360000,38.640000,2.036700,-0.068900,-3.272226,67.070000,32.930000,binance_kline_quote_asset_volume,0.000000,0.000000,0.000000,0.000000,OK
28,2026-06-11 02:45:00 UTC,AINUSDT,0.067730,0.069160,0.066580,0.068040,0.000470,0.695575,0.457700,3.809243,67.172771,1413,-1695,-54.536680,615525.000000,-1019255.000000,-62.348145,41810.596040,-68488.295910,-62.093367,349962.000000,23795.140230,18015.455810,56.911746,54961176.000000,3713726.662320,-217557.000000,-0.394277,-133871.491512,-3.479352,1.937700,0.102400,5.579469,65.960000,34.040000,1.588200,0.000300,0.018893,61.360000,38.640000,2.170600,0.133900,6.574360,68.460000,31.540000,binance_kline_quote_asset_volume,0.000000,0.000000,0.000000,0.000000,OK
29,2026-06-11 03:00:00 UTC,AINUSDT,0.068050,0.070390,0.067060,0.067670,-0.000370,-0.543798,-0.558413,4.893461,64.586767,1891,478,33.828733,880450.000000,264925.000000,43.040494,60026.017810,18215.421770,43.566520,379566.000000,25956.874560,34069.143250,43.242706,54917768.000000,3742135.153958,-43408.000000,-0.078979,28408.491638,0.764959,1.924000,-0.013700,-0.707024,65.800000,34.200000,1.592100,0.003900,0.245561,61.420000,38.580000,2.135800,-0.034800,-1.603243,68.110000,31.890000,binance_kline_quote_asset_volume,0.000000,0.000000,0.000000,0.000000,OK
30,2026-06-11 03:15:00 UTC,AINUSDT,0.067620,0.070010,0.065870,0.069260,0.001590,2.349638,2.425318,6.122449,69.941975,2553,662,35.007932,1842803.000000,962353.000000,109.302402,125116.765430,65090.747620,108.437558,1103144.000000,75149.095230,49967.670200,60.063170,55101197.000000,3728698.000990,183429.000000,0.334007,-13437.152968,-0.359077,1.905300,-0.018700,-0.971933,65.580000,34.420000,1.595700,0.003600,0.226116,61.470000,38.530000,2.106600,-0.029200,-1.367169,67.810000,32.190000,binance_kline_quote_asset_volume,0.000000,0.000000,0.000000,0.000000,OK
31,2026-06-11 03:30:00 UTC,AINUSDT,0.069380,0.075140,0.069290,0.073000,0.003740,5.399942,5.217642,8.431825,78.267056,4988,2435,95.377987,2594025.000000,751222.000000,40.765182,187954.512510,62837.747080,50.223283,1462982.000000,106037.200400,81917.312110,56.416416,55643494.000000,3852956.954008,542297.000000,0.984184,124258.953018,3.332502,1.830500,-0.074800,-3.925891,64.670000,35.330000,1.576100,-0.019600,-1.228301,61.180000,38.820000,2.034000,-0.072600,-3.446312,67.040000,32.960000,binance_kline_quote_asset_volume,0.000000,0.000000,0.000000,0.000000,OK
32,2026-06-11 03:45:00 UTC,AINUSDT,0.072930,0.078730,0.072700,0.075240,0.002240,3.068493,3.167421,8.268202,81.561067,6864,1876,37.610265,3620827.000000,1026802.000000,39.583350,276629.463310,88674.950800,47.178942,1646821.000000,126175.065370,150454.397940,45.611579,55294099.000000,4044302.189064,-349395.000000,-0.627917,191345.235056,4.966192,1.736000,-0.094500,-5.162524,63.450000,36.550000,1.593300,0.017200,1.091301,61.440000,38.560000,1.970900,-0.063100,-3.102262,66.340000,33.660000,binance_kline_quote_asset_volume,0.000000,0.000000,0.000000,0.000000,OK
33,2026-06-11 04:00:00 UTC,AINUSDT,0.075370,0.078390,0.073580,0.073990,-0.001250,-1.661350,-1.830967,6.381850,74.752168,3659,-3205,-46.692890,1543353.000000,-2077474.000000,-57.375677,116203.939430,-160425.523880,-57.992927,700466.000000,52973.527120,63230.412310,45.586688,55466242.000000,4180149.542152,172143.000000,0.311323,135847.353087,3.358981,1.648300,-0.087700,-5.051843,62.240000,37.760000,1.603600,0.010300,0.646457,61.590000,38.410000,1.886000,-0.084900,-4.307677,65.350000,34.650000,binance_kline_quote_asset_volume,0.000000,0.000000,0.000000,0.000000,OK
34,2026-06-11 04:15:00 UTC,AINUSDT,0.074040,0.074980,0.072610,0.074060,0.000070,0.094607,0.027012,3.200972,74.878645,5333,1674,45.750205,2512265.000000,968912.000000,62.779675,185241.505650,69037.566220,59.410693,1311150.000000,96728.816800,88512.688850,52.217680,55507814.000000,4100295.055725,41572.000000,0.074950,-79854.486427,-1.910326,1.684600,0.036300,2.202269,62.750000,37.250000,1.598300,-0.005300,-0.330506,61.510000,38.490000,1.932600,0.046600,2.470838,65.900000,34.100000,binance_kline_quote_asset_volume,0.000000,0.000000,0.000000,0.000000,OK
35,2026-06-11 04:30:00 UTC,AINUSDT,0.074060,0.074410,0.073220,0.073350,-0.000710,-0.958682,-0.958682,1.606805,70.993992,860,-4473,-83.873992,305236.000000,-2207029.000000,-87.850167,22544.659150,-162696.846500,-87.829585,170037.000000,12571.030640,9973.628510,55.760571,55481604.000000,4102894.575866,-26210.000000,-0.047219,2599.520141,0.063398,1.687400,0.002800,0.166212,62.790000,37.210000,1.583500,-0.014800,-0.925984,61.290000,38.710000,1.939400,0.006800,0.351858,65.980000,34.020000,binance_kline_quote_asset_volume,0.000000,0.000000,0.000000,0.000000,OK
36,2026-06-11 04:45:00 UTC,AINUSDT,0.073380,0.076660,0.073380,0.074820,0.001470,2.004090,1.962388,4.469883,74.001372,1954,1094,127.209302,856159.000000,550923.000000,180.490833,64208.953120,41664.293970,184.807824,451375.000000,33860.525460,30348.427660,52.734897,55517226.000000,4072188.527100,35622.000000,0.064205,-30706.048766,-0.748400,1.729300,0.041900,2.483110,63.360000,36.640000,1.584600,0.001100,0.069466,61.310000,38.690000,1.959500,0.020100,1.036403,66.210000,33.790000,binance_kline_quote_asset_volume,0.000000,0.000000,0.000000,0.000000,OK
37,2026-06-11 05:00:00 UTC,AINUSDT,0.074790,0.074890,0.073490,0.074140,-0.000680,-0.908848,-0.869100,1.871908,70.366870,926,-1028,-52.610031,295490.000000,-560669.000000,-65.486551,21901.872330,-42307.080790,-65.889691,104199.000000,7726.828440,14175.043890,35.279305,55447208.000000,4148560.102560,-70018.000000,-0.126119,76371.575460,1.875443,1.721800,-0.007500,-0.433701,63.260000,36.740000,1.588800,0.004200,0.265051,61.370000,38.630000,1.974400,0.014900,0.760398,66.380000,33.620000,binance_kline_quote_asset_volume,0.000000,0.000000,0.000000,0.000000,OK
38,2026-06-11 05:15:00 UTC,AINUSDT,0.074130,0.074920,0.073900,0.074760,0.000620,0.836256,0.849858,1.375961,71.730183,638,-288,-31.101512,179997.000000,-115493.000000,-39.085248,13374.418730,-8527.453600,-38.934816,100930.000000,7501.986240,5872.432490,56.092054,55446706.000000,4106787.807314,-502.000000,-0.000905,-41772.295246,-1.006911,1.697600,-0.024200,-1.405506,62.930000,37.070000,1.586800,-0.002000,-0.125881,61.340000,38.660000,1.936000,-0.038400,-1.944895,65.940000,34.060000,binance_kline_quote_asset_volume,0.000000,0.000000,0.000000,0.000000,OK
39,2026-06-11 05:30:00 UTC,AINUSDT,0.074770,0.078610,0.074670,0.075970,0.001210,1.618513,1.604922,5.269493,74.222678,2571,1933,302.978056,1315652.000000,1135655.000000,630.929960,100375.877600,87001.458870,650.506468,804048.000000,61391.092320,38984.785280,61.161201,55454141.000000,4145751.581160,7435.000000,0.013409,38963.773846,0.948765,1.672400,-0.025200,-1.484449,62.580000,37.420000,1.586400,-0.000400,-0.025208,61.340000,38.660000,1.888500,-0.047500,-2.453512,65.380000,34.620000,binance_kline_quote_asset_volume,0.000000,0.000000,0.000000,0.000000,OK
40,2026-06-11 05:45:00 UTC,AINUSDT,0.075990,0.076500,0.074240,0.075260,-0.000710,-0.934579,-0.960653,2.974076,70.305629,1433,-1138,-44.262933,741548.000000,-574104.000000,-43.636463,55706.502280,-44669.375320,-44.502102,269015.000000,20221.489100,35485.013180,36.300052,55556578.000000,4217778.178117,102437.000000,0.184724,72026.596957,1.737359,1.694700,0.022300,1.333413,62.890000,37.110000,1.585000,-0.001400,-0.088250,61.320000,38.680000,1.916300,0.027800,1.472068,65.710000,34.290000,binance_kline_quote_asset_volume,0.000000,0.000000,0.000000,0.000000,OK
41,2026-06-11 06:00:00 UTC,AINUSDT,0.075350,0.075890,0.074630,0.075650,0.000390,0.518204,0.398142,1.672196,71.204581,847,-586,-40.893231,297324.000000,-444224.000000,-59.904956,22390.364150,-33316.138130,-59.806552,146702.000000,11062.969440,11327.394710,49.409511,55494733.000000,4175423.710920,-61845.000000,-0.111319,-42354.467197,-1.004189,1.739000,0.044300,2.614032,63.490000,36.510000,1.582200,-0.002800,-0.176656,61.270000,38.730000,1.978900,0.062600,3.266712,66.430000,33.570000,binance_kline_quote_asset_volume,0.000000,0.000000,0.000000,0.000000,OK
42,2026-06-11 06:15:00 UTC,AINUSDT,0.075730,0.075890,0.073230,0.073680,-0.001970,-2.604098,-2.706985,3.512479,61.136446,1308,461,54.427391,780084.000000,482760.000000,162.368325,57943.928890,35553.564740,158.789578,298131.000000,22186.839420,35757.089470,38.290188,55548629.000000,4202253.783850,53896.000000,0.097119,26830.072930,0.642571,1.730000,-0.009000,-0.517539,63.370000,36.630000,1.579400,-0.002800,-0.176969,61.230000,38.770000,1.972700,-0.006200,-0.313305,66.360000,33.640000,binance_kline_quote_asset_volume,0.000000,0.000000,0.000000,0.000000,OK
43,2026-06-11 06:30:00 UTC,AINUSDT,0.073710,0.074390,0.073170,0.073390,-0.000290,-0.393594,-0.434134,1.655135,59.796059,775,-533,-40.749235,408786.000000,-371298.000000,-47.597182,30176.212940,-27767.715950,-47.921700,165105.000000,12204.215560,17971.997380,40.443165,55433311.000000,4078307.959905,-115318.000000,-0.207598,-123945.823945,-2.949508,1.785500,0.055500,3.208092,64.100000,35.900000,1.580700,0.001300,0.082310,61.250000,38.750000,2.016600,0.043900,2.225376,66.850000,33.150000,binance_kline_quote_asset_volume,0.000000,0.000000,0.000000,0.000000,OK
44,2026-06-11 06:45:00 UTC,AINUSDT,0.073470,0.073760,0.072690,0.073430,0.000040,0.054503,-0.054444,1.456377,59.926566,1169,394,50.838710,762502.000000,353716.000000,86.528404,55780.117090,25603.904150,84.847970,330701.000000,24218.887710,31561.229380,43.418496,55387612.000000,4064896.844680,-45699.000000,-0.082440,-13411.115225,-0.328840,1.787300,0.001800,0.100812,64.130000,35.880000,1.584100,0.003400,0.215095,61.300000,38.700000,2.018400,0.001800,0.089259,66.870000,33.130000,binance_kline_quote_asset_volume,0.000000,0.000000,0.000000,0.000000,OK
45,2026-06-11 07:00:00 UTC,AINUSDT,0.073390,0.073770,0.072150,0.072330,-0.001100,-1.498025,-1.444338,2.207385,54.670785,1118,-51,-4.362703,519392.000000,-243110.000000,-31.883195,37757.472240,-18022.644850,-32.310160,201698.000000,14685.387250,23072.084990,38.893989,55283699.000000,4061140.528540,-103913.000000,-0.187611,-3756.316140,-0.092409,1.778500,-0.008800,-0.492363,64.010000,35.990000,1.582600,-0.001500,-0.094691,61.280000,38.720000,2.001200,-0.017200,-0.852160,66.680000,33.320000,binance_kline_quote_asset_volume,0.000000,0.000000,0.000000,0.000000,OK
46,2026-06-11 07:15:00 UTC,AINUSDT,0.072380,0.072980,0.072080,0.072980,0.000650,0.898659,0.828958,1.243437,57.066941,400,-718,-64.221825,165945.000000,-353447.000000,-68.050143,12021.006480,-25736.465760,-68.162576,117250.000000,8498.275880,3522.730600,70.695211,55336596.000000,4002030.607908,52897.000000,0.095683,-59109.920632,-1.455500,1.857100,0.078600,4.419455,65.000000,35.000000,1.585300,0.002700,0.170605,61.320000,38.680000,2.067500,0.066300,3.313012,67.400000,32.600000,binance_kline_quote_asset_volume,0.000000,0.000000,0.000000,0.000000,OK
47,2026-06-11 07:30:00 UTC,AINUSDT,0.072890,0.073180,0.072320,0.072530,-0.000450,-0.616607,-0.493895,1.179860,54.903137,300,-100,-25.000000,213163.000000,47218.000000,28.454006,15507.083330,3486.076850,28.999875,51366.000000,3735.144650,11771.938680,24.086700,55310292.000000,4031567.183880,-26304.000000,-0.047535,29536.575972,0.738040,1.817700,-0.039400,-2.121587,64.510000,35.490000,1.584000,-0.001300,-0.082003,61.300000,38.700000,2.021100,-0.046400,-2.244256,66.900000,33.100000,binance_kline_quote_asset_volume,0.000000,0.000000,0.000000,0.000000,OK
48,2026-06-11 07:45:00 UTC,AINUSDT,0.072490,0.073590,0.072300,0.073370,0.000840,1.158141,1.213961,1.779556,58.097093,1059,759,253.000000,666349.000000,453186.000000,212.600686,48701.627860,33194.544530,214.060528,352686.000000,25796.046220,22905.581640,52.967524,55311124.000000,4006844.019918,832.000000,0.001504,-24723.163962,-0.613240,1.833700,0.016000,0.880233,64.710000,35.290000,1.588100,0.004100,0.258838,61.360000,38.640000,2.032100,0.011000,0.544258,67.020000,32.980000,binance_kline_quote_asset_volume,0.000000,0.000000,0.000000,0.000000,OK
49,2026-06-11 08:00:00 UTC,AINUSDT,0.073300,0.074460,0.072800,0.074230,0.000860,1.172141,1.268759,2.264666,61.132215,900,-159,-15.014164,662687.000000,-3662.000000,-0.549562,48905.970340,204.342480,0.419580,188251.000000,13882.661220,35023.309120,28.386434,55446937.000000,4063454.283636,135813.000000,0.245544,56610.263718,1.412839,1.770100,-0.063600,-3.468397,63.900000,36.100000,1.594900,0.006800,0.428185,61.460000,38.540000,1.963800,-0.068300,-3.361055,66.260000,33.740000,binance_kline_quote_asset_volume,0.000000,0.000000,0.000000,0.000000,OK
50,2026-06-11 08:15:00 UTC,AINUSDT,0.074230,0.075490,0.073940,0.074360,0.000130,0.175131,0.175131,2.088105,61.585175,893,-7,-0.777778,342371.000000,-320316.000000,-48.335941,25498.509980,-23407.460360,-47.862173,192755.000000,14376.093440,11122.416540,56.380131,55712493.000000,4135538.355390,265556.000000,0.478937,72084.071754,1.773960,1.777800,0.007700,0.435004,64.000000,36.000000,1.600800,0.005900,0.369929,61.550000,38.450000,1.970900,0.007100,0.361544,66.340000,33.660000,binance_kline_quote_asset_volume,0.000000,0.000000,0.000000,0.000000,OK
51,2026-06-11 08:30:00 UTC,AINUSDT,0.074320,0.074360,0.073730,0.074230,-0.000130,-0.174825,-0.121098,0.847686,60.821841,332,-561,-62.821948,97039.000000,-245332.000000,-71.656770,7182.771020,-18315.738960,-71.830625,40936.000000,3030.775520,4151.995500,42.195074,55745735.000000,4138952.471630,33242.000000,0.059667,3414.116240,0.082556,1.776200,-0.001600,-0.089999,63.980000,36.020000,1.599500,-0.001300,-0.081209,61.530000,38.470000,1.980600,0.009700,0.492161,66.450000,33.550000,binance_kline_quote_asset_volume,0.000000,0.000000,0.000000,0.000000,OK
52,2026-06-11 08:45:00 UTC,AINUSDT,0.074160,0.075130,0.074080,0.074810,0.000580,0.781355,0.876483,1.415858,63.023901,650,318,95.783133,216194.000000,119155.000000,122.790837,16123.629390,8940.858370,124.476450,115062.000000,8581.845570,7541.783820,53.225272,55712004.000000,4128770.375477,-33731.000000,-0.060509,-10182.096154,-0.246007,1.749500,-0.026700,-1.503209,63.630000,36.370000,1.600000,0.000500,0.031260,61.540000,38.460000,1.959500,-0.021100,-1.065334,66.210000,33.790000,binance_kline_quote_asset_volume,0.000000,0.000000,0.000000,0.000000,OK
53,2026-06-11 09:00:00 UTC,AINUSDT,0.074680,0.075180,0.074330,0.074840,0.000030,0.040102,0.214247,1.138190,63.139306,316,-334,-51.384615,124511.000000,-91683.000000,-42.407745,9304.585130,-6819.044260,-42.292241,66792.000000,4993.153910,4311.431220,53.663370,55694365.000000,4162801.238420,-17639.000000,-0.031661,34030.862943,0.824237,1.733000,-0.016500,-0.943127,63.410000,36.590000,1.600900,0.000900,0.056250,61.550000,38.450000,1.923100,-0.036400,-1.857617,65.790000,34.210000,binance_kline_quote_asset_volume,0.000000,0.000000,0.000000,0.000000,OK
54,2026-06-11 09:15:00 UTC,AINUSDT,0.074800,0.075590,0.074440,0.075420,0.000580,0.774987,0.828877,1.537433,65.388454,509,193,61.075949,212281.000000,87770.000000,70.491764,15922.270560,6617.685430,71.122843,120560.000000,9055.700180,6866.570380,56.874427,55680002.000000,4167091.349680,-14363.000000,-0.025789,4290.111260,0.103058,1.733700,0.000700,0.040392,63.420000,36.580000,1.600200,-0.000700,-0.043725,61.540000,38.460000,1.931700,0.008600,0.447195,65.890000,34.110000,binance_kline_quote_asset_volume,0.000000,0.000000,0.000000,0.000000,OK
55,2026-06-11 09:30:00 UTC,AINUSDT,0.075380,0.077120,0.075010,0.075230,-0.000190,-0.251923,-0.198992,2.799151,64.010558,1723,1214,238.506876,1143549.000000,931268.000000,438.695880,86996.200630,71073.930070,446.380620,533136.000000,40473.529890,46522.670740,46.523330,55695771.000000,4198750.455362,15769.000000,0.028321,31659.105682,0.759741,1.724800,-0.008900,-0.513353,63.300000,36.700000,1.601100,0.000900,0.056243,61.550000,38.450000,1.915500,-0.016200,-0.838640,65.700000,34.300000,binance_kline_quote_asset_volume,0.000000,0.000000,0.000000,0.000000,OK
56,2026-06-11 09:45:00 UTC,AINUSDT,0.075320,0.077070,0.075320,0.076940,0.001710,2.273029,2.150823,2.323420,70.114413,611,-1112,-64.538595,288821.000000,-854728.000000,-74.743452,22064.435640,-64931.764990,-74.637472,144079.000000,10981.301790,11083.133850,49.769239,55814904.000000,4203577.818269,119133.000000,0.213900,4827.362907,0.114971,1.765500,0.040700,2.359694,63.840000,36.160000,1.598900,-0.002200,-0.137406,61.520000,38.480000,1.998500,0.083000,4.333072,66.650000,33.350000,binance_kline_quote_asset_volume,0.000000,0.000000,0.000000,0.000000,OK
57,2026-06-11 10:00:00 UTC,AINUSDT,0.076920,0.078490,0.076800,0.078250,0.001310,1.702625,1.729069,2.197088,73.782801,1421,810,132.569558,824002.000000,535181.000000,185.298507,64117.260970,42052.825330,190.590985,382001.000000,29694.652140,34422.608830,46.313039,55828660.000000,4295410.762612,13756.000000,0.024646,91832.944343,2.184638,1.755600,-0.009900,-0.560748,63.710000,36.290000,1.602300,0.003400,0.212646,61.570000,38.430000,1.950700,-0.047800,-2.391794,66.110000,33.890000,binance_kline_quote_asset_volume,0.000000,0.000000,0.000000,0.000000,OK
58,2026-06-11 10:15:00 UTC,AINUSDT,0.078330,0.080390,0.078300,0.080380,0.002130,2.722045,2.617133,2.668199,78.420898,1812,391,27.515834,1246553.000000,422551.000000,51.280337,99030.200860,34912.939890,54.451702,783206.000000,62213.952500,36816.248360,62.823211,55868964.000000,4371746.433000,40304.000000,0.072192,76335.670388,1.777145,1.751000,-0.004600,-0.262019,63.650000,36.350000,1.600800,-0.001500,-0.093615,61.550000,38.450000,1.953300,0.002600,0.133285,66.140000,33.860000,binance_kline_quote_asset_volume,0.000000,0.000000,0.000000,0.000000,OK
59,2026-06-11 10:30:00 UTC,AINUSDT,0.080360,0.080620,0.078610,0.079030,-0.001350,-1.679522,-1.655052,2.501244,69.971712,2060,248,13.686534,1210275.000000,-36278.000000,-2.910265,96198.818740,-2831.382120,-2.859110,479759.000000,38138.632600,58060.186140,39.645635,55986337.000000,4497374.053259,117373.000000,0.210086,125627.620259,2.873625,1.730000,-0.021000,-1.199315,63.370000,36.630000,1.596200,-0.004600,-0.287356,61.480000,38.520000,1.938600,-0.014700,-0.752573,65.970000,34.030000,binance_kline_quote_asset_volume,0.000000,0.000000,0.000000,0.000000,OK
60,2026-06-11 10:45:00 UTC,AINUSDT,0.078930,0.079250,0.077050,0.078940,-0.000090,-0.113881,0.012669,2.787280,69.434615,1511,-549,-26.650485,987945.000000,-222330.000000,-18.370205,77167.834720,-19030.984020,-19.782971,375583.000000,29351.860230,47815.974490,38.036392,55881411.000000,4404559.403481,-104926.000000,-0.187414,-92814.649778,-2.063752,1.710800,-0.019200,-1.109827,63.110000,36.890000,1.597500,0.001300,0.081443,61.500000,38.500000,1.918900,-0.019700,-1.016197,65.740000,34.260000,binance_kline_quote_asset_volume,0.000000,0.000000,0.000000,0.000000,OK
61,2026-06-11 11:00:00 UTC,AINUSDT,0.078920,0.079160,0.078630,0.078940,0.000000,0.000000,0.025342,0.671566,69.434615,481,-1030,-68.166777,167308.000000,-820637.000000,-83.065049,13201.259680,-63966.575040,-82.892795,82708.000000,6530.989550,6670.270130,49.472472,55980575.000000,4419106.590500,99164.000000,0.177454,14547.187019,0.330276,1.710000,-0.000800,-0.046762,63.100000,36.900000,1.597700,0.000200,0.012520,61.500000,38.500000,1.896000,-0.022900,-1.193392,65.470000,34.530000,binance_kline_quote_asset_volume,0.000000,0.000000,0.000000,0.000000,OK
62,2026-06-11 11:15:00 UTC,AINUSDT,0.078930,0.081500,0.078880,0.081040,0.002100,2.660248,2.673255,3.319397,74.691642,1546,1065,221.413721,933617.000000,766309.000000,458.022928,75256.022440,62054.762760,470.066980,584736.000000,47091.591110,28164.431330,62.575179,56011952.000000,4419869.525149,31377.000000,0.056050,762.934649,0.017264,1.730700,0.020700,1.210526,63.380000,36.620000,1.598100,0.000400,0.025036,61.510000,38.490000,1.899400,0.003400,0.179325,65.510000,34.490000,binance_kline_quote_asset_volume,0.000000,0.000000,0.000000,0.000000,OK
63,2026-06-11 11:30:00 UTC,AINUSDT,0.081040,0.081730,0.080620,0.081230,0.000190,0.234452,0.234452,1.369694,75.108776,1660,114,7.373868,844014.000000,-89603.000000,-9.597405,68584.444320,-6671.578120,-8.865175,392584.000000,31933.209900,36651.234420,46.560427,55997277.000000,4538019.328080,-14675.000000,-0.026200,118149.802931,2.673151,1.696100,-0.034600,-1.999191,62.910000,37.090000,1.596900,-0.001200,-0.075089,61.490000,38.510000,1.892700,-0.006700,-0.352743,65.430000,34.570000,binance_kline_quote_asset_volume,0.000000,0.000000,0.000000,0.000000,OK
64,2026-06-11 11:45:00 UTC,AINUSDT,0.081220,0.082680,0.079150,0.080720,-0.000510,-0.627847,-0.615612,4.346220,71.692998,3358,1698,102.289157,2669013.000000,1824999.000000,216.228522,215388.301640,146803.857320,214.048329,1224147.000000,99051.152020,116337.149620,45.987248,55935774.000000,4543360.309483,-61503.000000,-0.109832,5340.981403,0.117694,1.744200,0.048100,2.835918,63.560000,36.440000,1.594800,-0.002100,-0.131505,61.460000,38.540000,1.949000,0.056300,2.974587,66.090000,33.910000,binance_kline_quote_asset_volume,0.000000,0.000000,0.000000,0.000000,OK
65,2026-06-11 12:00:00 UTC,AINUSDT,0.080700,0.080950,0.074980,0.076450,-0.004270,-5.289891,-5.266419,7.397770,50.844143,4033,675,20.101251,2621300.000000,-47713.000000,-1.787665,204853.495860,-10534.805780,-4.891076,931680.000000,72911.064360,131942.431500,35.591809,55966273.000000,4513120.254720,30499.000000,0.054525,-30240.054763,-0.665588,1.801100,0.056900,3.262241,64.300000,35.700000,1.590200,-0.004600,-0.288437,61.390000,38.610000,1.972700,0.023700,1.216008,66.360000,33.640000,binance_kline_quote_asset_volume,0.000000,0.000000,0.000000,0.000000,OK
66,2026-06-11 12:15:00 UTC,AINUSDT,0.076490,0.078480,0.075200,0.077310,0.000860,1.124918,1.072036,4.288142,53.760710,2938,-1095,-27.151004,1570080.000000,-1051220.000000,-40.103002,120611.939600,-84241.556260,-41.122831,788851.000000,60709.955490,59901.984110,50.334947,55699705.000000,4266976.717991,-266568.000000,-0.476301,-246143.536729,-5.453955,1.942900,0.141800,7.872967,66.020000,33.980000,1.584700,-0.005500,-0.345868,61.310000,38.690000,2.106600,0.133900,6.787651,67.810000,32.190000,binance_kline_quote_asset_volume,0.000000,0.000000,0.000000,0.000000,OK
67,2026-06-11 12:30:00 UTC,AINUSDT,0.077290,0.078270,0.076710,0.077950,0.000640,0.827836,0.853927,2.018372,55.859643,1522,-1416,-48.196052,763984.000000,-806096.000000,-51.341078,59140.813450,-61471.126150,-50.966037,271333.000000,21015.843360,38124.970090,35.535263,55372526.000000,4280849.985060,-327179.000000,-0.587398,13873.267069,0.325131,1.812900,-0.130000,-6.691029,64.450000,35.550000,1.593300,0.008600,0.542689,61.440000,38.560000,2.000300,-0.106300,-5.046046,66.670000,33.330000,binance_kline_quote_asset_volume,0.000000,0.000000,0.000000,0.000000,OK
68,2026-06-11 12:45:00 UTC,AINUSDT,0.077950,0.078080,0.076930,0.076990,-0.000960,-1.231559,-1.231559,1.475305,52.043457,828,-694,-45.597898,375298.000000,-388686.000000,-50.876196,29028.628520,-30112.184930,-50.916082,93213.000000,7222.056020,21806.572500,24.879081,55335667.000000,4313415.242650,-36859.000000,-0.066566,32565.257590,0.760719,1.804300,-0.008600,-0.474378,64.340000,35.660000,1.597300,0.004000,0.251051,61.500000,38.500000,1.996700,-0.003600,-0.179973,66.630000,33.370000,binance_kline_quote_asset_volume,0.000000,0.000000,0.000000,0.000000,OK
69,2026-06-11 13:00:00 UTC,AINUSDT,0.077000,0.078030,0.076810,0.077730,0.000740,0.961164,0.948052,1.584416,54.617215,724,-104,-12.560386,245433.000000,-129865.000000,-34.603169,18986.611100,-10042.017420,-34.593496,116429.000000,9006.134750,9980.476350,47.434135,55342798.000000,4267568.935117,7131.000000,0.012887,-45846.307533,-1.062877,1.815300,0.011000,0.609655,64.480000,35.520000,1.600200,0.002900,0.181556,61.540000,38.460000,1.995800,-0.000900,-0.045074,66.620000,33.380000,binance_kline_quote_asset_volume,0.000000,0.000000,0.000000,0.000000,OK
70,2026-06-11 13:15:00 UTC,AINUSDT,0.077730,0.079480,0.077610,0.077840,0.000110,0.141516,0.141516,2.405764,55.003797,943,219,30.248619,493992.000000,248559.000000,101.273667,38764.748110,19778.137010,104.168864,294585.000000,23132.373100,15632.375010,59.673735,55323480.000000,4300294.100400,-19318.000000,-0.034906,32725.165283,0.766834,1.794900,-0.020400,-1.123781,64.220000,35.780000,1.600600,0.000400,0.024997,61.550000,38.450000,1.986000,-0.009800,-0.491031,66.510000,33.490000,binance_kline_quote_asset_volume,0.000000,0.000000,0.000000,0.000000,OK
71,2026-06-11 13:30:00 UTC,AINUSDT,0.077840,0.078800,0.077610,0.078150,0.000310,0.398253,0.398253,1.528777,56.137749,614,-329,-34.888653,320673.000000,-173319.000000,-35.085386,25059.224420,-13705.523690,-35.355637,95496.000000,7462.067040,17597.157380,29.777725,55356457.000000,4301295.796958,32977.000000,0.059608,1001.696558,0.023294,1.755600,-0.039300,-2.189537,63.710000,36.290000,1.607100,0.006500,0.406098,61.640000,38.360000,1.938600,-0.047400,-2.386707,65.970000,34.030000,binance_kline_quote_asset_volume,0.000000,0.000000,0.000000,0.000000,OK
72,2026-06-11 13:45:00 UTC,AINUSDT,0.078220,0.079030,0.077570,0.078650,0.000500,0.639795,0.549732,1.866530,57.977236,612,-2,-0.325733,237066.000000,-83607.000000,-26.072354,18554.856560,-6504.367860,-25.955982,135013.000000,10585.247970,7969.608590,57.048396,55327032.000000,4323807.550800,-29425.000000,-0.053155,22511.753842,0.523371,1.776200,0.020600,1.173388,63.980000,36.020000,1.608300,0.001200,0.074669,61.660000,38.340000,1.966500,0.027900,1.439183,66.290000,33.710000,binance_kline_quote_asset_volume,0.000000,0.000000,0.000000,0.000000,OK
73,2026-06-11 14:00:00 UTC,AINUSDT,0.078510,0.079270,0.077860,0.078090,-0.000560,-0.712015,-0.534964,1.795950,55.185750,647,35,5.718954,370855.000000,133789.000000,56.435339,29111.990700,10557.134140,56.896878,217114.000000,17037.715990,12074.274710,58.524737,55315718.000000,4343390.177360,-11314.000000,-0.020449,19582.626560,0.452902,1.764000,-0.012200,-0.686860,63.820000,36.180000,1.606500,-0.001800,-0.111919,61.630000,38.370000,1.949900,-0.016600,-0.844139,66.100000,33.900000,binance_kline_quote_asset_volume,0.000000,0.000000,0.000000,0.000000,OK
74,2026-06-11 14:15:00 UTC,AINUSDT,0.078010,0.078510,0.077440,0.078350,0.000260,0.332949,0.435842,1.371619,56.239246,467,-180,-27.820711,176374.000000,-194481.000000,-52.441251,13739.674390,-15372.316310,-52.804071,89682.000000,6991.121580,6748.552810,50.882731,55274527.000000,4313757.851435,-41191.000000,-0.074465,-29632.325925,-0.682240,1.771600,0.007600,0.430839,63.920000,36.080000,1.603900,-0.002600,-0.161843,61.600000,38.400000,1.948100,-0.001800,-0.092312,66.080000,33.920000,binance_kline_quote_asset_volume,0.000000,0.000000,0.000000,0.000000,OK
75,2026-06-11 14:30:00 UTC,AINUSDT,0.078350,0.079080,0.078310,0.078500,0.000150,0.191449,0.191449,0.982770,56.869197,584,117,25.053533,237795.000000,61421.000000,34.824294,18704.348690,4964.674300,36.133857,98343.000000,7738.662940,10965.685750,41.373603,55249914.000000,4328830.761900,-24613.000000,-0.044529,15072.910465,0.349415,1.745000,-0.026600,-1.501468,63.570000,36.430000,1.602900,-0.001000,-0.062348,61.580000,38.420000,1.922300,-0.025800,-1.324367,65.780000,34.220000,binance_kline_quote_asset_volume,0.000000,0.000000,0.000000,0.000000,OK
76,2026-06-11 14:45:00 UTC,AINUSDT,0.078520,0.079040,0.078290,0.078340,-0.000160,-0.203822,-0.229241,0.955171,55.944095,482,-102,-17.465753,224774.000000,-13021.000000,-5.475725,17700.592540,-1003.756150,-5.366432,71817.000000,5654.372310,12046.220230,31.944537,55237947.000000,4335900.440247,-11967.000000,-0.021660,7069.678347,0.163316,1.766300,0.021300,1.220630,63.850000,36.150000,1.603000,0.000100,0.006239,61.580000,38.420000,1.943800,0.021500,1.118452,66.030000,33.970000,binance_kline_quote_asset_volume,0.000000,0.000000,0.000000,0.000000,OK
77,2026-06-11 15:00:00 UTC,AINUSDT,0.078340,0.078700,0.078010,0.078420,0.000080,0.102119,0.102119,0.880776,56.326641,445,-37,-7.676349,176266.000000,-48508.000000,-21.580788,13798.847000,-3901.745540,-22.043022,65366.000000,5118.700410,8680.146590,37.095131,55228760.000000,4326621.058400,-9187.000000,-0.016632,-9279.381847,-0.214013,1.784000,0.017700,1.002095,64.080000,35.920000,1.605500,0.002500,0.155958,61.620000,38.380000,1.963800,0.020000,1.028912,66.260000,33.740000,binance_kline_quote_asset_volume,0.000000,0.000000,0.000000,0.000000,OK
78,2026-06-11 15:15:00 UTC,AINUSDT,0.078460,0.079140,0.078400,0.079110,0.000690,0.879878,0.828448,0.943156,59.586160,478,33,7.415730,166690.000000,-9576.000000,-5.432698,13135.768750,-663.078250,-4.805316,75722.000000,5968.111850,7167.656900,45.434051,55216575.000000,4330083.811500,-12185.000000,-0.022063,3462.753100,0.080034,1.781600,-0.002400,-0.134529,64.050000,35.950000,1.605600,0.000100,0.006229,61.620000,38.380000,1.960300,-0.003500,-0.178226,66.220000,33.780000,binance_kline_quote_asset_volume,0.000000,0.000000,0.000000,0.000000,OK
79,2026-06-11 15:30:00 UTC,AINUSDT,0.079150,0.079460,0.078950,0.079390,0.000280,0.353938,0.303222,0.644346,60.862662,420,-58,-12.133891,183736.000000,17046.000000,10.226168,14543.047510,1407.278760,10.713334,80686.000000,6394.057090,8148.990420,43.966418,55229072.000000,4367649.220405,12497.000000,0.022633,37565.408905,0.867545,1.760900,-0.020700,-1.161877,63.780000,36.220000,1.606500,0.000900,0.056054,61.630000,38.370000,1.933400,-0.026900,-1.372239,65.910000,34.090000,binance_kline_quote_asset_volume,0.000000,0.000000,0.000000,0.000000,OK
80,2026-06-11 15:45:00 UTC,AINUSDT,0.079450,0.080000,0.078410,0.079230,-0.000160,-0.201537,-0.276904,2.001259,59.702206,1191,771,183.571429,613950.000000,430214.000000,234.147908,48600.903280,34057.855770,234.186512,222187.000000,17631.248250,30969.655030,36.277614,55247597.000000,4382239.394040,18525.000000,0.033542,14590.173635,0.334051,1.740500,-0.020400,-1.158498,63.510000,36.490000,1.607100,0.000600,0.037348,61.640000,38.360000,1.936900,0.003500,0.181028,65.950000,34.050000,binance_kline_quote_asset_volume,0.000000,0.000000,0.000000,0.000000,OK
81,2026-06-11 16:00:00 UTC,AINUSDT,0.079230,0.080320,0.079190,0.080170,0.000940,1.186419,1.186419,1.426227,64.040188,853,-338,-28.379513,349096.000000,-264854.000000,-43.139344,27817.827110,-20783.076170,-42.762736,225837.000000,18004.216040,9813.611070,64.721863,55189869.000000,4371928.941184,-57728.000000,-0.104490,-10310.452856,-0.235278,1.756300,0.015800,0.907785,63.720000,36.280000,1.608100,0.001000,0.062224,61.660000,38.340000,1.957700,0.020800,1.073881,66.190000,33.810000,binance_kline_quote_asset_volume,0.000000,0.000000,0.000000,0.000000,OK
82,2026-06-11 16:15:00 UTC,AINUSDT,0.080170,0.080330,0.079590,0.079590,-0.000580,-0.723463,-0.723463,0.923039,59.765156,515,-338,-39.624853,311729.000000,-37367.000000,-10.703932,24949.038820,-2868.788290,-10.312769,175629.000000,14058.033690,10891.005130,56.346995,55147004.000000,4421135.310680,-42865.000000,-0.077668,49206.369496,1.125507,1.760900,0.004600,0.261914,63.780000,36.220000,1.609800,0.001700,0.105715,61.680000,38.320000,1.931700,-0.026000,-1.328089,65.890000,34.110000,binance_kline_quote_asset_volume,0.000000,0.000000,0.000000,0.000000,OK
83,2026-06-11 16:30:00 UTC,AINUSDT,0.079590,0.080000,0.078710,0.078960,-0.000630,-0.791557,-0.791557,1.620807,55.436254,973,458,88.932039,442870.000000,131141.000000,42.068912,35113.445720,10164.406900,40.740675,162783.000000,12934.725380,22178.720340,36.836958,55153103.000000,4392101.363005,6099.000000,0.011060,-29033.947675,-0.656708,1.742000,-0.018900,-1.073315,63.530000,36.470000,1.610500,0.000700,0.043484,61.690000,38.310000,1.930800,-0.000900,-0.046591,65.880000,34.120000,binance_kline_quote_asset_volume,0.000000,0.000000,0.000000,0.000000,OK
84,2026-06-11 16:45:00 UTC,AINUSDT,0.078980,0.079680,0.078940,0.079680,0.000720,0.911854,0.886300,0.936946,59.083807,392,-581,-59.712230,147442.000000,-295428.000000,-66.707612,11689.537080,-23423.908640,-66.709228,113104.000000,8968.954470,2720.582610,76.726344,55119711.000000,4352409.471736,-33392.000000,-0.060544,-39691.891269,-0.903711,1.758600,0.016600,0.952928,63.750000,36.250000,1.611800,0.001300,0.080720,61.710000,38.290000,1.953300,0.022500,1.165320,66.140000,33.860000,binance_kline_quote_asset_volume,0.000000,0.000000,0.000000,0.000000,OK
85,2026-06-11 17:00:00 UTC,AINUSDT,0.079700,0.080640,0.079660,0.080370,0.000690,0.865964,0.840652,1.229611,62.270920,751,359,91.581633,321030.000000,173588.000000,117.733075,25735.357410,14045.820330,120.157199,216318.000000,17345.387580,8389.969830,67.399055,55086743.000000,4388209.947380,-32968.000000,-0.059812,35800.475644,0.822544,1.728500,-0.030100,-1.711589,63.350000,36.650000,1.610100,-0.001700,-0.105472,61.690000,38.310000,1.919700,-0.033600,-1.720166,65.750000,34.250000,binance_kline_quote_asset_volume,0.000000,0.000000,0.000000,0.000000,OK
86,2026-06-11 17:15:00 UTC,AINUSDT,0.080280,0.081240,0.080050,0.081100,0.000730,0.908299,1.021425,1.482312,65.346374,774,23,3.062583,383197.000000,62167.000000,19.364857,30949.800690,5214.443280,20.261787,260811.000000,21075.875080,9873.925610,68.096965,55114830.000000,4427622.310635,28087.000000,0.050987,39412.363255,0.898142,1.730700,0.002200,0.127278,63.380000,36.620000,1.612500,0.002400,0.149059,61.720000,38.280000,1.906100,-0.013600,-0.708444,65.590000,34.410000,binance_kline_quote_asset_volume,0.000000,0.000000,0.000000,0.000000,OK
87,2026-06-11 17:30:00 UTC,AINUSDT,0.081120,0.081130,0.080210,0.080600,-0.000500,-0.616523,-0.641026,1.134122,61.640175,972,198,25.581395,468733.000000,85536.000000,22.321678,37841.089330,6891.288640,22.266019,177128.000000,14318.200240,23522.889090,37.837706,55044067.000000,4464073.833700,-70763.000000,-0.128392,36451.523065,0.823275,1.704200,-0.026500,-1.531172,63.020000,36.980000,1.611500,-0.001000,-0.062016,61.710000,38.290000,1.879400,-0.026700,-1.400766,65.270000,34.730000,binance_kline_quote_asset_volume,0.000000,0.000000,0.000000,0.000000,OK
88,2026-06-11 17:45:00 UTC,AINUSDT,0.080550,0.081580,0.080360,0.081490,0.000890,1.104218,1.166977,1.514587,65.401722,746,-226,-23.251029,472182.000000,3449.000000,0.735813,38260.860890,419.771560,1.109301,307398.000000,24924.054000,13336.806890,65.142429,54974373.000000,4429377.039813,-69694.000000,-0.126615,-34696.793887,-0.777245,1.736700,0.032500,1.907053,63.460000,36.540000,1.610700,-0.000800,-0.049643,61.700000,38.300000,1.936900,0.057500,3.059487,65.950000,34.050000,binance_kline_quote_asset_volume,0.000000,0.000000,0.000000,0.000000,OK
89,2026-06-11 18:00:00 UTC,AINUSDT,0.081500,0.082490,0.081250,0.082360,0.000870,1.067616,1.055215,1.521472,68.639092,1018,272,36.461126,520545.000000,48363.000000,10.242449,42587.670440,4326.809550,11.308709,269958.000000,22111.934230,20475.736210,51.920976,54938183.000000,4473216.291718,-36190.000000,-0.065831,43839.251905,0.989739,1.734500,-0.002200,-0.126677,63.430000,36.570000,1.611700,0.001000,0.062085,61.710000,38.290000,1.923100,-0.013800,-0.712479,65.790000,34.210000,binance_kline_quote_asset_volume,0.000000,0.000000,0.000000,0.000000,OK
90,2026-06-11 18:15:00 UTC,AINUSDT,0.082380,0.082660,0.081580,0.082650,0.000290,0.352113,0.327749,1.310998,69.658251,975,-43,-4.223969,504479.000000,-16066.000000,-3.086381,41468.433870,-1119.236570,-2.628077,213627.000000,17579.356660,23889.077210,42.392140,54884714.000000,4520305.045040,-53469.000000,-0.097326,47088.753322,1.052682,1.760900,0.026400,1.522052,63.780000,36.220000,1.609200,-0.002500,-0.155116,61.670000,38.330000,1.929100,0.006000,0.311996,65.860000,34.140000,binance_kline_quote_asset_volume,0.000000,0.000000,0.000000,0.000000,OK
91,2026-06-11 18:30:00 UTC,AINUSDT,0.082650,0.084260,0.082560,0.083990,0.001340,1.621295,1.621295,2.056866,73.881888,1450,475,48.717949,881473.000000,376994.000000,74.729374,73643.884350,32175.450480,77.590223,519559.000000,43388.068970,30255.815380,58.916052,54934182.000000,4534816.724100,49468.000000,0.090131,14511.679060,0.321033,1.745700,-0.015200,-0.863195,63.580000,36.420000,1.604100,-0.005100,-0.316928,61.600000,38.400000,1.939400,0.010300,0.533928,65.980000,34.020000,binance_kline_quote_asset_volume,0.000000,0.000000,0.000000,0.000000,OK
92,2026-06-11 18:45:00 UTC,AINUSDT,0.083970,0.086060,0.083970,0.085650,0.001660,1.976426,2.000715,2.488984,77.972587,1401,-49,-3.379310,827125.000000,-54348.000000,-6.165589,70434.713960,-3209.170390,-4.357688,499746.000000,42498.430770,27936.283190,60.337337,55000028.000000,4619452.351720,65846.000000,0.119863,84635.627620,1.866352,1.701200,-0.044500,-2.549121,62.980000,37.020000,1.604800,0.000700,0.043638,61.610000,38.390000,1.914600,-0.024800,-1.278746,65.690000,34.310000,binance_kline_quote_asset_volume,0.000000,0.000000,0.000000,0.000000,OK
93,2026-06-11 19:00:00 UTC,AINUSDT,0.085630,0.086990,0.085420,0.086900,0.001250,1.459428,1.483125,1.833470,80.455020,1351,-50,-3.568879,860988.000000,33863.000000,4.094061,74043.971060,3609.257100,5.124259,396008.000000,34122.202900,39921.768160,46.083702,54957640.000000,4705436.315181,-42388.000000,-0.077069,85983.963461,1.861345,1.543200,-0.158000,-9.287562,60.680000,39.320000,1.600600,-0.004200,-0.261715,61.550000,38.450000,1.794100,-0.120500,-6.293743,64.210000,35.790000,binance_kline_quote_asset_volume,0.000000,0.000000,0.000000,0.000000,OK
94,2026-06-11 19:15:00 UTC,AINUSDT,0.086880,0.092120,0.086570,0.091110,0.004210,4.844649,4.868785,6.388122,86.126133,3667,2316,171.428571,3060433.000000,2199445.000000,255.455941,273262.658690,199218.687630,269.054570,1672126.000000,149821.103560,123441.555130,54.826775,55086505.000000,4785074.934334,128865.000000,0.234481,79638.619152,1.692481,1.570000,0.026800,1.736651,61.090000,38.910000,1.600200,-0.000400,-0.024991,61.540000,38.460000,1.809000,0.014900,0.830500,64.400000,35.600000,binance_kline_quote_asset_volume,0.000000,0.000000,0.000000,0.000000,OK
95,2026-06-11 19:30:00 UTC,AINUSDT,0.091110,0.093000,0.090770,0.091830,0.000720,0.790254,0.790254,2.447591,86.829944,3767,100,2.727025,2311471.000000,-748962.000000,-24.472419,212202.900240,-61059.758450,-22.344714,1168604.000000,107419.683540,104783.216700,50.621214,55686713.000000,5068604.617260,600208.000000,1.089574,283529.682926,5.925292,1.431300,-0.138700,-8.834395,58.870000,41.130000,1.612100,0.011900,0.743657,61.720000,38.280000,1.663800,-0.145200,-8.026534,62.460000,37.540000,binance_kline_quote_asset_volume,0.000000,0.000000,0.000000,0.000000,OK
96,2026-06-11 19:45:00 UTC,AINUSDT,0.091830,0.093730,0.091680,0.093160,0.001330,1.448328,1.448328,2.232386,88.037188,3388,-379,-10.061057,2105107.000000,-206364.000000,-8.927821,195356.334020,-16846.566220,-7.938895,1137538.000000,105641.143370,89715.190650,54.076129,55792031.000000,5125613.887970,105318.000000,0.189126,57009.270710,1.124753,1.448600,0.017300,1.208691,59.160000,40.840000,1.610000,-0.002100,-0.130265,61.690000,38.310000,1.686700,0.022900,1.376367,62.780000,37.220000,binance_kline_quote_asset_volume,0.000000,0.000000,0.000000,0.000000,OK
97,2026-06-11 20:00:00 UTC,AINUSDT,0.093150,0.096350,0.092490,0.096140,0.002980,3.198798,3.209877,4.143854,90.203937,5870,2482,73.258560,3677978.000000,1572871.000000,74.716915,347534.312590,152177.978570,77.897642,1904410.000000,180200.098730,167334.213860,51.851024,55939106.000000,5211287.114960,147075.000000,0.263613,85673.226990,1.671473,1.450400,0.001800,0.124258,59.190000,40.810000,1.609700,-0.000300,-0.018634,61.680000,38.320000,1.696900,0.010200,0.604731,62.920000,37.080000,binance_kline_quote_asset_volume,0.000000,0.000000,0.000000,0.000000,OK
98,2026-06-11 20:15:00 UTC,AINUSDT,0.096140,0.096970,0.084410,0.088290,-0.007850,-8.165176,-8.165176,13.064281,59.586852,15878,10008,170.494037,12318646.000000,8640668.000000,234.929845,1110195.368680,762661.056090,219.449139,5162650.000000,464244.348390,645951.020290,41.816455,56249737.000000,5398587.070988,310631.000000,0.555302,187299.956028,3.594121,1.455200,0.004800,0.330943,59.270000,40.730000,1.601300,-0.008400,-0.521836,61.560000,38.440000,1.730700,0.033800,1.991868,63.380000,36.620000,binance_kline_quote_asset_volume,0.000000,0.000000,0.000000,0.000000,OK
99,2026-06-11 20:30:00 UTC,AINUSDT,0.088310,0.090020,0.085550,0.088160,-0.000130,-0.147242,-0.169856,5.061714,59.228321,5028,-10850,-68.333543,2901960.000000,-9416686.000000,-76.442541,255134.311040,-855061.057640,-77.018972,1329706.000000,117151.428000,137982.883040,45.917551,55266484.000000,4876962.694673,-983253.000000,-1.748014,-521624.376315,-9.662239,1.799600,0.344400,23.666850,64.280000,35.720000,1.636200,0.034900,2.179479,62.070000,37.930000,1.997600,0.266900,15.421506,66.640000,33.360000,binance_kline_quote_asset_volume,0.000000,0.000000,0.000000,0.000000,OK
100,2026-06-11 20:45:00 UTC,AINUSDT,0.088250,0.090120,0.086800,0.089190,0.001030,1.168330,1.065156,3.762040,61.219314,2476,-2552,-50.755768,1394151.000000,-1507809.000000,-51.958297,123638.610710,-131495.700330,-51.539795,679475.000000,60331.015370,63307.595340,48.796258,55011619.000000,4846100.044434,-254865.000000,-0.461157,-30862.650239,-0.632825,1.791000,-0.008600,-0.477884,64.170000,35.830000,1.632300,-0.003900,-0.238357,62.010000,37.990000,1.993100,-0.004500,-0.225270,66.590000,33.410000,binance_kline_quote_asset_volume,0.000000,0.000000,0.000000,0.000000,OK

==================================================================================================================================LAST CANDLE SNAPSHOT — FULL DATA NEEDED FOR V3.2.1
==================================================================================================================================Candle Index        : 100
Time                : 2026-06-11 20:45:00 UTC
Close Time          : 2026-06-11 20:59:59 UTC
Symbol              : AINUSDT

[PRICE / RSI]
Open                : 0.08825000
High                : 0.09012000
Low                 : 0.08680000
Close               : 0.08919000
Close Change        : 0.00103000
Close Change %      : 1.1683%
Candle Body %       : 1.0652%
Price Range %       : 3.7620%
RSI(14)            : 61.22

[TRADES / VOLUME / QUOTE VOLUME]
Number of Trades    : 2476
Trades Change       : -2552
Trades Change %     : -50.7558%
Volume              : 1394151.00000000
Volume Change       : -1507809.00000000
Volume Change %     : -51.9583%
Quote Volume        : 123638.61071000
Quote Volume Change : -131495.70033000
Quote Volume Chg %  : -51.5398%
Quote Volume Source : binance_kline_quote_asset_volume
Taker Buy Base Vol  : 679475.00000000
Taker Buy Quote Vol : 60331.01537000
Taker Sell Quote Vol: 63307.59534000
Taker Buy Quote %   : 48.7963%

[OPEN INTEREST]
Open Interest       : 55011619.00000000
OI Change           : -254865.00000000
OI Change %         : -0.4612%
OI Value            : 4846100.04443370
OI Value Change     : -30862.65023946
OI Value Change %   : -0.6328%

[TOP ACCOUNT L/S]
Top Acco L/S Ratio  : 1.79100000
Top Acco L/S Change : -0.00860000
Top Acco Chg %      : -0.4779%
Top Acco Long %     : 64.1700
Top Acco Short %    : 35.8300

[TOP POSITION L/S]
Top Posit L/S Ratio : 1.63230000
Top Posit L/S Change: -0.00390000
Top Posit Chg %     : -0.2384%
Top Posit Long %    : 62.0100
Top Posit Short %   : 37.9900

[GLOBAL L/S]
Global L/S Ratio    : 1.99310000
Global L/S Change   : -0.00450000
Global Chg %        : -0.2253%
Global Long %       : 66.5900
Global Short %      : 33.4100

[DATA QUALITY / TIMESTAMP MATCH]
OI Match Delta Min     : 0.0
Acco Match Delta Min   : 0.0
Posit Match Delta Min  : 0.0
Global Match Delta Min : 0.0
Data Quality           : OK

====================================================================================================
تمت الطباعة: 100 شمعة. كل صف في الجدول = شمعة واحدة.
RSI للسياق فقط. القرار البنيوي يعتمد على OI → Trades/Quote → L/S → Price Acceptance.
====================================================================================================

[Program finished]
