####################################################################################################
FETCHING BINANCE FUTURES DATA ...
####################################################################################################
SYMBOL     : ALLOUSDT
PERIOD     : 15m
LIMIT      : 100
RSI_PERIOD : 14
PRINT MODE : CSV_STYLE
NOTE       : EACH OUTPUT ROW = ONE ACTUAL KLINE CANDLE
####################################################################################################

============================================================================================================================================
ANALYSIS-READY CANDLE DATA FOR V3.2.1 | CSV STYLE | EACH ROW = ONE 15m CANDLE
============================================================================================================================================
candle_index,time,symbol,open,high,low,close,close_change,close_change_pct,candle_body_pct,price_range_pct,rsi,number_of_trades,trades_change,trades_change_pct,volume,volume_change,volume_change_pct,quote_volume,quote_volume_change,quote_volume_change_pct,taker_buy_base_volume,taker_buy_quote_volume,taker_sell_quote_volume,taker_buy_quote_pct,oi,oi_value,oi_change,oi_change_pct,oi_value_change,oi_value_change_pct,acco_ls_ratio,acco_ls_change,acco_ls_change_pct,acco_long_pct,acco_short_pct,posit_ls_ratio,posit_ls_change,posit_ls_change_pct,posit_long_pct,posit_short_pct,global_ls_ratio,global_ls_change,global_ls_change_pct,global_long_pct,global_short_pct,quote_volume_source,oi_match_delta_min,acco_match_delta_min,posit_match_delta_min,global_match_delta_min,data_quality1,2026-06-07 17:30:00 UTC,ALLOUSDT,0.307970,0.309730,0.303120,0.307300,0.000000,0.000000,-0.217554,2.146313,57.291105,48453,0.000000,0.000000,7421814.000000,0.000000,0.000000,2279603.044030,0.000000,0.000000,3706857.000000,1139242.719180,1140360.324850,49.975487,66623638.000000,20519414.267620,0.000000,0.000000,0.000000,0.000000,1.272200,0.000000,0.000000,55.990000,44.010000,1.310400,0.000000,0.000000,56.720000,43.280000,1.337500,0.000000,0.000000,57.220000,42.780000,binance_kline_quote_asset_volume,0.000000,0.000000,0.000000,0.000000,OK
2,2026-06-07 17:45:00 UTC,ALLOUSDT,0.307300,0.311130,0.306750,0.310780,0.003480,1.132444,1.132444,1.425317,59.344531,30479,-17974,-37.095742,4550909.000000,-2870905.000000,-38.681985,1406255.266910,-873347.777120,-38.311397,2516859.000000,777951.634950,628303.631960,55.320798,66647526.000000,20487449.492400,23888.000000,0.035855,-31964.775220,-0.155778,1.270700,-0.001500,-0.117906,55.960000,44.040000,1.315900,0.005500,0.419719,56.820000,43.180000,1.330500,-0.007000,-0.523364,57.090000,42.910000,binance_kline_quote_asset_volume,0.000000,0.000000,0.000000,0.000000,OK
3,2026-06-07 18:00:00 UTC,ALLOUSDT,0.310780,0.313300,0.307270,0.308230,-0.002550,-0.820516,-0.820516,1.940279,57.175257,37162,6683,21.926572,5706555.000000,1155646.000000,25.393740,1773277.787580,367022.520670,26.099281,2814014.000000,874799.902980,898477.884600,49.332367,66532307.000000,20692824.231971,-115219.000000,-0.172878,205374.739571,1.002442,1.276900,0.006200,0.487920,56.080000,43.920000,1.317100,0.001200,0.091192,56.840000,43.160000,1.344700,0.014200,1.067268,57.350000,42.650000,binance_kline_quote_asset_volume,0.000000,0.000000,0.000000,0.000000,OK
4,2026-06-07 18:15:00 UTC,ALLOUSDT,0.308230,0.308800,0.302280,0.303940,-0.004290,-1.391818,-1.391818,2.115304,53.623903,35659,-1503,-4.044454,5721349.000000,14794.000000,0.259246,1744964.656930,-28313.130650,-1.596655,2663589.000000,812267.892330,932696.764600,46.549246,66572496.000000,20520080.486279,40189.000000,0.060405,-172743.745693,-0.834800,1.285200,0.008300,0.650012,56.240000,43.760000,1.313900,-0.003200,-0.242958,56.780000,43.220000,1.359000,0.014300,1.063434,57.610000,42.390000,binance_kline_quote_asset_volume,0.000000,0.000000,0.000000,0.000000,OK
5,2026-06-07 18:30:00 UTC,ALLOUSDT,0.303950,0.306570,0.303190,0.303580,-0.000360,-0.118444,-0.121731,1.112025,53.324578,20271,-15388,-43.153201,3445165.000000,-2276184.000000,-39.784044,1049163.002320,-695801.654610,-39.874828,1751048.000000,533463.632020,515699.370300,50.846592,66439450.000000,20193606.433000,-133046.000000,-0.199851,-326474.053279,-1.590998,1.292500,0.007300,0.568005,56.380000,43.620000,1.311000,-0.002900,-0.220717,56.730000,43.270000,1.355200,-0.003800,-0.279617,57.540000,42.460000,binance_kline_quote_asset_volume,0.000000,0.000000,0.000000,0.000000,OK
6,2026-06-07 18:45:00 UTC,ALLOUSDT,0.303570,0.306430,0.301330,0.305240,0.001660,0.546808,0.550120,1.680008,54.583471,34263,13992,69.024715,5227585.000000,1782420.000000,51.736854,1590100.330410,540937.328090,51.558940,2733602.000000,831706.681470,758393.648940,52.305296,66388422.000000,20167622.217457,-51028.000000,-0.076804,-25984.215543,-0.128675,1.283600,-0.008900,-0.688588,56.210000,43.790000,1.310400,-0.000600,-0.045767,56.720000,43.280000,1.353500,-0.001700,-0.125443,57.510000,42.490000,binance_kline_quote_asset_volume,0.000000,0.000000,0.000000,0.000000,OK
7,2026-06-07 19:00:00 UTC,ALLOUSDT,0.305250,0.306410,0.301450,0.305480,0.000240,0.078627,0.075348,1.624898,54.773396,27427,-6836,-19.951551,4616440.000000,-611145.000000,-11.690771,1405714.863910,-184385.466500,-11.595839,2287196.000000,696641.367130,709073.496780,49.557800,66280859.000000,20232895.018340,-107563.000000,-0.162021,65272.800883,0.323651,1.276300,-0.007300,-0.568713,56.070000,43.930000,1.313200,0.002800,0.213675,56.770000,43.230000,1.346900,-0.006600,-0.487625,57.390000,42.610000,binance_kline_quote_asset_volume,0.000000,0.000000,0.000000,0.000000,OK
8,2026-06-07 19:15:00 UTC,ALLOUSDT,0.305440,0.309490,0.304480,0.309170,0.003690,1.207935,1.221189,1.640257,57.702174,28762,1335,4.867466,4996902.000000,380462.000000,8.241459,1535557.853720,129842.989810,9.236794,2711203.000000,833466.266510,702091.587210,54.277751,66263348.000000,20238814.379640,-17511.000000,-0.026419,5919.361300,0.029256,1.272700,-0.003600,-0.282065,56.000000,44.000000,1.315200,0.002000,0.152300,56.810000,43.190000,1.342500,-0.004400,-0.326676,57.310000,42.690000,binance_kline_quote_asset_volume,0.000000,0.000000,0.000000,0.000000,OK
9,2026-06-07 19:30:00 UTC,ALLOUSDT,0.309160,0.312460,0.307400,0.308720,-0.000450,-0.145551,-0.142321,1.636693,57.215568,28195,-567,-1.971351,4794055.000000,-202847.000000,-4.059455,1485482.328470,-50075.525250,-3.261064,2286682.000000,709005.065570,776477.262900,47.728946,66335625.000000,20506996.439213,72277.000000,0.109075,268182.059572,1.325088,1.279500,0.006800,0.534297,56.130000,43.870000,1.319800,0.004600,0.349757,56.890000,43.110000,1.348500,0.006000,0.446927,57.420000,42.580000,binance_kline_quote_asset_volume,0.000000,0.000000,0.000000,0.000000,OK
10,2026-06-07 19:45:00 UTC,ALLOUSDT,0.308720,0.314980,0.307100,0.314670,0.005950,1.927313,1.927313,2.552475,61.802378,32099,3904,13.846427,4742211.000000,-51844.000000,-1.081423,1478125.964750,-7356.363720,-0.495217,2602943.000000,811657.340680,666468.624070,54.911243,66363771.000000,20490477.933960,28146.000000,0.042430,-16518.505253,-0.080551,1.278400,-0.001100,-0.085971,56.110000,43.890000,1.315600,-0.004200,-0.318230,56.810000,43.190000,1.348000,-0.000500,-0.037078,57.410000,42.590000,binance_kline_quote_asset_volume,0.000000,0.000000,0.000000,0.000000,OK
11,2026-06-07 20:00:00 UTC,ALLOUSDT,0.314640,0.318120,0.310100,0.311690,-0.002980,-0.947024,-0.937579,2.548945,58.424059,48914,16815,52.384809,7208383.000000,2466172.000000,52.004687,2267225.892000,789099.927250,53.385161,3671097.000000,1154264.993950,1112960.898050,50.910895,66430769.000000,20905618.849531,66998.000000,0.100956,415140.915571,2.026019,1.275300,-0.003100,-0.242491,56.050000,43.950000,1.308200,-0.007400,-0.562481,56.680000,43.320000,1.358500,0.010500,0.778932,57.600000,42.400000,binance_kline_quote_asset_volume,0.000000,0.000000,0.000000,0.000000,OK
12,2026-06-07 20:15:00 UTC,ALLOUSDT,0.311690,0.316490,0.310900,0.316030,0.004340,1.392409,1.392409,1.793449,61.707069,28820,-20094,-41.080263,4152912.000000,-3055471.000000,-42.387745,1302527.004870,-964698.887130,-42.549747,2031264.000000,637120.174750,665406.830120,48.914162,66063317.000000,20592558.885979,-367452.000000,-0.553135,-313059.963552,-1.497492,1.279500,0.004200,0.329334,56.130000,43.870000,1.315000,0.006800,0.519798,56.800000,43.200000,1.359600,0.001100,0.080972,57.620000,42.380000,binance_kline_quote_asset_volume,0.000000,0.000000,0.000000,0.000000,OK
13,2026-06-07 20:30:00 UTC,ALLOUSDT,0.316040,0.316390,0.311700,0.313130,-0.002900,-0.917634,-0.920770,1.483989,58.389226,24069,-4751,-16.485080,3647432.000000,-505480.000000,-12.171700,1142519.582530,-160007.422340,-12.284384,1775662.000000,556159.091140,586360.491390,48.678298,66087262.000000,20885557.409860,23945.000000,0.036246,292998.523881,1.422837,1.293100,0.013600,1.062915,56.390000,43.610000,1.308100,-0.006900,-0.524715,56.670000,43.330000,1.374200,0.014600,1.073845,57.880000,42.120000,binance_kline_quote_asset_volume,0.000000,0.000000,0.000000,0.000000,OK
14,2026-06-07 20:45:00 UTC,ALLOUSDT,0.313140,0.314780,0.310640,0.312990,-0.000140,-0.044710,-0.047902,1.322092,58.226463,22083,-1986,-8.251278,3570619.000000,-76813.000000,-2.105947,1115295.786410,-27223.796120,-2.382786,1901550.000000,594129.800520,521165.985890,53.271052,66109019.000000,20700056.029280,21757.000000,0.032922,-185501.380580,-0.888180,1.291500,-0.001600,-0.123734,56.360000,43.640000,1.308800,0.000700,0.053513,56.690000,43.310000,1.365200,-0.009000,-0.654927,57.720000,42.280000,binance_kline_quote_asset_volume,0.000000,0.000000,0.000000,0.000000,OK
15,2026-06-07 21:00:00 UTC,ALLOUSDT,0.312990,0.315460,0.310370,0.313900,0.000910,0.290744,0.290744,1.626250,59.025984,19788,-2295,-10.392610,3907540.000000,336921.000000,9.435927,1223436.371990,108140.585580,9.696135,1962193.000000,614496.077140,608940.294850,50.227056,65798194.000000,20594885.386609,-310825.000000,-0.470170,-105170.642671,-0.508069,1.287300,-0.004200,-0.325203,56.280000,43.720000,1.307800,-0.001000,-0.076406,56.670000,43.330000,1.359000,-0.006200,-0.454146,57.610000,42.390000,binance_kline_quote_asset_volume,0.000000,0.000000,0.000000,0.000000,OK
16,2026-06-07 21:15:00 UTC,ALLOUSDT,0.313900,0.315950,0.313320,0.314900,0.001000,0.318573,0.318573,0.837846,59.933498,11181,-8607,-43.496058,2867294.000000,-1040246.000000,-26.621506,902748.521560,-320687.850430,-26.212058,1391460.000000,438192.299710,464556.221850,48.539797,65757280.000000,20644369.171731,-40914.000000,-0.062181,49483.785122,0.240272,1.280000,-0.007300,-0.567078,56.140000,43.860000,1.312100,0.004300,0.328796,56.750000,43.250000,1.354600,-0.004400,-0.323767,57.530000,42.470000,binance_kline_quote_asset_volume,0.000000,0.000000,0.000000,0.000000,OK
17,2026-06-07 21:30:00 UTC,ALLOUSDT,0.314940,0.318760,0.314920,0.316640,0.001740,0.552556,0.539785,1.219280,61.530111,14762,3581,32.027547,3561618.000000,694324.000000,24.215305,1128487.549110,225739.027550,25.005749,1986000.000000,629267.739770,499219.809340,55.762045,65510759.000000,20632562.448658,-246521.000000,-0.374895,-11806.723073,-0.057191,1.288900,0.008900,0.695312,56.310000,43.690000,1.314500,0.002400,0.182913,56.790000,43.210000,1.365200,0.010600,0.782519,57.720000,42.280000,binance_kline_quote_asset_volume,0.000000,0.000000,0.000000,0.000000,OK
18,2026-06-07 21:45:00 UTC,ALLOUSDT,0.316650,0.319360,0.314440,0.315080,-0.001560,-0.492673,-0.495816,1.553766,59.250452,18672,3910,26.486926,3197906.000000,-363712.000000,-10.211988,1012701.917520,-115785.631590,-10.260249,1567841.000000,496446.415320,516255.502200,49.021969,65688087.000000,20804210.008110,177328.000000,0.270685,171647.559452,0.831926,1.288300,-0.000600,-0.046551,56.300000,43.700000,1.314800,0.000300,0.022822,56.800000,43.200000,1.361800,-0.003400,-0.249048,57.660000,42.340000,binance_kline_quote_asset_volume,0.000000,0.000000,0.000000,0.000000,OK
19,2026-06-07 22:00:00 UTC,ALLOUSDT,0.315070,0.315090,0.308010,0.311210,-0.003870,-1.228259,-1.225125,2.247120,53.913974,29356,10684,57.219366,5439247.000000,2241341.000000,70.087770,1692515.907760,679813.990240,67.128735,2485038.000000,773483.470850,919032.436910,45.700219,65726186.000000,20709006.684880,38099.000000,0.058000,-95203.323230,-0.457616,1.286800,-0.001500,-0.116433,56.270000,43.730000,1.311100,-0.003700,-0.281412,56.730000,43.270000,1.367400,0.005600,0.411220,57.760000,42.240000,binance_kline_quote_asset_volume,0.000000,0.000000,0.000000,0.000000,OK
20,2026-06-07 22:15:00 UTC,ALLOUSDT,0.311200,0.319980,0.311080,0.318310,0.007100,2.281418,2.284704,2.859897,60.876037,33966,4610,15.703774,5448194.000000,8947.000000,0.164490,1728873.697500,36357.789740,2.148151,2628093.000000,833771.277650,895102.419850,48.226269,65357299.000000,20324812.843020,-368887.000000,-0.561248,-384193.841860,-1.855202,1.298900,0.012100,0.940317,56.500000,43.500000,1.309600,-0.001500,-0.114408,56.700000,43.300000,1.368500,0.001100,0.080445,57.780000,42.220000,binance_kline_quote_asset_volume,0.000000,0.000000,0.000000,0.000000,OK
21,2026-06-07 22:30:00 UTC,ALLOUSDT,0.318310,0.332240,0.318280,0.326530,0.008220,2.582388,2.582388,4.385662,67.077085,69309,35343,104.054054,10106829.000000,4658635.000000,85.507877,3284253.312180,1555379.614680,89.964907,5530060.000000,1797805.632660,1486447.679520,54.740163,65486203.000000,20871621.824824,128904.000000,0.197230,546808.981804,2.690352,1.304100,0.005200,0.400339,56.600000,43.400000,1.329200,0.019600,1.496640,57.070000,42.930000,1.362900,-0.005600,-0.409207,57.680000,42.320000,binance_kline_quote_asset_volume,0.000000,0.000000,0.000000,0.000000,OK
22,2026-06-07 22:45:00 UTC,ALLOUSDT,0.326540,0.333820,0.326250,0.329250,0.002720,0.833002,0.829914,2.318246,68.837198,67760,-1549,-2.234919,8235481.000000,-1871348.000000,-18.515679,2717908.972170,-566344.340010,-17.244234,4201719.000000,1386832.535130,1331076.437040,51.025717,65820664.000000,21517191.048196,334461.000000,0.510735,645569.223373,3.093048,1.314800,0.010700,0.820489,56.800000,43.200000,1.339200,0.010000,0.752332,57.250000,42.750000,1.396400,0.033500,2.457994,58.270000,41.730000,binance_kline_quote_asset_volume,0.000000,0.000000,0.000000,0.000000,OK
23,2026-06-07 23:00:00 UTC,ALLOUSDT,0.329260,0.333890,0.317750,0.332810,0.003560,1.081245,1.078175,4.901901,71.020897,100126,32366,47.765643,12555742.000000,4320261.000000,52.459122,4087160.529100,1369251.556930,50.378860,5667819.000000,1847636.541940,2239523.987160,45.205872,65873318.000000,21669027.956100,52654.000000,0.079996,151836.907904,0.705654,1.337500,0.022700,1.726498,57.220000,42.780000,1.329100,-0.010100,-0.754182,57.060000,42.940000,1.448000,0.051600,3.695216,59.150000,40.850000,binance_kline_quote_asset_volume,0.000000,0.000000,0.000000,0.000000,OK
24,2026-06-07 23:15:00 UTC,ALLOUSDT,0.332810,0.345600,0.329740,0.337790,0.004980,1.496349,1.496349,4.765482,73.787973,127903,27777,27.742045,16314140.000000,3758398.000000,29.933699,5509072.268770,1421911.739670,34.789721,8472828.000000,2863320.776950,2645751.491820,51.974645,64972654.000000,21659251.451113,-900664.000000,-1.367267,-9776.504987,-0.045117,1.331000,-0.006500,-0.485981,57.100000,42.900000,1.313900,-0.015200,-1.143631,56.780000,43.220000,1.437200,-0.010800,-0.745856,58.970000,41.030000,binance_kline_quote_asset_volume,0.000000,0.000000,0.000000,0.000000,OK
25,2026-06-07 23:30:00 UTC,ALLOUSDT,0.337800,0.338490,0.325160,0.331530,-0.006260,-1.853222,-1.856128,3.946122,65.341853,87832,-40071,-31.329210,8871017.000000,-7443123.000000,-45.623753,2940659.498830,-2568412.769940,-46.621512,4089262.000000,1355753.867090,1584905.631740,46.103735,63751250.000000,21568891.561150,-1221404.000000,-1.879874,-90359.889963,-0.417188,1.350200,0.019200,1.442524,57.450000,42.550000,1.279400,-0.034500,-2.625771,56.130000,43.870000,1.488200,0.051000,3.548567,59.810000,40.190000,binance_kline_quote_asset_volume,0.000000,0.000000,0.000000,0.000000,OK
26,2026-06-07 23:45:00 UTC,ALLOUSDT,0.331530,0.335390,0.325580,0.329800,-0.001730,-0.521823,-0.521823,2.959008,63.189215,62500,-25332,-28.841425,5924585.000000,-2946432.000000,-33.214140,1957371.908950,-983287.589880,-33.437655,2958984.000000,977982.849210,979389.059740,49.964079,63519776.000000,21089278.959084,-231474.000000,-0.363089,-479612.602066,-2.223631,1.337000,-0.013200,-0.977633,57.210000,42.790000,1.277700,-0.001700,-0.132875,56.100000,43.900000,1.463700,-0.024500,-1.646284,59.410000,40.590000,binance_kline_quote_asset_volume,0.000000,0.000000,0.000000,0.000000,OK
27,2026-06-08 00:00:00 UTC,ALLOUSDT,0.329780,0.335360,0.323090,0.333340,0.003540,1.073378,1.079508,3.720662,65.680708,84642,22142,35.427200,10278775.000000,4354190.000000,73.493586,3374804.138770,1417432.229820,72.415070,5565193.000000,1828268.121260,1546536.017510,54.174051,63263478.000000,20858601.331380,-256298.000000,-0.403493,-230677.627704,-1.093815,1.327200,-0.009800,-0.732984,57.030000,42.970000,1.282500,0.004800,0.375675,56.190000,43.810000,1.451600,-0.012100,-0.826672,59.210000,40.790000,binance_kline_quote_asset_volume,0.000000,0.000000,0.000000,0.000000,OK
28,2026-06-08 00:15:00 UTC,ALLOUSDT,0.333350,0.357840,0.330630,0.349320,0.015980,4.793904,4.790760,8.162592,74.177297,113939,29297,34.612840,15686696.000000,5407921.000000,52.612505,5412312.079340,2037507.940570,60.374109,8534531.000000,2947983.371340,2464328.708000,54.468097,63686606.000000,21295990.315906,423128.000000,0.668835,437388.984526,2.096924,1.310000,-0.017200,-1.295961,56.710000,43.290000,1.262800,-0.019700,-1.536062,55.810000,44.190000,1.420100,-0.031500,-2.170019,58.680000,41.320000,binance_kline_quote_asset_volume,0.000000,0.000000,0.000000,0.000000,OK
29,2026-06-08 00:30:00 UTC,ALLOUSDT,0.349190,0.376750,0.344160,0.370880,0.021560,6.171991,6.211518,9.333028,81.008790,183899,69960,61.401276,23484074.000000,7797378.000000,49.706949,8533627.425210,3121315.345870,57.670646,11325866.000000,4116322.699960,4417304.725250,48.236494,64076974.000000,22372310.153507,390368.000000,0.612951,1076319.837601,5.054096,1.312100,0.002100,0.160305,56.750000,43.250000,1.256900,-0.005900,-0.467216,55.690000,44.310000,1.442000,0.021900,1.542145,59.050000,40.950000,binance_kline_quote_asset_volume,0.000000,0.000000,0.000000,0.000000,OK
30,2026-06-08 00:45:00 UTC,ALLOUSDT,0.370870,0.377290,0.346670,0.352120,-0.018760,-5.058240,-5.055680,8.256262,64.915909,161334,-22565,-12.270322,17056795.000000,-6427279.000000,-27.368671,6133153.339280,-2400474.085930,-28.129586,7848132.000000,2825889.566160,3307263.773120,46.075639,63440801.000000,23459773.801790,-636173.000000,-0.992826,1087463.648283,4.860757,1.320200,0.008100,0.617331,56.900000,43.100000,1.237600,-0.019300,-1.535524,55.310000,44.690000,1.467300,0.025300,1.754508,59.470000,40.530000,binance_kline_quote_asset_volume,0.000000,0.000000,0.000000,0.000000,OK
31,2026-06-08 01:00:00 UTC,ALLOUSDT,0.352110,0.356360,0.334230,0.336240,-0.015880,-4.509826,-4.507114,6.284968,54.962526,142249,-19085,-11.829497,14957669.000000,-2099126.000000,-12.306685,5181513.303100,-951640.036180,-15.516326,6343858.000000,2202377.841510,2979135.461590,42.504529,62725632.000000,22118636.020101,-715169.000000,-1.127301,-1341137.781689,-5.716755,1.340800,0.020600,1.560370,57.280000,42.720000,1.242300,0.004700,0.379767,55.400000,44.600000,1.506300,0.039000,2.657943,60.100000,39.900000,binance_kline_quote_asset_volume,0.000000,0.000000,0.000000,0.000000,OK
32,2026-06-08 01:15:00 UTC,ALLOUSDT,0.336250,0.365250,0.336110,0.363120,0.026880,7.994290,7.991078,8.666171,64.800745,139821,-2428,-1.706866,14829278.000000,-128391.000000,-0.858362,5262641.318020,81128.014920,1.565720,7831455.000000,2777165.658550,2485475.659470,52.771327,62199241.000000,20918848.733120,-526391.000000,-0.839196,-1199787.286981,-5.424328,1.341900,0.001100,0.082041,57.300000,42.700000,1.247200,0.004900,0.394430,55.500000,44.500000,1.489400,-0.016900,-1.121954,59.830000,40.170000,binance_kline_quote_asset_volume,0.000000,0.000000,0.000000,0.000000,OK
33,2026-06-08 01:30:00 UTC,ALLOUSDT,0.363120,0.378180,0.345590,0.373630,0.010510,2.894360,2.894360,8.974994,67.765704,168055,28234,20.192961,18394505.000000,3565227.000000,24.041811,6637127.418260,1374486.100240,26.117799,9494100.000000,3428967.275040,3208160.143220,51.663424,62095377.000000,22492187.456940,-103864.000000,-0.166986,1573338.723820,7.521154,1.290400,-0.051500,-3.837842,56.340000,43.660000,1.228600,-0.018600,-1.491341,55.130000,44.870000,1.441400,-0.048000,-3.222774,59.040000,40.960000,binance_kline_quote_asset_volume,0.000000,0.000000,0.000000,0.000000,OK
34,2026-06-08 01:45:00 UTC,ALLOUSDT,0.373630,0.382440,0.359520,0.380040,0.006410,1.715601,1.715601,6.134411,69.455589,146967,-21088,-12.548273,13744001.000000,-4650504.000000,-25.282029,5136086.122730,-1501041.295530,-22.615828,6571919.000000,2457794.792770,2678291.329960,47.853458,61332531.000000,22832874.640680,-762846.000000,-1.228507,340687.183740,1.514691,1.258400,-0.032000,-2.479851,55.720000,44.280000,1.206800,-0.021800,-1.774377,54.690000,45.310000,1.361800,-0.079600,-5.522409,57.660000,42.340000,binance_kline_quote_asset_volume,0.000000,0.000000,0.000000,0.000000,OK
35,2026-06-08 02:00:00 UTC,ALLOUSDT,0.380010,0.385910,0.364530,0.380580,0.000540,0.142090,0.149996,5.626168,69.600176,189048,42081,28.632958,18696294.000000,4952293.000000,36.032397,7027478.632820,1891392.510090,36.825561,9191189.000000,3456229.251680,3571249.381140,49.181640,60982369.000000,23155615.332990,-350162.000000,-0.570924,322740.692310,1.413491,1.251700,-0.006700,-0.532422,55.590000,44.410000,1.203400,-0.003400,-0.281737,54.620000,45.380000,1.354000,-0.007800,-0.572771,57.520000,42.480000,binance_kline_quote_asset_volume,0.000000,0.000000,0.000000,0.000000,OK
36,2026-06-08 02:15:00 UTC,ALLOUSDT,0.380370,0.384810,0.371010,0.377210,-0.003370,-0.885491,-0.830770,3.628046,67.454183,129302,-59746,-31.603614,10915021.000000,-7781273.000000,-41.619334,4131915.038250,-2895563.594570,-41.203449,5141927.000000,1946655.597390,2185259.440860,47.112672,60756895.000000,23032938.894500,-225474.000000,-0.369736,-122676.438490,-0.529791,1.205100,-0.046600,-3.722937,54.650000,45.350000,1.146500,-0.056900,-4.728270,53.410000,46.590000,1.336400,-0.017600,-1.299852,57.200000,42.800000,binance_kline_quote_asset_volume,0.000000,0.000000,0.000000,0.000000,OK
37,2026-06-08 02:30:00 UTC,ALLOUSDT,0.377200,0.377300,0.354210,0.372200,-0.005010,-1.328173,-1.325557,6.121421,64.281015,154819,25517,19.734420,16140065.000000,5225044.000000,47.870215,5881530.337330,1749615.299080,42.343932,7717131.000000,2810998.384410,3070531.952920,47.793656,60483640.000000,22784716.419850,-273255.000000,-0.449751,-248222.474650,-1.077685,1.222700,0.017600,1.460460,55.010000,44.990000,1.142500,-0.004000,-0.348888,53.330000,46.670000,1.357400,0.021000,1.571386,57.580000,42.420000,binance_kline_quote_asset_volume,0.000000,0.000000,0.000000,0.000000,OK
38,2026-06-08 02:45:00 UTC,ALLOUSDT,0.372200,0.386860,0.366930,0.377380,0.005180,1.391725,1.391725,5.354648,66.058834,119660,-35159,-22.709745,11636145.000000,-4503920.000000,-27.905216,4399232.685770,-1482297.651560,-25.202584,5914126.000000,2237961.659690,2161271.026080,50.871636,59934190.000000,22285329.867700,-549450.000000,-0.908427,-499386.552150,-2.191761,1.196400,-0.026300,-2.150977,54.470000,45.530000,1.127700,-0.014800,-1.295405,53.000000,47.000000,1.328800,-0.028600,-2.106969,57.060000,42.940000,binance_kline_quote_asset_volume,0.000000,0.000000,0.000000,0.000000,OK
39,2026-06-08 03:00:00 UTC,ALLOUSDT,0.377360,0.386760,0.374480,0.381130,0.003750,0.993693,0.999046,3.254187,67.326685,95248,-24412,-20.401137,8135060.000000,-3501085.000000,-30.088015,3097243.076950,-1301989.608820,-29.595834,3976631.000000,1514376.235800,1582866.841150,48.894330,60414200.000000,22836832.818338,480010.000000,0.800895,551502.950638,2.474735,1.160800,-0.035600,-2.975593,53.720000,46.280000,1.109200,-0.018500,-1.640507,52.590000,47.410000,1.286200,-0.042600,-3.205900,56.260000,43.740000,binance_kline_quote_asset_volume,0.000000,0.000000,0.000000,0.000000,OK
40,2026-06-08 03:15:00 UTC,ALLOUSDT,0.381120,0.394890,0.379320,0.393530,0.012400,3.253483,3.256192,4.085327,71.162627,104456,9208,9.667395,10476616.000000,2341556.000000,28.783512,4064051.132780,966808.055830,31.215117,5817564.000000,2256529.886490,1807521.246290,55.524151,60384606.000000,23024046.421740,-29594.000000,-0.048985,187213.603402,0.819788,1.163100,0.002300,0.198139,53.770000,46.230000,1.104000,-0.005200,-0.468806,52.470000,47.530000,1.279500,-0.006700,-0.520914,56.130000,43.870000,binance_kline_quote_asset_volume,0.000000,0.000000,0.000000,0.000000,OK
41,2026-06-08 03:30:00 UTC,ALLOUSDT,0.393520,0.407660,0.383970,0.386050,-0.007480,-1.900745,-1.898252,6.020024,66.119790,165298,60842,58.246534,18658853.000000,8182237.000000,78.099999,7404665.399830,3340614.267050,82.199120,9066408.000000,3603719.692820,3800945.707010,48.668231,60542469.000000,23845939.759390,157863.000000,0.261429,821893.337650,3.569717,1.149600,-0.013500,-1.160691,53.480000,46.520000,1.095100,-0.008900,-0.806159,52.270000,47.730000,1.278400,-0.001100,-0.085971,56.110000,43.890000,binance_kline_quote_asset_volume,0.000000,0.000000,0.000000,0.000000,OK
42,2026-06-08 03:45:00 UTC,ALLOUSDT,0.385890,0.389200,0.374190,0.382580,-0.003470,-0.898847,-0.857757,3.889710,63.859013,139347,-25951,-15.699524,13649830.000000,-5009023.000000,-26.845289,5189600.407240,-2215064.992590,-29.914451,6999093.000000,2662275.070230,2527325.337010,51.300194,60146401.000000,23200872.721740,-396068.000000,-0.654199,-645067.037650,-2.705144,1.144500,-0.005100,-0.443633,53.370000,46.630000,1.061700,-0.033400,-3.049950,51.500000,48.500000,1.273800,-0.004600,-0.359825,56.020000,43.980000,binance_kline_quote_asset_volume,0.000000,0.000000,0.000000,0.000000,OK
43,2026-06-08 04:00:00 UTC,ALLOUSDT,0.382540,0.399990,0.372210,0.396850,0.014270,3.729939,3.740785,7.261986,68.612024,153679,14332,10.285116,14291337.000000,641507.000000,4.699744,5519097.573870,329497.166630,6.349182,7418514.000000,2866026.799910,2653070.773960,51.929265,60014001.000000,22939151.602230,-132400.000000,-0.220130,-261721.119510,-1.128066,1.145500,0.001000,0.087374,53.390000,46.610000,1.066000,0.004300,0.405011,51.600000,48.400000,1.274800,0.001000,0.078505,56.040000,43.960000,binance_kline_quote_asset_volume,0.000000,0.000000,0.000000,0.000000,OK
44,2026-06-08 04:15:00 UTC,ALLOUSDT,0.396940,0.402600,0.383160,0.388670,-0.008180,-2.061232,-2.083438,4.897466,63.459945,161095,7416,4.825643,14410218.000000,118881.000000,0.831840,5679832.904230,160735.330360,2.912348,7129294.000000,2813224.083930,2866608.820300,49.530050,60888187.000000,24195747.750060,874186.000000,1.456637,1256596.147830,5.477954,1.161700,0.016200,1.414230,53.740000,46.260000,1.050400,-0.015600,-1.463415,51.230000,48.770000,1.314300,0.039500,3.098525,56.790000,43.210000,binance_kline_quote_asset_volume,0.000000,0.000000,0.000000,0.000000,OK
45,2026-06-08 04:30:00 UTC,ALLOUSDT,0.388660,0.388660,0.373500,0.381640,-0.007030,-1.808732,-1.806206,3.900581,59.336228,143995,-17100,-10.614855,12071126.000000,-2339092.000000,-16.232176,4595960.019530,-1083872.884700,-19.082830,6002311.000000,2286390.603210,2309569.416320,49.747835,61043930.000000,23710110.088097,155743.000000,0.255785,-485637.661963,-2.007120,1.151000,-0.010700,-0.921064,53.510000,46.490000,1.051600,0.001200,0.114242,51.260000,48.740000,1.309500,-0.004800,-0.365213,56.700000,43.300000,binance_kline_quote_asset_volume,0.000000,0.000000,0.000000,0.000000,OK
46,2026-06-08 04:45:00 UTC,ALLOUSDT,0.381520,0.387820,0.371060,0.375520,-0.006120,-1.603605,-1.572657,4.392954,55.928957,104292,-39703,-27.572485,8582709.000000,-3488417.000000,-28.898853,3255391.865070,-1340568.154460,-29.168403,4257136.000000,1616526.492940,1638865.372130,49.656894,61402684.000000,23447842.939080,358754.000000,0.587698,-262267.149017,-1.106141,1.161200,0.010200,0.886186,53.730000,46.270000,1.040200,-0.011400,-1.084062,50.980000,49.020000,1.317000,0.007500,0.572738,56.840000,43.160000,binance_kline_quote_asset_volume,0.000000,0.000000,0.000000,0.000000,OK
47,2026-06-08 05:00:00 UTC,ALLOUSDT,0.375540,0.379330,0.361690,0.375790,0.000270,0.071900,0.066571,4.697236,56.048866,140687,36395,34.897212,13091437.000000,4508728.000000,52.532691,4857936.114840,1602544.249770,49.227384,6222774.000000,2313547.080660,2544389.034180,47.624074,61794583.000000,23202630.024840,391899.000000,0.638244,-245212.914240,-1.045780,1.167800,0.006600,0.568378,53.870000,46.130000,1.041700,0.001500,0.144203,51.020000,48.980000,1.313200,-0.003800,-0.288535,56.770000,43.230000,binance_kline_quote_asset_volume,0.000000,0.000000,0.000000,0.000000,OK
48,2026-06-08 05:15:00 UTC,ALLOUSDT,0.375780,0.381880,0.368020,0.379030,0.003240,0.862184,0.864868,3.688328,57.541759,104943,-35744,-25.406754,8210229.000000,-4881208.000000,-37.285502,3086818.585190,-1771117.529650,-36.458230,4194693.000000,1577946.809820,1508871.775370,51.118871,61589235.000000,23106433.294950,-205348.000000,-0.332307,-96196.729890,-0.414594,1.115500,-0.052300,-4.478507,52.730000,47.270000,1.034900,-0.006800,-0.652779,50.860000,49.140000,1.240100,-0.073100,-5.566555,55.360000,44.640000,binance_kline_quote_asset_volume,0.000000,0.000000,0.000000,0.000000,OK
49,2026-06-08 05:30:00 UTC,ALLOUSDT,0.378930,0.397130,0.378930,0.393790,0.014760,3.894151,3.921569,4.802998,63.606452,123051,18108,17.255081,10944292.000000,2734063.000000,33.300691,4239862.114460,1153043.529270,37.353783,5648140.000000,2188245.379440,2051616.735020,51.611239,61607824.000000,23348491.697056,18589.000000,0.030182,242058.402106,1.047580,1.116000,0.000500,0.044823,52.740000,47.260000,1.033600,-0.001300,-0.125616,50.830000,49.170000,1.241600,0.001500,0.120958,55.390000,44.610000,binance_kline_quote_asset_volume,0.000000,0.000000,0.000000,0.000000,OK
50,2026-06-08 05:45:00 UTC,ALLOUSDT,0.393790,0.396700,0.368200,0.369570,-0.024220,-6.150486,-6.150486,7.237360,50.786944,148952,25901,21.048996,13847621.000000,2903329.000000,26.528249,5274901.515800,1035039.401340,24.412101,6085699.000000,2317940.412890,2956961.102910,43.942819,62091632.000000,24546837.003058,483808.000000,0.785303,1198345.306003,5.132431,1.115100,-0.000900,-0.080645,52.720000,47.280000,1.039900,0.006300,0.609520,50.980000,49.020000,1.272200,0.030600,2.464562,55.990000,44.010000,binance_kline_quote_asset_volume,0.000000,0.000000,0.000000,0.000000,OK
51,2026-06-08 06:00:00 UTC,ALLOUSDT,0.369530,0.378980,0.367270,0.376430,0.006860,1.856211,1.867237,3.168890,53.637142,106395,-42557,-28.570949,9661349.000000,-4186272.000000,-30.230983,3617261.416310,-1657640.099490,-31.425044,4841096.000000,1812319.551030,1804941.865280,50.101979,61512260.000000,22706285.036518,-579372.000000,-0.933092,-1840551.966540,-7.498123,1.118200,0.003100,0.278002,52.790000,47.210000,1.033100,-0.006800,-0.653909,50.810000,49.190000,1.245700,-0.026500,-2.083006,55.470000,44.530000,binance_kline_quote_asset_volume,0.000000,0.000000,0.000000,0.000000,OK
52,2026-06-08 06:15:00 UTC,ALLOUSDT,0.376450,0.388980,0.374290,0.383770,0.007340,1.949898,1.944481,3.902245,56.537590,123759,17364,16.320316,10753575.000000,1092226.000000,11.305109,4104770.447050,487509.030740,13.477296,5472252.000000,2089267.341710,2015503.105340,50.898518,61764724.000000,23248242.113600,252464.000000,0.410429,541957.077082,2.386815,1.129500,0.011300,1.010553,53.040000,46.960000,1.041700,0.008600,0.832446,51.020000,48.980000,1.256300,0.010600,0.850927,55.680000,44.320000,binance_kline_quote_asset_volume,0.000000,0.000000,0.000000,0.000000,OK
53,2026-06-08 06:30:00 UTC,ALLOUSDT,0.383770,0.393800,0.374210,0.391560,0.007790,2.029862,2.029862,5.104620,59.437882,119632,-4127,-3.334707,11037111.000000,283536.000000,2.636667,4244613.835870,139843.388820,3.406850,5442163.000000,2095066.440080,2149547.395790,49.358234,62080574.000000,23891738.702576,315850.000000,0.511376,643496.588976,2.767937,1.120000,-0.009500,-0.841080,52.830000,47.170000,1.047500,0.005800,0.556782,51.160000,48.840000,1.255800,-0.000500,-0.039799,55.670000,44.330000,binance_kline_quote_asset_volume,0.000000,0.000000,0.000000,0.000000,OK
54,2026-06-08 06:45:00 UTC,ALLOUSDT,0.391550,0.426990,0.391310,0.417900,0.026340,6.726938,6.729664,9.112502,67.367337,223571,103939,86.882272,28953216.000000,17916105.000000,162.326038,11876239.952770,7631626.116900,179.795534,15457647.000000,6336248.066960,5539991.885810,53.352308,62681360.000000,24511948.869145,600786.000000,0.967752,620210.166569,2.595919,1.097300,-0.022700,-2.026786,52.320000,47.680000,1.034700,-0.012800,-1.221957,50.850000,49.150000,1.216300,-0.039500,-3.145405,54.880000,45.120000,binance_kline_quote_asset_volume,0.000000,0.000000,0.000000,0.000000,OK
55,2026-06-08 07:00:00 UTC,ALLOUSDT,0.417910,0.425000,0.403160,0.418830,0.000930,0.222541,0.220143,5.226006,67.608112,188953,-34618,-15.484119,20871435.000000,-8081781.000000,-27.913241,8639570.164310,-3236669.788460,-27.253321,10976681.000000,4551117.588740,4088452.575570,52.677593,62595215.000000,26114541.545924,-86145.000000,-0.137433,1602592.676780,6.538006,1.050400,-0.046900,-4.274127,51.230000,48.770000,1.010300,-0.024400,-2.358171,50.260000,49.740000,1.198300,-0.018000,-1.479898,54.510000,45.490000,binance_kline_quote_asset_volume,0.000000,0.000000,0.000000,0.000000,OK
56,2026-06-08 07:15:00 UTC,ALLOUSDT,0.418840,0.447680,0.411740,0.438830,0.020000,4.775207,4.772706,8.580842,72.335422,240811,51858,27.444920,31134687.000000,10263252.000000,49.173677,13468609.102380,4829038.938070,55.894435,16184365.000000,7003162.674470,6465446.427910,51.996183,62692160.000000,26318821.393386,96945.000000,0.154876,204279.847461,0.782246,1.055100,0.004700,0.447449,51.340000,48.660000,1.020800,0.010500,1.039295,50.520000,49.480000,1.196800,-0.001500,-0.125177,54.480000,45.520000,binance_kline_quote_asset_volume,0.000000,0.000000,0.000000,0.000000,OK
57,2026-06-08 07:30:00 UTC,ALLOUSDT,0.438810,0.458360,0.435570,0.456630,0.017800,4.056240,4.060983,5.193592,75.730251,195759,-45052,-18.708448,21106751.000000,-10027936.000000,-32.208244,9477791.006930,-3990818.095450,-29.630514,11241490.000000,5048599.418070,4429191.588860,53.267680,62199658.000000,27209121.590753,-492502.000000,-0.785588,890300.197368,3.382751,1.019800,-0.035300,-3.345654,50.490000,49.510000,1.047100,0.026300,2.576411,51.150000,48.850000,1.175300,-0.021500,-1.796457,54.030000,45.970000,binance_kline_quote_asset_volume,0.000000,0.000000,0.000000,0.000000,OK
58,2026-06-08 07:45:00 UTC,ALLOUSDT,0.456720,0.477340,0.445940,0.473000,0.016370,3.584959,3.564547,6.875109,78.360270,267780,72021,36.790646,31066245.000000,9959494.000000,47.186296,14390576.697740,4912785.690810,51.834712,15935279.000000,7390827.936020,6999748.761720,51.358803,62907729.000000,28704180.876033,708071.000000,1.138384,1495059.285280,5.494699,0.964300,-0.055500,-5.442244,49.090000,50.910000,1.021400,-0.025700,-2.454398,50.530000,49.470000,1.113300,-0.062000,-5.275249,52.680000,47.320000,binance_kline_quote_asset_volume,0.000000,0.000000,0.000000,0.000000,OK
59,2026-06-08 08:00:00 UTC,ALLOUSDT,0.472980,0.477770,0.448730,0.461590,-0.011410,-2.412262,-2.408136,6.139794,72.465754,256532,-11248,-4.200463,28344368.000000,-2721877.000000,-8.761526,13098733.785400,-1291842.912340,-8.977006,13548749.000000,6261949.950460,6836783.834940,47.805765,64025774.000000,30288931.570307,1118045.000000,1.777278,1584750.694274,5.520975,0.910600,-0.053700,-5.568806,47.660000,52.340000,1.028600,0.007200,0.704915,50.700000,49.300000,1.032900,-0.080400,-7.221773,50.810000,49.190000,binance_kline_quote_asset_volume,0.000000,0.000000,0.000000,0.000000,OK
60,2026-06-08 08:15:00 UTC,ALLOUSDT,0.461590,0.475000,0.452770,0.469430,0.007840,1.698477,1.698477,4.815962,73.917582,167525,-89007,-34.696256,18000521.000000,-10343847.000000,-36.493483,8339196.144900,-4759537.640500,-36.335861,9617707.000000,4459350.359540,3879845.785360,53.474583,64354270.000000,29748340.495930,328496.000000,0.513068,-540591.074377,-1.784781,0.877200,-0.033400,-3.667911,46.730000,53.270000,1.027700,-0.000900,-0.087498,50.680000,49.320000,0.971200,-0.061700,-5.973473,49.270000,50.730000,binance_kline_quote_asset_volume,0.000000,0.000000,0.000000,0.000000,OK
61,2026-06-08 08:30:00 UTC,ALLOUSDT,0.469420,0.472970,0.442660,0.466800,-0.002630,-0.560254,-0.558136,6.456904,72.535865,181157,13632,8.137293,30703923.000000,12703402.000000,70.572413,14014597.754090,5675401.609190,68.056939,15056619.000000,6873513.611940,7141084.142150,49.045386,65304263.000000,30650426.536609,949993.000000,1.476193,902086.040679,3.032391,0.859100,-0.018100,-2.063383,46.210000,53.790000,1.019100,-0.008600,-0.836820,50.470000,49.530000,0.952400,-0.018800,-1.935750,48.780000,51.220000,binance_kline_quote_asset_volume,0.000000,0.000000,0.000000,0.000000,OK
62,2026-06-08 08:45:00 UTC,ALLOUSDT,0.466800,0.483300,0.452200,0.454180,-0.012620,-2.703513,-2.703513,6.662382,66.146381,189506,8349,4.608710,31609170.000000,905247.000000,2.948311,14912810.574990,898212.820900,6.409123,15891644.000000,7505802.413690,7407008.161300,50.331240,65953017.000000,30800718.469170,648754.000000,0.993433,150291.932561,0.490342,0.826500,-0.032600,-3.794669,45.250000,54.750000,1.008000,-0.011100,-1.089196,50.200000,49.800000,0.895700,-0.056700,-5.953381,47.250000,52.750000,binance_kline_quote_asset_volume,0.000000,0.000000,0.000000,0.000000,OK
63,2026-06-08 09:00:00 UTC,ALLOUSDT,0.454330,0.471600,0.449740,0.460660,0.006480,1.426747,1.393260,4.811481,67.718782,132796,-56710,-29.925174,21980759.000000,-9628411.000000,-30.460816,10085158.623440,-4827651.951550,-32.372516,11513937.000000,5287109.714240,4798048.909200,52.424656,66000176.000000,30056388.410155,47159.000000,0.071504,-744330.059015,-2.416600,0.812300,-0.014200,-1.718088,44.820000,55.180000,1.003600,-0.004400,-0.436508,50.090000,49.910000,0.879000,-0.016700,-1.864464,46.780000,53.220000,binance_kline_quote_asset_volume,0.000000,0.000000,0.000000,0.000000,OK
64,2026-06-08 09:15:00 UTC,ALLOUSDT,0.460800,0.478500,0.459830,0.474830,0.014170,3.076021,3.044705,4.051649,70.901567,109975,-22821,-17.185006,14454780.000000,-7525979.000000,-34.238941,6774981.127320,-3310177.496120,-32.822265,7798876.000000,3657165.764140,3117815.363180,53.980457,66208397.000000,30457890.583200,208221.000000,0.315486,401502.173045,1.335830,0.798200,-0.014100,-1.735812,44.390000,55.610000,1.019600,0.016000,1.594261,50.490000,49.510000,0.872300,-0.006700,-0.762230,46.590000,53.410000,binance_kline_quote_asset_volume,0.000000,0.000000,0.000000,0.000000,OK
65,2026-06-08 09:30:00 UTC,ALLOUSDT,0.474830,0.489000,0.466500,0.476810,0.001980,0.416991,0.416991,4.738538,71.326980,215802,105827,96.228234,28566882.000000,14112102.000000,97.629310,13665163.566660,6890182.439340,101.700393,15143996.000000,7252450.787270,6412712.779390,53.072550,67313241.000000,31961953.787835,1104844.000000,1.668737,1504063.204635,4.938173,0.780600,-0.017600,-2.204961,43.840000,56.160000,1.028600,0.009000,0.882699,50.700000,49.300000,0.857400,-0.014900,-1.708128,46.160000,53.840000,binance_kline_quote_asset_volume,0.000000,0.000000,0.000000,0.000000,OK
66,2026-06-08 09:45:00 UTC,ALLOUSDT,0.476670,0.488000,0.460230,0.461850,-0.014960,-3.137518,-3.109069,5.825833,63.744129,176598,-39204,-18.166653,19941052.000000,-8625830.000000,-30.195210,9470541.268180,-4194622.298480,-30.695734,9583051.000000,4557482.467500,4913058.800680,48.122724,68335000.000000,32574168.339200,1021759.000000,1.517917,612214.551365,1.915448,0.758100,-0.022500,-2.882398,43.120000,56.880000,1.015500,-0.013100,-1.273576,50.380000,49.620000,0.836900,-0.020500,-2.390949,45.560000,54.440000,binance_kline_quote_asset_volume,0.000000,0.000000,0.000000,0.000000,OK
67,2026-06-08 10:00:00 UTC,ALLOUSDT,0.461830,0.478870,0.460870,0.477630,0.015780,3.416694,3.421172,3.897538,67.650764,132725,-43873,-24.843430,14179414.000000,-5761638.000000,-28.893350,6698229.262940,-2772312.005240,-29.273005,7351580.000000,3472783.402210,3225445.860730,51.846291,68270284.000000,31865155.057000,-64716.000000,-0.094704,-709013.282200,-2.176612,0.751600,-0.006500,-0.857407,42.910000,57.090000,1.025700,0.010200,1.004431,50.630000,49.370000,0.822200,-0.014700,-1.756482,45.120000,54.880000,binance_kline_quote_asset_volume,0.000000,0.000000,0.000000,0.000000,OK
68,2026-06-08 10:15:00 UTC,ALLOUSDT,0.477630,0.482280,0.462980,0.479990,0.002360,0.494106,0.494106,4.040785,68.202594,159794,27069,20.394801,17971699.000000,3792285.000000,26.745005,8528627.659440,1830398.396500,27.326601,9128299.000000,4335817.635460,4192810.023980,50.838398,68555134.000000,32708749.256890,284850.000000,0.417239,843594.199890,2.647388,0.738200,-0.013400,-1.782863,42.470000,57.530000,1.024800,-0.000900,-0.087745,50.610000,49.390000,0.803800,-0.018400,-2.237898,44.560000,55.440000,binance_kline_quote_asset_volume,0.000000,0.000000,0.000000,0.000000,OK
69,2026-06-08 10:30:00 UTC,ALLOUSDT,0.479990,0.519470,0.475840,0.507990,0.028000,5.833455,5.833455,9.089773,73.892852,202095,42301,26.472208,32424919.000000,14453220.000000,80.422113,16007334.945770,7478707.286330,87.689457,19000237.000000,9390105.965910,6617228.979860,58.661270,69544854.000000,33298076.095200,989720.000000,1.443685,589326.838310,1.801741,0.729500,-0.008700,-1.178542,42.180000,57.820000,1.051100,0.026300,2.566354,51.250000,48.750000,0.792800,-0.011000,-1.368500,44.220000,55.780000,binance_kline_quote_asset_volume,0.000000,0.000000,0.000000,0.000000,OK
70,2026-06-08 10:45:00 UTC,ALLOUSDT,0.507950,0.549000,0.505120,0.530820,0.022830,4.494183,4.502412,8.638646,77.438113,372789,170694,84.462258,49459882.000000,17034963.000000,52.536640,26153660.387600,10146325.441830,63.385476,25806729.000000,13651615.963590,12502044.424010,52.197726,69784415.000000,35491303.911398,239561.000000,0.344470,2193227.816198,6.586650,0.683800,-0.045700,-6.264565,40.610000,59.390000,1.046000,-0.005100,-0.485206,51.120000,48.880000,0.774000,-0.018800,-2.371342,43.630000,56.370000,binance_kline_quote_asset_volume,0.000000,0.000000,0.000000,0.000000,OK
71,2026-06-08 11:00:00 UTC,ALLOUSDT,0.530830,0.560000,0.520020,0.543670,0.012850,2.420783,2.418853,7.531601,79.154017,333485,-39304,-10.543230,42425433.000000,-7034449.000000,-14.222535,22757020.760430,-3396639.627170,-12.987244,22956033.000000,12331233.064060,10425787.696370,54.186500,70415574.000000,37300056.216754,631159.000000,0.904441,1808752.305355,5.096325,0.663300,-0.020500,-2.997953,39.880000,60.120000,1.035600,-0.010400,-0.994264,50.880000,49.120000,0.761800,-0.012200,-1.576227,43.240000,56.760000,binance_kline_quote_asset_volume,0.000000,0.000000,0.000000,0.000000,OK
72,2026-06-08 11:15:00 UTC,ALLOUSDT,0.543900,0.548030,0.528000,0.530140,-0.013530,-2.488642,-2.529877,3.682662,72.869888,222222,-111263,-33.363720,23512389.000000,-18913044.000000,-44.579496,12637250.611350,-10119770.149080,-44.468783,11087536.000000,5964826.262420,6672424.348930,47.200348,70496392.000000,38369071.273840,80818.000000,0.114773,1069015.057086,2.865988,0.661400,-0.001900,-0.286447,39.810000,60.190000,1.025400,-0.010200,-0.984936,50.630000,49.370000,0.766200,0.004400,0.577579,43.380000,56.620000,binance_kline_quote_asset_volume,0.000000,0.000000,0.000000,0.000000,OK73,2026-06-08 11:30:00 UTC,ALLOUSDT,0.530150,0.540250,0.505010,0.508210,-0.021930,-4.136643,-4.138451,6.647175,64.000727,232674,10452,4.703405,26784949.000000,3272560.000000,13.918450,14042282.264010,1405031.652660,11.118175,12663000.000000,6644823.048070,7397459.215940,47.320107,70578647.000000,37500454.406191,82255.000000,0.116680,-868616.867649,-2.263846,0.662800,0.001400,0.211672,39.860000,60.140000,1.018200,-0.007200,-0.702165,50.450000,49.550000,0.772700,0.006500,0.848342,43.590000,56.410000,binance_kline_quote_asset_volume,0.000000,0.000000,0.000000,0.000000,OK
74,2026-06-08 11:45:00 UTC,ALLOUSDT,0.508050,0.508280,0.431390,0.466140,-0.042070,-8.278074,-8.249188,15.134337,51.141225,537688,305014,131.090711,87919041.000000,61134092.000000,228.240464,40715310.941930,26673028.677920,189.947960,42335679.000000,19589387.627240,21125923.314690,48.113074,69869035.000000,35618293.605789,-709612.000000,-1.005420,-1882160.800402,-5.019035,0.649300,-0.013500,-2.036814,39.370000,60.630000,1.033800,0.015600,1.532115,50.830000,49.170000,0.731600,-0.041100,-5.319011,42.250000,57.750000,binance_kline_quote_asset_volume,0.000000,0.000000,0.000000,0.000000,OK
75,2026-06-08 12:00:00 UTC,ALLOUSDT,0.466110,0.473570,0.414030,0.424500,-0.041640,-8.932939,-8.927077,12.773809,42.120257,403301,-134387,-24.993491,59482210.000000,-28436831.000000,-32.344337,25942503.307200,-14772807.634730,-36.283175,28593542.000000,12465703.342660,13476799.964540,48.051274,67202378.000000,31346621.124644,-2666657.000000,-3.816651,-4271672.481144,-11.992917,0.698700,0.049400,7.608193,41.130000,58.870000,1.060200,0.026400,2.553685,51.460000,48.540000,0.766200,0.034600,4.729360,43.380000,56.620000,binance_kline_quote_asset_volume,0.000000,0.000000,0.000000,0.000000,OK
76,2026-06-08 12:15:00 UTC,ALLOUSDT,0.424490,0.447000,0.401140,0.439720,0.015220,3.585395,3.587835,10.803552,45.878141,382662,-20639,-5.117518,57023566.000000,-2458644.000000,-4.133411,23985963.651370,-1956539.655830,-7.541831,29209244.000000,12297512.882910,11688450.768460,51.269622,64983765.000000,27573261.327150,-2218613.000000,-3.301391,-3773359.797494,-12.037533,0.749200,0.050500,7.227709,42.830000,57.170000,1.094300,0.034100,3.216374,52.250000,47.750000,0.787000,0.020800,2.714696,44.040000,55.960000,binance_kline_quote_asset_volume,0.000000,0.000000,0.000000,0.000000,OK
77,2026-06-08 12:30:00 UTC,ALLOUSDT,0.439710,0.446700,0.422220,0.435510,-0.004210,-0.957427,-0.955175,5.567306,45.007667,230529,-152133,-39.756495,28669945.000000,-28353621.000000,-49.722637,12508608.262760,-11477355.388610,-47.850299,13881857.000000,6063165.769780,6445442.492980,48.471945,65145240.000000,28671511.306770,161475.000000,0.248485,1098249.979620,3.983025,0.798900,0.049700,6.633743,44.410000,55.590000,1.125900,0.031600,2.887691,52.960000,47.040000,0.870200,0.083200,10.571792,46.530000,53.470000,binance_kline_quote_asset_volume,0.000000,0.000000,0.000000,0.000000,OK
78,2026-06-08 12:45:00 UTC,ALLOUSDT,0.435510,0.436020,0.418250,0.425830,-0.009680,-2.222681,-2.222681,4.080274,42.988023,183534,-46995,-20.385722,20278599.000000,-8391346.000000,-29.268790,8658741.280400,-3849866.982360,-30.777740,9907103.000000,4233480.297150,4425260.983250,48.892560,64804187.000000,28278603.081190,-341053.000000,-0.523527,-392908.225580,-1.370378,0.789500,-0.009400,-1.176618,44.120000,55.880000,1.129300,0.003400,0.301981,53.040000,46.960000,0.852200,-0.018000,-2.068490,46.010000,53.990000,binance_kline_quote_asset_volume,0.000000,0.000000,0.000000,0.000000,OK
79,2026-06-08 13:00:00 UTC,ALLOUSDT,0.425860,0.430700,0.422560,0.427660,0.001830,0.429749,0.422674,1.911426,43.504160,112881,-70653,-38.495865,11755269.000000,-8523330.000000,-42.031158,5013672.690740,-3645068.589660,-42.096980,5692041.000000,2428622.175440,2585050.515300,48.439983,65009873.000000,27646748.690710,205686.000000,0.317396,-631854.390480,-2.234390,0.805400,0.015900,2.013933,44.610000,55.390000,1.141300,0.012000,1.062605,53.300000,46.700000,0.854300,0.002100,0.246421,46.070000,53.930000,binance_kline_quote_asset_volume,0.000000,0.000000,0.000000,0.000000,OK
80,2026-06-08 13:15:00 UTC,ALLOUSDT,0.427660,0.447300,0.424630,0.434870,0.007210,1.685919,1.685919,5.300940,45.594009,148321,35440,31.395895,18516533.000000,6761264.000000,57.516880,8056997.008180,3043324.317440,60.700499,9896868.000000,4308383.965040,3748613.043140,53.473819,65427510.000000,27972273.729483,417637.000000,0.642421,325525.038773,1.177444,0.826500,0.021100,2.619816,45.250000,54.750000,1.153900,0.012600,1.104004,53.570000,46.430000,0.870900,0.016600,1.943111,46.550000,53.450000,binance_kline_quote_asset_volume,0.000000,0.000000,0.000000,0.000000,OK
81,2026-06-08 13:30:00 UTC,ALLOUSDT,0.434700,0.449990,0.433910,0.446090,0.011220,2.580081,2.620198,3.699103,48.769902,138040,-10281,-6.931588,16112381.000000,-2404152.000000,-12.983813,7147104.189390,-909892.818790,-11.293200,8434008.000000,3742285.428560,3404818.760830,52.360863,65161603.000000,28348786.057225,-265907.000000,-0.406415,376512.327742,1.346020,0.856000,0.029500,3.569268,46.120000,53.880000,1.150000,-0.003900,-0.337984,53.490000,46.510000,0.929800,0.058900,6.763119,48.180000,51.820000,binance_kline_quote_asset_volume,0.000000,0.000000,0.000000,0.000000,OK
82,2026-06-08 13:45:00 UTC,ALLOUSDT,0.446090,0.486990,0.445700,0.483700,0.037610,8.431034,8.431034,9.255980,57.686399,271245,133205,96.497392,40130053.000000,24017672.000000,149.063456,18861486.273390,11714382.084000,163.903894,21297396.000000,10011179.652470,8850306.620920,53.077364,66015311.000000,29500672.641804,853708.000000,1.310140,1151886.584580,4.063266,0.882900,0.026900,3.142523,46.890000,53.110000,1.158100,0.008100,0.704348,53.660000,46.340000,0.968100,0.038300,4.119165,49.190000,50.810000,binance_kline_quote_asset_volume,0.000000,0.000000,0.000000,0.000000,OK
83,2026-06-08 14:00:00 UTC,ALLOUSDT,0.483740,0.484640,0.467190,0.471020,-0.012680,-2.621460,-2.629512,3.607310,54.257687,187063,-84182,-31.035411,22306724.000000,-17823329.000000,-44.413918,10649617.685460,-8211868.587930,-43.537760,10425311.000000,4982194.878920,5667422.806540,46.782852,65091312.000000,31476904.824531,-923999.000000,-1.399674,1976232.182726,6.698939,0.844300,-0.038600,-4.371956,45.780000,54.220000,1.132800,-0.025300,-2.184613,53.110000,46.890000,0.964600,-0.003500,-0.361533,49.100000,50.900000,binance_kline_quote_asset_volume,0.000000,0.000000,0.000000,0.000000,OK
84,2026-06-08 14:15:00 UTC,ALLOUSDT,0.470850,0.471410,0.420130,0.431930,-0.039090,-8.299011,-8.265902,10.890942,45.315643,248162,61099,32.662258,37852752.000000,15546028.000000,69.692116,16942525.640630,6292907.955170,59.090459,17408016.000000,7794390.119220,9148135.521410,46.004889,64543573.000000,30394213.961430,-547739.000000,-0.841493,-1082690.863101,-3.439636,0.850100,0.005800,0.686960,45.950000,54.050000,1.111800,-0.021000,-1.853814,52.650000,47.350000,0.956200,-0.008400,-0.870827,48.880000,51.120000,binance_kline_quote_asset_volume,0.000000,0.000000,0.000000,0.000000,OK
85,2026-06-08 14:30:00 UTC,ALLOUSDT,0.431940,0.443000,0.425420,0.435590,0.003660,0.847360,0.845025,4.070010,46.209527,160235,-87927,-35.431291,20186339.000000,-17666413.000000,-46.671410,8792103.895880,-8150421.744750,-48.106297,10079551.000000,4392005.320980,4400098.574900,49.953974,62444640.000000,27030445.661352,-2098933.000000,-3.251963,-3363768.300078,-11.067134,0.838200,-0.011900,-1.399835,45.600000,54.400000,1.133400,0.021600,1.942795,53.130000,46.870000,0.881800,-0.074400,-7.780799,46.860000,53.140000,binance_kline_quote_asset_volume,0.000000,0.000000,0.000000,0.000000,OK
86,2026-06-08 14:45:00 UTC,ALLOUSDT,0.435680,0.454990,0.433840,0.445450,0.009860,2.263597,2.242472,4.854480,48.644988,140991,-19244,-12.009861,16977237.000000,-3209102.000000,-15.897395,7565089.556310,-1227014.339570,-13.955867,8715715.000000,3883228.911620,3681860.644690,51.330905,62977800.000000,27415737.100974,533160.000000,0.853812,385291.439622,1.425398,0.847100,0.008900,1.061799,45.860000,54.140000,1.141000,0.007600,0.670549,53.290000,46.710000,0.904400,0.022600,2.562939,47.490000,52.510000,binance_kline_quote_asset_volume,0.000000,0.000000,0.000000,0.000000,OK
87,2026-06-08 15:00:00 UTC,ALLOUSDT,0.445460,0.457000,0.436700,0.450390,0.004940,1.108991,1.106721,4.557087,49.869637,123871,-17120,-12.142619,14352600.000000,-2624637.000000,-15.459742,6449364.272160,-1115725.284150,-14.748342,7510283.000000,3378822.718980,3070541.553180,52.390012,63038991.000000,28076793.733370,61191.000000,0.097163,661056.632396,2.411231,0.869500,0.022400,2.644316,46.510000,53.490000,1.151200,0.010200,0.893953,53.510000,46.490000,0.953100,0.048700,5.384785,48.800000,51.200000,binance_kline_quote_asset_volume,0.000000,0.000000,0.000000,0.000000,OK
88,2026-06-08 15:15:00 UTC,ALLOUSDT,0.450380,0.450380,0.428320,0.431810,-0.018580,-4.125314,-4.123185,4.898086,45.477013,135790,11919,9.622107,15595793.000000,1243193.000000,8.661796,6844068.546650,394704.274490,6.120049,6931168.000000,3044079.459080,3799989.087570,44.477630,62731692.000000,28247453.590680,-307299.000000,-0.487474,170659.857310,0.607832,0.857400,-0.012100,-1.391604,46.160000,53.840000,1.125800,-0.025400,-2.206393,52.960000,47.040000,0.943600,-0.009500,-0.996747,48.550000,51.450000,binance_kline_quote_asset_volume,0.000000,0.000000,0.000000,0.000000,OK
89,2026-06-08 15:30:00 UTC,ALLOUSDT,0.431740,0.443580,0.428360,0.439230,0.007420,1.718348,1.734840,3.525270,47.467056,106914,-28876,-21.265189,10565076.000000,-5030717.000000,-32.256885,4610194.716820,-2233873.829830,-32.639560,6008267.000000,2623082.078990,1987112.637830,56.897425,62532650.000000,26953346.201281,-199042.000000,-0.317291,-1294107.389399,-4.581324,0.865300,0.007900,0.921390,46.390000,53.610000,1.145600,0.019800,1.758749,53.390000,46.610000,0.919400,-0.024200,-2.564646,47.900000,52.100000,binance_kline_quote_asset_volume,0.000000,0.000000,0.000000,0.000000,OK
90,2026-06-08 15:45:00 UTC,ALLOUSDT,0.439220,0.442600,0.432710,0.437760,-0.001470,-0.334677,-0.332407,2.251719,47.100277,80371,-26543,-24.826496,7754474.000000,-2810602.000000,-26.602762,3396694.548110,-1213500.168710,-26.322102,3983697.000000,1745552.640230,1651141.907880,51.389744,62369163.000000,27405010.222200,-163487.000000,-0.261443,451664.020919,1.675725,0.842000,-0.023300,-2.692708,45.710000,54.290000,1.145200,-0.000400,-0.034916,53.380000,46.620000,0.910900,-0.008500,-0.924516,47.670000,52.330000,binance_kline_quote_asset_volume,0.000000,0.000000,0.000000,0.000000,OK
91,2026-06-08 16:00:00 UTC,ALLOUSDT,0.437740,0.446290,0.425500,0.430390,-0.007370,-1.683571,-1.679079,4.749395,45.213940,116182,35811,44.557116,13156944.000000,5402470.000000,69.669071,5727287.554290,2330593.006180,68.613559,6358289.000000,2771391.402110,2955896.152180,48.389248,62675098.000000,27419672.843183,305935.000000,0.490523,14662.620983,0.053503,0.847700,0.005700,0.676960,45.880000,54.120000,1.150500,0.005300,0.462801,53.500000,46.500000,0.911300,0.000400,0.043913,47.680000,52.320000,binance_kline_quote_asset_volume,0.000000,0.000000,0.000000,0.000000,OK
92,2026-06-08 16:15:00 UTC,ALLOUSDT,0.430400,0.435470,0.410000,0.416890,-0.013500,-3.136690,-3.138941,5.917751,41.903421,149949,33767,29.063883,21776064.000000,8619120.000000,65.510045,9145040.002000,3417752.447710,59.674888,10142052.000000,4261542.331790,4883497.670210,46.599494,62543389.000000,26905833.216971,-131709.000000,-0.210146,-513839.626212,-1.873982,0.856700,0.009000,1.061696,46.140000,53.860000,1.156300,0.005800,0.504129,53.620000,46.380000,0.906200,-0.005100,-0.559640,47.540000,52.460000,binance_kline_quote_asset_volume,0.000000,0.000000,0.000000,0.000000,OK
93,2026-06-08 16:30:00 UTC,ALLOUSDT,0.416890,0.423330,0.393600,0.404250,-0.012640,-3.031975,-3.031975,7.131378,39.022465,195794,45845,30.573728,29922352.000000,8146288.000000,37.409368,12148392.690160,3003352.688160,32.841329,14039756.000000,5709330.108710,6439062.581450,46.996588,62044860.000000,25901354.593208,-498529.000000,-0.797093,-1004478.623763,-3.733312,0.853900,-0.002800,-0.326836,46.060000,53.940000,1.152100,-0.004200,-0.363228,53.530000,46.470000,0.882900,-0.023300,-2.571176,46.890000,53.110000,binance_kline_quote_asset_volume,0.000000,0.000000,0.000000,0.000000,OK
94,2026-06-08 16:45:00 UTC,ALLOUSDT,0.404210,0.405350,0.391860,0.401180,-0.003070,-0.759431,-0.749610,3.337374,38.333119,148384,-47410,-24.214225,17110680.000000,-12811672.000000,-42.816394,6801864.204140,-5346528.486020,-44.010172,9059669.000000,3603636.201050,3198228.003090,52.980126,61766575.000000,24956697.537879,-278285.000000,-0.448522,-944657.055329,-3.647134,0.855300,0.001400,0.163954,46.100000,53.900000,1.158900,0.006800,0.590227,53.680000,46.320000,0.866000,-0.016900,-1.914147,46.410000,53.590000,binance_kline_quote_asset_volume,0.000000,0.000000,0.000000,0.000000,OK
95,2026-06-08 17:00:00 UTC,ALLOUSDT,0.401190,0.417760,0.393300,0.411980,0.010800,2.692058,2.689499,6.096862,42.201332,151681,3297,2.221938,18322437.000000,1211757.000000,7.081875,7426242.954230,624378.750090,9.179524,9285321.000000,3762625.627290,3663617.326940,50.666611,61720821.000000,24631218.124329,-45754.000000,-0.074076,-325479.413551,-1.304177,0.869500,0.014200,1.660236,46.510000,53.490000,1.173900,0.015000,1.294331,54.000000,46.000000,0.876500,0.010500,1.212471,46.710000,53.290000,binance_kline_quote_asset_volume,0.000000,0.000000,0.000000,0.000000,OK
96,2026-06-08 17:15:00 UTC,ALLOUSDT,0.411990,0.427420,0.407780,0.425150,0.013170,3.196757,3.194252,4.767106,46.600236,114924,-36757,-24.233094,14299279.000000,-4023158.000000,-21.957549,5982422.666760,-1443820.287470,-19.442136,7671013.000000,3211545.733640,2770876.933120,53.683030,61590143.000000,25299069.546282,-130678.000000,-0.211724,667851.421953,2.711402,0.894700,0.025200,2.898217,47.220000,52.780000,1.173500,-0.000400,-0.034074,53.990000,46.010000,0.929800,0.053300,6.081004,48.180000,51.820000,binance_kline_quote_asset_volume,0.000000,0.000000,0.000000,0.000000,OK
97,2026-06-08 17:30:00 UTC,ALLOUSDT,0.425160,0.427420,0.410130,0.413770,-0.011380,-2.676702,-2.678991,4.066704,43.518193,103904,-11020,-9.588946,13085770.000000,-1213509.000000,-8.486505,5490399.814430,-492022.852330,-8.224475,5841753.000000,2450800.149160,3039599.665270,44.637918,61818851.000000,26295265.224983,228708.000000,0.371339,996195.678701,3.937677,0.899300,0.004600,0.514139,47.350000,52.650000,1.162200,-0.011300,-0.962931,53.750000,46.250000,0.952400,0.022600,2.430630,48.780000,51.220000,binance_kline_quote_asset_volume,0.000000,0.000000,0.000000,0.000000,OK
98,2026-06-08 17:45:00 UTC,ALLOUSDT,0.413880,0.422610,0.408040,0.412800,-0.000970,-0.234430,-0.260945,3.520344,43.255586,79343,-24561,-23.638166,8105843.000000,-4979927.000000,-38.056049,3360789.678500,-2129610.135930,-38.787888,3946038.000000,1638150.259740,1722639.418760,48.743016,61676802.000000,25519434.302209,-142049.000000,-0.229783,-775830.922774,-2.950459,0.883600,-0.015700,-1.745802,46.910000,53.090000,1.173000,0.010800,0.929272,53.980000,46.020000,0.916800,-0.035600,-3.737925,47.830000,52.170000,binance_kline_quote_asset_volume,0.000000,0.000000,0.000000,0.000000,OK
99,2026-06-08 18:00:00 UTC,ALLOUSDT,0.412990,0.417590,0.406170,0.410110,-0.002690,-0.651647,-0.697353,2.765200,42.489837,67036,-12307,-15.511135,6417770.000000,-1688073.000000,-20.825385,2642326.327630,-718463.350870,-21.377814,3149638.000000,1297582.335560,1344743.992070,49.107573,61415934.000000,25358024.989260,-260868.000000,-0.422960,-161409.312949,-0.632496,0.884700,0.001100,0.124491,46.940000,53.060000,1.174700,0.001700,0.144928,54.020000,45.980000,0.918600,0.001800,0.196335,47.880000,52.120000,binance_kline_quote_asset_volume,0.000000,0.000000,0.000000,0.000000,OK
100,2026-06-08 18:15:00 UTC,ALLOUSDT,0.410120,0.414200,0.407560,0.412750,0.002640,0.643730,0.641276,1.619038,43.546106,45427,-21609,-32.234919,4181840.000000,-2235930.000000,-34.839672,1719330.892930,-922995.434700,-34.931167,2292813.000000,942928.461750,776402.431180,54.842757,61286917.000000,25135868.028691,-129017.000000,-0.210071,-222156.960569,-0.876081,0.890000,0.005300,0.599073,47.090000,52.910000,1.176200,0.001500,0.127692,54.050000,45.950000,0.923400,0.004800,0.522534,48.010000,51.990000,binance_kline_quote_asset_volume,0.000000,0.000000,0.000000,0.000000,OK

==================================================================================================================================LAST CANDLE SNAPSHOT — FULL DATA NEEDED FOR V3.2.1
==================================================================================================================================Candle Index        : 100
Time                : 2026-06-08 18:15:00 UTC
Close Time          : 2026-06-08 18:29:59 UTC
Symbol              : ALLOUSDT

[PRICE / RSI]
Open                : 0.41012000
High                : 0.41420000
Low                 : 0.40756000
Close               : 0.41275000
Close Change        : 0.00264000
Close Change %      : 0.6437%
Candle Body %       : 0.6413%
Price Range %       : 1.6190%
RSI(14)            : 43.55

[TRADES / VOLUME / QUOTE VOLUME]
Number of Trades    : 45427
Trades Change       : -21609
Trades Change %     : -32.2349%
Volume              : 4181840.00000000
Volume Change       : -2235930.00000000
Volume Change %     : -34.8397%
Quote Volume        : 1719330.89293000
Quote Volume Change : -922995.43470000
Quote Volume Chg %  : -34.9312%
Quote Volume Source : binance_kline_quote_asset_volume
Taker Buy Base Vol  : 2292813.00000000
Taker Buy Quote Vol : 942928.46175000
Taker Sell Quote Vol: 776402.43118000
Taker Buy Quote %   : 54.8428%

[OPEN INTEREST]
Open Interest       : 61286917.00000000
OI Change           : -129017.00000000
OI Change %         : -0.2101%
OI Value            : 25135868.02869144
OI Value Change     : -222156.96056856
OI Value Change %   : -0.8761%

[TOP ACCOUNT L/S]
Top Acco L/S Ratio  : 0.89000000
Top Acco L/S Change : 0.00530000
Top Acco Chg %      : 0.5991%
Top Acco Long %     : 47.0900
Top Acco Short %    : 52.9100

[TOP POSITION L/S]
Top Posit L/S Ratio : 1.17620000
Top Posit L/S Change: 0.00150000
Top Posit Chg %     : 0.1277%
Top Posit Long %    : 54.0500
Top Posit Short %   : 45.9500

[GLOBAL L/S]
Global L/S Ratio    : 0.92340000
Global L/S Change   : 0.00480000
Global Chg %        : 0.5225%
Global Long %       : 48.0100
Global Short %      : 51.9900

[DATA QUALITY / TIMESTAMP MATCH]
OI Match Delta Min     : 0.0
Acco Match Delta Min   : 0.0
Posit Match Delta Min  : 0.0
Global Match Delta Min : 0.0
Data Quality           : OK

====================================================================================================
تمت الطباعة: 100 شمعة. كل صف في الجدول = شمعة واحدة.
RSI للسياق فقط. القرار البنيوي يعتمد على OI → Trades/Quote → L/S → Price Acceptance.
====================================================================================================

[Program finished]
