####################################################################################################
FETCHING BINANCE FUTURES DATA ...
####################################################################################################
SYMBOL     : ALLOUSDT
PERIOD     : 15m
LIMIT      : 100
RSI_PERIOD : 14

====================================================================================================================================================================================================================================================================================================================================================================================================================================
BINANCE FUTURES MERGED DATA (L.S + OI + RSI + TRADES + VOLUME + QUOTE VOLUME) | ROW = ONE CANDLE
====================================================================================================================================================================================================================================================================================================================================================================================================================================
Time                  Symbol      Close         RSI       Trades      Volume            Quote Volume      OI              OI Chg        OI Chg %    Acco L/S    Acco Chg    Acco Chg%   Acco L%     Acco S%     Posit L/S   Posit Chg   Posit Chg%  Posit L%    Posit S%    Global L/S  Global Chg  Global Chg% Global L%   Global S%
------------------------------------------------------------------------------------------------------------------------------------------------------------------------------------------------------------------------------------------------------------------------------------------------------------------------------------------------------------------------------------------------------------------------------------
2026-06-05 14:45:00 UTCALLOUSDT    0.190910      64.33     26808       4414576.000000    838051.522120     66784730.000000 0.000000      0.00        0.960400    0.000000    0.00        48.99       51.01       1.514500    0.000000    0.00        60.23       39.77       1.040400    0.000000    0.00        50.99       49.01   
2026-06-05 15:00:00 UTCALLOUSDT    0.193540      68.68     35116       5953738.000000    1147018.819650    66426224.000000 -358506.000000-0.54       0.970100    0.009700    1.01        49.24       50.76       1.526400    0.011900    0.79        60.42       39.58       1.043300    0.002900    0.28        51.06       48.94   
2026-06-05 15:15:00 UTCALLOUSDT    0.193170      67.43     19679       3007508.000000    582894.458730     66674009.000000 247785.000000 0.37        0.954700    -0.015400   -1.59       48.84       51.16       1.529100    0.002700    0.18        60.46       39.54       1.028400    -0.014900   -1.43       50.70       49.30   
2026-06-05 15:30:00 UTCALLOUSDT    0.191490      61.94     21803       2984344.000000    573811.246320     66954367.000000 280358.000000 0.42        0.956200    0.001500    0.16        48.88       51.12       1.537300    0.008200    0.54        60.59       39.41       1.030000    0.001600    0.16        50.74       49.26   
2026-06-05 15:45:00 UTCALLOUSDT    0.192220      63.34     20487       3017486.000000    583401.615440     66854090.000000 -100277.000000-0.15       0.955800    -0.000400   -0.04       48.87       51.13       1.543700    0.006400    0.42        60.69       39.31       1.030500    0.000500    0.05        50.75       49.25   
2026-06-05 16:00:00 UTCALLOUSDT    0.192040      62.73     32951       5067262.000000    965411.580880     67008978.000000 154888.000000 0.23        0.966200    0.010400    1.09        49.14       50.86       1.542900    -0.000800   -0.05       60.68       39.32       1.046700    0.016200    1.57        51.14       48.86   
2026-06-05 16:15:00 UTCALLOUSDT    0.192390      63.47     20829       3975190.000000    761436.184580     66649414.000000 -359564.000000-0.54       0.980600    0.014400    1.49        49.51       50.49       1.553500    0.010600    0.69        60.84       39.16       1.060600    0.013900    1.33        51.47       48.53   
2026-06-05 16:30:00 UTCALLOUSDT    0.196010      70.07     18744       3920094.000000    758107.269320     67017960.000000 368546.000000 0.55        0.974700    -0.005900   -0.60       49.36       50.64       1.550700    -0.002800   -0.18       60.80       39.20       1.058500    -0.002100   -0.20       51.42       48.58   
2026-06-05 16:45:00 UTCALLOUSDT    0.194750      65.62     28560       6280050.000000    1236040.019730    66673276.000000 -344684.000000-0.51       0.967700    -0.007000   -0.72       49.18       50.82       1.528200    -0.022500   -1.45       60.45       39.55       1.058000    -0.000500   -0.05       51.41       48.59   
2026-06-05 17:00:00 UTCALLOUSDT    0.193780      62.34     22399       4148456.000000    805871.874310     67255232.000000 581956.000000 0.87        0.986100    0.018400    1.90        49.65       50.35       1.540900    0.012700    0.83        60.64       39.36       1.067800    0.009800    0.93        51.64       48.36   
2026-06-05 17:15:00 UTCALLOUSDT    0.196920      67.93     15822       2615464.000000    508077.527910     67371194.000000 115962.000000 0.17        0.998800    0.012700    1.29        49.97       50.03       1.547600    0.006700    0.43        60.75       39.25       1.082000    0.014200    1.33        51.97       48.03   
2026-06-05 17:30:00 UTCALLOUSDT    0.200560      72.94     23122       4573349.000000    912359.439510     67032253.000000 -338941.000000-0.50       1.005600    0.006800    0.68        50.14       49.86       1.548200    0.000600    0.04        60.76       39.24       1.078100    -0.003900   -0.36       51.88       48.12   
2026-06-05 17:45:00 UTCALLOUSDT    0.203460      76.14     25017       4438879.000000    897966.126030     67187183.000000 154930.000000 0.23        0.988900    -0.016700   -1.66       49.72       50.28       1.532600    -0.015600   -1.01       60.52       39.48       1.074700    -0.003400   -0.32       51.80       48.20   
2026-06-05 18:00:00 UTCALLOUSDT    0.208770      80.65     32832       6427118.000000    1317873.958380    66981175.000000 -206008.000000-0.31       0.980200    -0.008700   -0.88       49.50       50.50       1.515700    -0.016900   -1.10       60.25       39.75       1.078600    0.003900    0.36        51.89       48.11   
2026-06-05 18:15:00 UTCALLOUSDT    0.203060      66.17     37632       6241625.000000    1275794.245960    66951160.000000 -30015.000000 -0.04       0.994000    0.013800    1.41        49.85       50.15       1.503400    -0.012300   -0.81       60.05       39.95       1.090300    0.011700    1.08        52.16       47.84   
2026-06-05 18:30:00 UTCALLOUSDT    0.204650      67.90     20497       2624286.000000    535175.714570     66615648.000000 -335512.000000-0.50       0.968500    -0.025500   -2.57       49.20       50.80       1.489800    -0.013600   -0.90       59.84       40.16       1.073400    -0.016900   -1.55       51.77       48.23   
2026-06-05 18:45:00 UTCALLOUSDT    0.201280      60.80     28337       3943144.000000    804239.066000     66373764.000000 -241884.000000-0.36       0.972400    0.003900    0.40        49.30       50.70       1.487900    -0.001900   -0.13       59.80       40.20       1.076400    0.003000    0.28        51.84       48.16   
2026-06-05 19:00:00 UTCALLOUSDT    0.198210      55.15     27014       5401707.000000    1082936.230730    65895819.000000 -477945.000000-0.72       0.964600    -0.007800   -0.80       49.10       50.90       1.484900    -0.003000   -0.20       59.76       40.24       1.068300    -0.008100   -0.75       51.65       48.35   
2026-06-05 19:15:00 UTCALLOUSDT    0.214290      70.58     46979       8995389.000000    1870333.121920    65691001.000000 -204818.000000-0.31       0.945900    -0.018700   -1.94       48.61       51.39       1.498600    0.013700    0.92        59.98       40.02       1.039200    -0.029100   -2.72       50.96       49.04   
2026-06-05 19:30:00 UTCALLOUSDT    0.222350      75.19     190592      33796513.000000   7672943.421370    65727327.000000 36326.000000  0.06        0.913500    -0.032400   -3.43       47.74       52.26       1.467200    -0.031400   -2.10       59.47       40.53       1.034600    -0.004600   -0.44       50.85       49.15   
2026-06-05 19:45:00 UTCALLOUSDT    0.218580      69.69     103109      13644887.000000   3014409.476450    65346273.000000 -381054.000000-0.58       0.890700    -0.022800   -2.50       47.11       52.89       1.390500    -0.076700   -5.23       58.17       41.83       1.042100    0.007500    0.72        51.03       48.97   
2026-06-05 20:00:00 UTCALLOUSDT    0.227310      74.36     79905       13902064.000000   3060949.846110    64897037.000000 -449236.000000-0.69       0.912800    0.022100    2.48        47.72       52.28       1.404800    0.014300    1.03        58.42       41.58       1.063600    0.021500    2.06        51.54       48.46   
2026-06-05 20:15:00 UTCALLOUSDT    0.223130      68.89     68162       7869825.000000    1764355.313870    65036709.000000 139672.000000 0.22        0.929000    0.016200    1.77        48.16       51.84       1.410200    0.005400    0.38        58.51       41.49       1.081600    0.018000    1.69        51.96       48.04   
2026-06-05 20:30:00 UTCALLOUSDT    0.224060      69.42     47570       5673429.000000    1260094.131680    65121396.000000 84687.000000  0.13        0.934600    0.005600    0.60        48.31       51.69       1.418800    0.008600    0.61        58.66       41.34       1.105300    0.023700    2.19        52.50       47.50   
2026-06-05 20:45:00 UTCALLOUSDT    0.230610      72.98     65628       9788823.000000    2253824.164650    65075216.000000 -46180.000000 -0.07       0.936100    0.001500    0.16        48.35       51.65       1.425200    0.006400    0.45        58.77       41.23       1.105300    0.000000    0.00        52.50       47.50   
2026-06-05 21:00:00 UTCALLOUSDT    0.227970      69.47     51394       6857785.000000    1566606.935910    64840244.000000 -234972.000000-0.36       0.927200    -0.008900   -0.95       48.11       51.89       1.410200    -0.015000   -1.05       58.51       41.49       1.093400    -0.011900   -1.08       52.23       47.77   
2026-06-05 21:15:00 UTCALLOUSDT    0.232890      72.16     26072       6023621.000000    1398836.032930    64864057.000000 23813.000000  0.04        0.939900    0.012700    1.37        48.45       51.55       1.411100    0.000900    0.06        58.53       41.47       1.109700    0.016300    1.49        52.60       47.40   
2026-06-05 21:30:00 UTCALLOUSDT    0.234320      72.90     23872       7875501.000000    1835484.380260    64990339.000000 126282.000000 0.19        0.935000    -0.004900   -0.52       48.32       51.68       1.401200    -0.009900   -0.70       58.35       41.65       1.097800    -0.011900   -1.07       52.33       47.67   
2026-06-05 21:45:00 UTCALLOUSDT    0.235460      73.51     50702       7828111.000000    1864579.047960    65210566.000000 220227.000000 0.34        0.926800    -0.008200   -0.88       48.10       51.90       1.398800    -0.002400   -0.17       58.31       41.69       1.092900    -0.004900   -0.45       52.22       47.78   
2026-06-05 22:00:00 UTCALLOUSDT    0.237080      74.39     58506       8613886.000000    2015415.945320    65114513.000000 -96053.000000 -0.15       0.936500    0.009700    1.05        48.36       51.64       1.379800    -0.019000   -1.36       57.98       42.02       1.117300    0.024400    2.23        52.77       47.23   
2026-06-05 22:15:00 UTCALLOUSDT    0.224370      58.07     72496       10015783.000000   2289469.499650    65234650.000000 120137.000000 0.18        0.945900    0.009400    1.00        48.61       51.39       1.361900    -0.017900   -1.30       57.66       42.34       1.127200    0.009900    0.89        52.99       47.01   
2026-06-05 22:30:00 UTCALLOUSDT    0.229530      61.74     50822       6084757.000000    1389280.169980    64685792.000000 -548858.000000-0.84       0.969700    0.023800    2.52        49.23       50.77       1.376300    0.014400    1.06        57.92       42.08       1.144100    0.016900    1.50        53.36       46.64   
2026-06-05 22:45:00 UTCALLOUSDT    0.234210      64.76     45003       5070670.000000    1170778.411190    64667387.000000 -18405.000000 -0.03       0.940600    -0.029100   -3.00       48.47       51.53       1.376100    -0.000200   -0.01       57.91       42.09       1.107000    -0.037100   -3.24       52.54       47.46   
2026-06-05 23:00:00 UTCALLOUSDT    0.230650      60.83     63126       8294366.000000    1958853.121850    64843227.000000 175840.000000 0.27        0.927500    -0.013100   -1.39       48.12       51.88       1.376700    0.000600    0.04        57.92       42.08       1.098600    -0.008400   -0.76       52.35       47.65   
2026-06-05 23:15:00 UTCALLOUSDT    0.230420      60.58     49943       6043147.000000    1394120.472100    64544405.000000 -298822.000000-0.46       0.941700    0.014200    1.53        48.50       51.50       1.364100    -0.012600   -0.92       57.70       42.30       1.112800    0.014200    1.29        52.67       47.33   
2026-06-05 23:30:00 UTCALLOUSDT    0.231620      61.48     37395       4079573.000000    945432.824540     64460559.000000 -83846.000000 -0.13       0.927900    -0.013800   -1.47       48.13       51.87       1.367600    0.003500    0.26        57.76       42.24       1.102200    -0.010600   -0.95       52.43       47.57   
2026-06-05 23:45:00 UTCALLOUSDT    0.223530      52.67     51837       7183272.000000    1631015.984740    64573899.000000 113340.000000 0.18        0.929400    0.001500    0.16        48.17       51.83       1.366500    -0.001100   -0.08       57.74       42.26       1.106600    0.004400    0.40        52.53       47.47   
2026-06-06 00:00:00 UTCALLOUSDT    0.228700      56.92     37972       4679261.000000    1057474.902850    64107953.000000 -465946.000000-0.72       0.956600    0.027200    2.93        48.89       51.11       1.366500    0.000000    0.00        57.74       42.26       1.132200    0.025600    2.31        53.10       46.90   
2026-06-06 00:15:00 UTCALLOUSDT    0.231210      58.85     41470       6551348.000000    1508397.688160    64221557.000000 113604.000000 0.18        0.941700    -0.014900   -1.56       48.50       51.50       1.362300    -0.004200   -0.31       57.67       42.33       1.111900    -0.020300   -1.79       52.65       47.35   
2026-06-06 00:30:00 UTCALLOUSDT    0.237260      63.14     42260       5962869.000000    1387249.979580    64749289.000000 527732.000000 0.82        0.950100    0.008400    0.89        48.72       51.28       1.345900    -0.016400   -1.20       57.37       42.63       1.132200    0.020300    1.83        53.10       46.90   
2026-06-06 00:45:00 UTCALLOUSDT    0.229340      55.05     54048       7214961.000000    1658450.906530    64828846.000000 79557.000000  0.12        0.954700    0.004600    0.48        48.84       51.16       1.338700    -0.007200   -0.53       57.24       42.76       1.145500    0.013300    1.17        53.39       46.61   
2026-06-06 01:00:00 UTCALLOUSDT    0.225980      52.01     40662       5368504.000000    1231675.465830    64655492.000000 -173354.000000-0.27       0.972400    0.017700    1.85        49.30       50.70       1.351500    0.012800    0.96        57.47       42.53       1.159400    0.013900    1.21        53.69       46.31   
2026-06-06 01:15:00 UTCALLOUSDT    0.224590      50.76     34463       4891771.000000    1107977.411000    64650432.000000 -5060.000000  -0.01       0.982600    0.010200    1.05        49.56       50.44       1.347000    -0.004500   -0.33       57.39       42.61       1.166800    0.007400    0.64        53.85       46.15   
2026-06-06 01:30:00 UTCALLOUSDT    0.226410      52.37     23877       2947182.000000    666687.189420     64458807.000000 -191625.000000-0.30       0.992400    0.009800    1.00        49.81       50.19       1.351200    0.004200    0.31        57.47       42.53       1.168700    0.001900    0.16        53.89       46.11   
2026-06-06 01:45:00 UTCALLOUSDT    0.227330      53.21     63709       12276186.000000   2718096.354670    64429942.000000 -28865.000000 -0.04       0.986500    -0.005900   -0.59       49.66       50.34       1.341000    -0.010200   -0.75       57.28       42.72       1.165000    -0.003700   -0.32       53.81       46.19   
2026-06-06 02:00:00 UTCALLOUSDT    0.242230      64.17     109627      18850278.000000   4469891.637580    63898855.000000 -531087.000000-0.82       0.943600    -0.042900   -4.35       48.55       51.45       1.352600    0.011600    0.87        57.49       42.51       1.087200    -0.077800   -6.68       52.09       47.91   
2026-06-06 02:15:00 UTCALLOUSDT    0.232300      54.93     78737       13450838.000000   3206209.134270    65250203.000000 1351348.0000002.11        0.925700    -0.017900   -1.90       48.07       51.93       1.352700    0.000100    0.01        57.50       42.50       1.027200    -0.060000   -5.52       50.67       49.33   
2026-06-06 02:30:00 UTCALLOUSDT    0.214710      43.10     144043      27650813.000000   6126856.874840    64765691.000000 -484512.000000-0.74       0.974300    0.048600    5.25        49.35       50.65       1.368400    0.015700    1.16        57.78       42.22       1.090300    0.063100    6.14        52.16       47.84   
2026-06-06 02:45:00 UTCALLOUSDT    0.222780      48.57     96131       17143745.000000   3710368.900120    63478578.000000 -1287113.000000-1.99       1.042900    0.068600    7.04        51.05       48.95       1.372500    0.004100    0.30        57.85       42.15       1.160800    0.070500    6.47        53.72       46.28  
2026-06-06 03:00:00 UTCALLOUSDT    0.223200      48.85     43236       7334684.000000    1637690.380970    64661319.000000 1182741.0000001.86        1.029600    -0.013300   -1.28       50.73       49.27       1.411700    0.039200    2.86        58.54       41.46       1.138100    -0.022700   -1.96       53.23       46.77   
2026-06-06 03:15:00 UTCALLOUSDT    0.215410      44.12     30881       7463512.000000    1633504.143830    64381266.000000 -280053.000000-0.43       1.055100    0.025500    2.48        51.34       48.66       1.384700    -0.027000   -1.91       58.07       41.93       1.176300    0.038200    3.36        54.05       45.95   
2026-06-06 03:30:00 UTCALLOUSDT    0.222900      49.21     23621       5866403.000000    1299653.401060    64055281.000000 -325985.000000-0.51       1.040400    -0.014700   -1.39       50.99       49.01       1.404400    0.019700    1.42        58.41       41.59       1.129900    -0.046400   -3.94       53.05       46.95   
2026-06-06 03:45:00 UTCALLOUSDT    0.224140      50.02     18596       4494662.000000    1008600.174160    64649139.000000 593858.000000 0.93        1.010500    -0.029900   -2.87       50.26       49.74       1.404500    0.000100    0.01        58.41       41.59       1.100400    -0.029500   -2.61       52.39       47.61   
2026-06-06 04:00:00 UTCALLOUSDT    0.222270      48.76     38463       6111477.000000    1375842.616630    64423733.000000 -225406.000000-0.35       1.005200    -0.005300   -0.52       50.13       49.87       1.387500    -0.017000   -1.21       58.11       41.89       1.110600    0.010200    0.93        52.62       47.38   
2026-06-06 04:15:00 UTCALLOUSDT    0.222760      49.12     34988       5958533.000000    1343677.143740    64656935.000000 233202.000000 0.36        1.010100    0.004900    0.49        50.25       49.75       1.393200    0.005700    0.41        58.21       41.79       1.118600    0.008000    0.72        52.80       47.20   
2026-06-06 04:30:00 UTCALLOUSDT    0.224110      50.17     29095       5495655.000000    1230962.654690    65291534.000000 634599.000000 0.98        1.001600    -0.008500   -0.84       50.04       49.96       1.380200    -0.013000   -0.93       57.99       42.01       1.116400    -0.002200   -0.20       52.75       47.25   
2026-06-06 04:45:00 UTCALLOUSDT    0.234240      57.28     68019       11761851.000000   2718248.537240    66069425.000000 777891.000000 1.19        0.987300    -0.014300   -1.43       49.68       50.32       1.400600    0.020400    1.48        58.34       41.66       1.103900    -0.012500   -1.12       52.47       47.53   
2026-06-06 05:00:00 UTCALLOUSDT    0.230320      54.06     57195       8825506.000000    2058108.638880    66961746.000000 892321.000000 1.35        0.983700    -0.003600   -0.36       49.59       50.41       1.384800    -0.015800   -1.13       58.07       41.93       1.114200    0.010300    0.93        52.70       47.30   
2026-06-06 05:15:00 UTCALLOUSDT    0.238550      59.23     52870       10844572.000000   2547332.354490    67283775.000000 322029.000000 0.48        0.983300    -0.000400   -0.04       49.58       50.42       1.405900    0.021100    1.52        58.44       41.56       1.121300    0.007100    0.64        52.86       47.14   
2026-06-06 05:30:00 UTCALLOUSDT    0.241400      60.88     59438       11060708.000000   2638068.846610    68638528.000000 1354753.0000002.01        0.978200    -0.005100   -0.52       49.45       50.55       1.398200    -0.007700   -0.55       58.30       41.70       1.124900    0.003600    0.32        52.94       47.06   
2026-06-06 05:45:00 UTCALLOUSDT    0.246980      63.94     82031       15759070.000000   3807751.689540    69262729.000000 624201.000000 0.91        0.988900    0.010700    1.09        49.72       50.28       1.394900    -0.003300   -0.24       58.24       41.76       1.134500    0.009600    0.85        53.15       46.85   
2026-06-06 06:00:00 UTCALLOUSDT    0.253020      66.96     102954      21538205.000000   5373158.299430    69503350.000000 240621.000000 0.35        0.979400    -0.009500   -0.96       49.48       50.52       1.388500    -0.006400   -0.46       58.13       41.87       1.125400    -0.009100   -0.80       52.95       47.05   
2026-06-06 06:15:00 UTCALLOUSDT    0.244720      59.58     102616      21949082.000000   5440300.934420    69942804.000000 439454.000000 0.63        0.944800    -0.034600   -3.53       48.58       51.42       1.342500    -0.046000   -3.31       57.31       42.69       1.108800    -0.016600   -1.48       52.58       47.42   
2026-06-06 06:30:00 UTCALLOUSDT    0.237930      54.31     81562       17399118.000000   4154656.267940    68794344.000000 -1148460.000000-1.64       1.005600    0.060800    6.44        50.14       49.86       1.332400    -0.010100   -0.75       57.13       42.87       1.143600    0.034800    3.14        53.35       46.65  
2026-06-06 06:45:00 UTCALLOUSDT    0.241260      56.35     102595      20964559.000000   4953681.804690    69012978.000000 218634.000000 0.32        1.048300    0.042700    4.25        51.18       48.82       1.365000    0.032600    2.45        57.72       42.28       1.169700    0.026100    2.28        53.91       46.09   
2026-06-06 07:00:00 UTCALLOUSDT    0.238400      54.12     78689       13440811.000000   3246672.103710    69123714.000000 110736.000000 0.16        1.064000    0.015700    1.50        51.55       48.45       1.376700    0.011700    0.86        57.93       42.07       1.182000    0.012300    1.05        54.17       45.83   
2026-06-06 07:15:00 UTCALLOUSDT    0.241320      56.03     53102       9556980.000000    2324359.576810    69496680.000000 372966.000000 0.54        1.074300    0.010300    0.97        51.79       48.21       1.373700    -0.003000   -0.22       57.87       42.13       1.182500    0.000500    0.04        54.18       45.82   
2026-06-06 07:30:00 UTCALLOUSDT    0.240630      55.44     49831       11475544.000000   2724634.740730    69598386.000000 101706.000000 0.15        1.062300    -0.012000   -1.12       51.51       48.49       1.356400    -0.017300   -1.26       57.56       42.44       1.170600    -0.011900   -1.01       53.93       46.07   
2026-06-06 07:45:00 UTCALLOUSDT    0.253280      63.11     82325       17031029.000000   4242070.852970    70603954.000000 1005568.0000001.44        1.070800    0.008500    0.80        51.71       48.29       1.393500    0.037100    2.74        58.22       41.78       1.178200    0.007600    0.65        54.09       45.91   
2026-06-06 08:00:00 UTCALLOUSDT    0.257500      65.25     113678      21206567.000000   5409602.056860    71568813.000000 964859.000000 1.37        0.979000    -0.091800   -8.57       49.47       50.53       1.374800    -0.018700   -1.34       57.89       42.11       1.090300    -0.087900   -7.46       52.16       47.84   
2026-06-06 08:15:00 UTCALLOUSDT    0.264840      68.67     109443      22320928.000000   5815914.492450    73696267.000000 2127454.0000002.97        0.924200    -0.054800   -5.60       48.03       51.97       1.342100    -0.032700   -2.38       57.30       42.70       1.030900    -0.059400   -5.45       50.76       49.24   
2026-06-06 08:30:00 UTCALLOUSDT    0.269200      70.52     124445      25487889.000000   6749586.183100    74420350.000000 724083.000000 0.98        0.911700    -0.012500   -1.35       47.69       52.31       1.334200    -0.007900   -0.59       57.16       42.84       1.031700    0.000800    0.08        50.78       49.22   
2026-06-06 08:45:00 UTCALLOUSDT    0.274530      72.65     149955      31478387.000000   8543326.279500    75603019.000000 1182669.0000001.59        0.895700    -0.016000   -1.75       47.25       52.75       1.330700    -0.003500   -0.26       57.09       42.91       1.016100    -0.015600   -1.51       50.40       49.60   
2026-06-06 09:00:00 UTCALLOUSDT    0.278430      74.12     115444      20013898.000000   5543558.254750    77516758.000000 1913739.0000002.53        0.887500    -0.008200   -0.92       47.02       52.98       1.340500    0.009800    0.74        57.27       42.73       0.998800    -0.017300   -1.70       49.97       50.03   
2026-06-06 09:15:00 UTCALLOUSDT    0.288080      77.37     151326      33263629.000000   9459168.283620    78732853.000000 1216095.0000001.57        0.864600    -0.022900   -2.58       46.37       53.63       1.309200    -0.031300   -2.33       56.69       43.31       0.978600    -0.020200   -2.02       49.46       50.54   
2026-06-06 09:30:00 UTCALLOUSDT    0.302350      81.14     216657      45240314.000000   13366834.135780   80102316.000000 1369463.0000001.74        0.831500    -0.033100   -3.83       45.40       54.60       1.284300    -0.024900   -1.90       56.22       43.78       0.963500    -0.015100   -1.54       49.07       50.93   
2026-06-06 09:45:00 UTCALLOUSDT    0.324850      85.30     372541      80779467.000000   25393188.572930   80776867.000000 674551.000000 0.84        0.794400    -0.037100   -4.46       44.27       55.73       1.202100    -0.082200   -6.40       54.59       45.41       0.939900    -0.023600   -2.45       48.45       51.55   
2026-06-06 10:00:00 UTCALLOUSDT    0.325180      85.35     497236      102658961.000000  35244359.362130   82404397.000000 1627530.0000002.01        0.740600    -0.053800   -6.77       42.55       57.45       1.199800    -0.002300   -0.19       54.54       45.46       0.865000    -0.074900   -7.97       46.38       53.62   
2026-06-06 10:15:00 UTCALLOUSDT    0.361560      89.62     449210      86551195.000000   30794058.688680   81483202.000000 -921195.000000-1.12       0.669200    -0.071400   -9.64       40.09       59.91       1.182700    -0.017100   -1.43       54.18       45.82       0.744000    -0.121000   -13.99      42.66       57.34   
2026-06-06 10:30:00 UTCALLOUSDT    0.372150      90.49     411066      72175351.000000   26047557.187300   84898681.000000 3415479.0000004.19        0.621000    -0.048200   -7.20       38.31       61.69       1.151600    -0.031100   -2.63       53.52       46.48       0.714400    -0.029600   -3.98       41.67       58.33   
2026-06-06 10:45:00 UTCALLOUSDT    0.389730      91.73     390865      70695648.000000   26967171.543190   85497892.000000 599211.000000 0.71        0.599500    -0.021500   -3.46       37.48       62.52       1.165100    0.013500    1.17        53.81       46.19       0.682100    -0.032300   -4.52       40.55       59.45   
2026-06-06 11:00:00 UTCALLOUSDT    0.409230      92.85     453160      78908706.000000   31589896.172610   86864608.000000 1366716.0000001.60        0.579800    -0.019700   -3.29       36.70       63.30       1.154900    -0.010200   -0.88       53.59       46.41       0.683200    0.001100    0.16        40.59       59.41   
2026-06-06 11:15:00 UTCALLOUSDT    0.434190      93.97     390038      68514295.000000   28652444.751550   88895526.000000 2030918.0000002.34        0.586500    0.006700    1.16        36.97       63.03       1.146900    -0.008000   -0.69       53.42       46.58       0.687500    0.004300    0.63        40.74       59.26   
2026-06-06 11:30:00 UTCALLOUSDT    0.426070      89.08     517262      93675467.000000   41680833.026220   89237072.000000 341546.000000 0.38        0.571600    -0.014900   -2.54       36.37       63.63       1.140800    -0.006100   -0.53       53.29       46.71       0.685500    -0.002000   -0.29       40.67       59.33   
2026-06-06 11:45:00 UTCALLOUSDT    0.391300      71.85     450604      75989058.000000   30841964.623670   86833846.000000 -2403226.000000-2.69       0.573100    0.001500    0.26        36.43       63.57       1.161600    0.020800    1.82        53.74       46.26       0.663900    -0.021600   -3.15       39.90       60.10  
2026-06-06 12:00:00 UTCALLOUSDT    0.416350      75.52     485834      85812169.000000   35788172.256550   85343395.000000 -1490451.000000-1.72       0.582500    0.009400    1.64        36.81       63.19       1.202800    0.041200    3.55        54.60       45.40       0.631600    -0.032300   -4.87       38.71       61.29  
2026-06-06 12:15:00 UTCALLOUSDT    0.379750      62.66     368801      58443028.000000   23937756.206040   85085610.000000 -257785.000000-0.30       0.579500    -0.003000   -0.52       36.69       63.31       1.194600    -0.008200   -0.68       54.43       45.57       0.669400    0.037800    5.98        40.10       59.90   
2026-06-06 12:30:00 UTCALLOUSDT    0.396400      65.53     318596      49671822.000000   19599514.400100   84579592.000000 -506018.000000-0.59       0.597700    0.018200    3.14        37.41       62.59       1.210100    0.015500    1.30        54.75       45.25       0.654000    -0.015400   -2.30       39.54       60.46   
2026-06-06 12:45:00 UTCALLOUSDT    0.419510      69.09     299737      46354365.000000   18709077.036300   86421018.000000 1841426.0000002.18        0.567600    -0.030100   -5.04       36.21       63.79       1.215100    0.005000    0.41        54.86       45.14       0.617900    -0.036100   -5.52       38.19       61.81   
2026-06-06 13:00:00 UTCALLOUSDT    0.422460      69.52     239066      32807230.000000   13720699.640520   86807395.000000 386377.000000 0.45        0.553000    -0.014600   -2.57       35.61       64.39       1.206200    -0.008900   -0.73       54.67       45.33       0.617600    -0.000300   -0.05       38.18       61.82   
2026-06-06 13:15:00 UTCALLOUSDT    0.426010      70.07     239305      32557646.000000   13834613.943470   88695714.000000 1888319.0000002.18        0.550900    -0.002100   -0.38       35.52       64.48       1.206300    0.000100    0.01        54.68       45.32       0.628700    0.011100    1.80        38.60       61.40   
2026-06-06 13:30:00 UTCALLOUSDT    0.427320      70.28     207915      27523137.000000   11846528.844230   88878859.000000 183145.000000 0.21        0.541300    -0.009600   -1.74       35.12       64.88       1.191000    -0.015300   -1.27       54.36       45.64       0.629200    0.000500    0.08        38.62       61.38   
2026-06-06 13:45:00 UTCALLOUSDT    0.408850      63.50     268732      41417292.000000   17289379.680520   88378998.000000 -499861.000000-0.56       0.538200    -0.003100   -0.57       34.99       65.01       1.179200    -0.011800   -0.99       54.11       45.89       0.626800    -0.002400   -0.38       38.53       61.47   
2026-06-06 14:00:00 UTCALLOUSDT    0.419800      65.62     194380      27891502.000000   11449945.133710   87770905.000000 -608093.000000-0.69       0.532800    -0.005400   -1.00       34.76       65.24       1.198300    0.019100    1.62        54.51       45.49       0.594400    -0.032400   -5.17       37.28       62.72   
2026-06-06 14:15:00 UTCALLOUSDT    0.398320      58.45     203098      29680187.000000   12049763.633880   88436052.000000 665147.000000 0.76        0.543000    0.010200    1.91        35.19       64.81       1.206600    0.008300    0.69        54.68       45.32       0.610300    0.015900    2.67        37.90       62.10   
2026-06-06 14:30:00 UTCALLOUSDT    0.395430      57.54     194888      25097591.000000   9983163.213320    89509382.000000 1073330.0000001.21        0.538500    -0.004500   -0.83       35.00       65.00       1.231500    0.024900    2.06        55.19       44.81       0.583800    -0.026500   -4.34       36.86       63.14   
2026-06-06 14:45:00 UTCALLOUSDT    0.409520      60.75     168143      25199476.000000   10308935.264190   90536194.000000 1026812.0000001.15        0.535600    -0.002900   -0.54       34.88       65.12       1.241500    0.010000    0.81        55.39       44.61       0.577500    -0.006300   -1.08       36.61       63.39   
2026-06-06 15:00:00 UTCALLOUSDT    0.415950      62.16     194212      29007000.000000   12068764.080500   90452405.000000 -83789.000000 -0.09       0.533700    -0.001900   -0.35       34.80       65.20       1.239000    -0.002500   -0.20       55.34       44.66       0.580300    0.002800    0.48        36.72       63.28   
2026-06-06 15:15:00 UTCALLOUSDT    0.417940      62.60     116008      14868351.000000   6226854.231550    90769414.000000 317009.000000 0.35        0.532800    -0.000900   -0.17       34.76       65.24       1.233200    -0.005800   -0.47       55.22       44.78       0.599500    0.019200    3.31        37.48       62.52   
2026-06-06 15:30:00 UTCALLOUSDT    0.416730      62.12     21097       2616276.000000    1090824.270830    90835171.000000 65757.000000  0.07        0.535400    0.002600    0.49        34.87       65.13       1.220900    -0.012300   -1.00       54.97       45.03       0.597200    -0.002300   -0.38       37.39       62.61   

==============================================================================================================
LAST SNAPSHOT
==============================================================================================================
Time                : 2026-06-06 15:30:00 UTC
Symbol              : ALLOUSDT
Close               : 0.416730
RSI(14)            : 62.12
Number of Trades    : 21097
Volume              : 2616276.000000
Quote Volume        : 1090824.270830
Quote Volume Source : binance_kline_quote_asset_volume

Open Interest       : 90835171.000000
OI Change           : 65757.000000
OI Change %         : 0.07%
OI Value            : 37963651.367740

Top Acco L/S Ratio  : 0.535400
Top Acco L/S Change : 0.002600
Top Acco Chg %      : 0.49%
Top Acco Long %     : 34.87
Top Acco Short %    : 65.13

Top Posit L/S Ratio : 1.220900
Top Posit L/S Change: -0.012300
Top Posit Chg %     : -1.00%
Top Posit Long %    : 54.97
Top Posit Short %   : 45.03

Global L/S Ratio    : 0.597200
Global L/S Change   : -0.002300
Global Chg %        : -0.38%
Global Long %       : 37.39
Global Short %      : 62.61

[Program finished]
