####################################################################################################
FETCHING BINANCE FUTURES DATA ...
####################################################################################################
SYMBOL     : ARIAUSDT
PERIOD     : 15m
LIMIT      : 100
RSI_PERIOD : 14
PRINT MODE : CSV_STYLE
NOTE       : EACH OUTPUT ROW = ONE ACTUAL KLINE CANDLE
####################################################################################################

============================================================================================================================================
ANALYSIS-READY CANDLE DATA FOR V3.2.1 | CSV STYLE | EACH ROW = ONE 15m CANDLE
============================================================================================================================================
candle_index,time,symbol,open,high,low,close,close_change,close_change_pct,candle_body_pct,price_range_pct,rsi,number_of_trades,trades_change,trades_change_pct,volume,volume_change,volume_change_pct,quote_volume,quote_volume_change,quote_volume_change_pct,taker_buy_base_volume,taker_buy_quote_volume,taker_sell_quote_volume,taker_buy_quote_pct,oi,oi_value,oi_change,oi_change_pct,oi_value_change,oi_value_change_pct,acco_ls_ratio,acco_ls_change,acco_ls_change_pct,acco_long_pct,acco_short_pct,posit_ls_ratio,posit_ls_change,posit_ls_change_pct,posit_long_pct,posit_short_pct,global_ls_ratio,global_ls_change,global_ls_change_pct,global_long_pct,global_short_pct,quote_volume_source,oi_match_delta_min,acco_match_delta_min,posit_match_delta_min,global_match_delta_min,data_quality1,2026-06-07 17:30:00 UTC,ARIAUSDT,0.029620,0.030220,0.029480,0.030000,0.000000,0.000000,1.282917,2.498312,71.428571,1450,0.000000,0.000000,1912856.000000,0.000000,0.000000,57104.649430,0.000000,0.000000,1199175.000000,35837.790440,21266.858990,62.758096,62936945.000000,1863562.941450,0.000000,0.000000,0.000000,0.000000,5.793500,0.000000,0.000000,85.280000,14.720000,1.360000,0.000000,0.000000,57.630000,42.370000,5.793500,0.000000,0.000000,85.280000,14.720000,binance_kline_quote_asset_volume,0.000000,0.000000,0.000000,0.000000,OK
2,2026-06-07 17:45:00 UTC,ARIAUSDT,0.030010,0.030010,0.029650,0.029970,-0.000030,-0.100000,-0.133289,1.199600,70.593150,1188,-262,-18.068966,1060229.000000,-852627.000000,-44.573507,31636.580530,-25468.068900,-44.598941,701598.000000,20940.304610,10696.275920,66.190164,63067093.000000,1890661.892868,130148.000000,0.206791,27098.951418,1.454147,5.868100,0.074600,1.287650,85.440000,14.560000,1.362800,0.002800,0.205882,57.680000,42.320000,5.784300,-0.009200,-0.158799,85.260000,14.740000,binance_kline_quote_asset_volume,0.000000,0.000000,0.000000,0.000000,OK
3,2026-06-07 18:00:00 UTC,ARIAUSDT,0.029970,0.030710,0.029930,0.030300,0.000330,1.101101,1.101101,2.602603,74.171699,2765,1577,132.744108,2666963.000000,1606734.000000,151.545940,80829.502120,49192.921590,155.493801,1528677.000000,46376.642260,34452.859860,57.375885,63393354.000000,1899739.068128,326261.000000,0.517324,9077.175260,0.480106,5.798100,-0.070000,-1.192890,85.290000,14.710000,1.351800,-0.011000,-0.807162,57.480000,42.520000,5.779700,-0.004600,-0.079526,85.250000,14.750000,binance_kline_quote_asset_volume,0.000000,0.000000,0.000000,0.000000,OK
4,2026-06-07 18:15:00 UTC,ARIAUSDT,0.030300,0.030300,0.029840,0.029980,-0.000320,-1.056106,-1.056106,1.518152,65.808691,1984,-781,-28.245931,1939283.000000,-727680.000000,-27.284968,58171.988140,-22657.513980,-28.031243,774088.000000,23228.824280,34943.163860,39.931288,63668098.000000,1928295.947016,274744.000000,0.433396,28556.878888,1.503200,5.825900,0.027800,0.479467,85.350000,14.650000,1.346700,-0.005100,-0.377275,57.390000,42.610000,5.798100,0.018400,0.318356,85.290000,14.710000,binance_kline_quote_asset_volume,0.000000,0.000000,0.000000,0.000000,OK
5,2026-06-07 18:30:00 UTC,ARIAUSDT,0.029980,0.030050,0.029690,0.029990,0.000010,0.033356,0.033356,1.200801,65.937941,877,-1107,-55.796371,836029.000000,-1103254.000000,-56.889789,24957.234300,-33214.753840,-57.097505,318853.000000,9522.611790,15434.622510,38.155717,63383761.000000,1899537.792007,-284337.000000,-0.446593,-28758.155008,-1.491377,5.784300,-0.041600,-0.714053,85.260000,14.740000,1.343400,-0.003300,-0.245043,57.330000,42.670000,5.738500,-0.059600,-1.027923,85.160000,14.840000,binance_kline_quote_asset_volume,0.000000,0.000000,0.000000,0.000000,OK
6,2026-06-07 18:45:00 UTC,ARIAUSDT,0.030000,0.030030,0.029460,0.029520,-0.000470,-1.567189,-1.600000,1.900000,55.347895,762,-115,-13.112885,702939.000000,-133090.000000,-15.919304,20923.509290,-4033.725010,-16.162548,311136.000000,9261.140790,11662.368500,44.261891,63316783.000000,1898870.322170,-66978.000000,-0.105671,-667.469837,-0.035139,5.775100,-0.009200,-0.159051,85.240000,14.760000,1.346200,0.002800,0.208426,57.380000,42.620000,5.743100,0.004600,0.080160,85.170000,14.830000,binance_kline_quote_asset_volume,0.000000,0.000000,0.000000,0.000000,OK
7,2026-06-07 19:00:00 UTC,ARIAUSDT,0.029530,0.029530,0.029110,0.029460,-0.000060,-0.203252,-0.237047,1.422282,54.152210,1586,824,108.136483,2710925.000000,2007986.000000,285.655797,79476.550570,58553.041280,279.843312,1335289.000000,39155.415510,40321.135060,49.266627,63227978.000000,1865364.452552,-88805.000000,-0.140255,-33505.869618,-1.764516,5.858700,0.083600,1.447594,85.420000,14.580000,1.343100,-0.003100,-0.230278,57.320000,42.680000,5.798100,0.055000,0.957671,85.290000,14.710000,binance_kline_quote_asset_volume,0.000000,0.000000,0.000000,0.000000,OK
8,2026-06-07 19:15:00 UTC,ARIAUSDT,0.029480,0.029480,0.028750,0.029020,-0.000440,-1.493551,-1.560380,2.476255,46.259865,2157,571,36.002522,3339455.000000,628530.000000,23.185075,96705.195520,17228.644950,21.677646,1610725.000000,46648.356440,50056.839080,48.237694,63166503.000000,1860484.071086,-61475.000000,-0.097228,-4880.381466,-0.261632,5.854000,-0.004700,-0.080223,85.410000,14.590000,1.342700,-0.000400,-0.029782,57.310000,42.690000,5.747600,-0.050500,-0.870975,85.180000,14.820000,binance_kline_quote_asset_volume,0.000000,0.000000,0.000000,0.000000,OK
9,2026-06-07 19:30:00 UTC,ARIAUSDT,0.029040,0.029150,0.028640,0.028780,-0.000240,-0.827016,-0.895317,1.756198,42.611796,1548,-609,-28.233658,2107391.000000,-1232064.000000,-36.894164,60960.023160,-35745.172360,-36.963032,862494.000000,24962.418620,35997.604540,40.948834,62934678.000000,1826834.477605,-231825.000000,-0.367006,-33649.593481,-1.808647,5.887100,0.033100,0.565425,85.480000,14.520000,1.343000,0.000300,0.022343,57.320000,42.680000,5.775100,0.027500,0.478461,85.240000,14.760000,binance_kline_quote_asset_volume,0.000000,0.000000,0.000000,0.000000,OK
10,2026-06-07 19:45:00 UTC,ARIAUSDT,0.028800,0.029000,0.028720,0.028870,0.000090,0.312717,0.243056,0.972222,44.383054,1287,-261,-16.860465,1351304.000000,-756087.000000,-35.877870,39012.130000,-21947.893160,-36.003748,575760.000000,16629.500090,22382.629910,42.626486,62800240.000000,1807285.402797,-134438.000000,-0.213615,-19549.074808,-1.070107,5.887100,0.000000,0.000000,85.480000,14.520000,1.345500,0.002500,0.186150,57.360000,42.640000,5.802700,0.027600,0.477914,85.300000,14.700000,binance_kline_quote_asset_volume,0.000000,0.000000,0.000000,0.000000,OK
11,2026-06-07 20:00:00 UTC,ARIAUSDT,0.028820,0.029180,0.028660,0.029130,0.000260,0.900589,1.075642,1.804303,49.255669,677,-610,-47.397047,712759.000000,-638545.000000,-47.253986,20647.681280,-18364.448720,-47.073689,282898.000000,8203.401060,12444.280220,39.730374,62729645.000000,1811007.987632,-70595.000000,-0.112412,3722.584835,0.205977,5.872900,-0.014200,-0.241205,85.450000,14.550000,1.344700,-0.000800,-0.059457,57.350000,42.650000,5.793500,-0.009200,-0.158547,85.280000,14.720000,binance_kline_quote_asset_volume,0.000000,0.000000,0.000000,0.000000,OK
12,2026-06-07 20:15:00 UTC,ARIAUSDT,0.029150,0.029880,0.029110,0.029650,0.000520,1.785101,1.715266,2.641509,57.311036,968,291,42.983752,1192557.000000,479798.000000,67.315600,35272.419030,14624.737750,70.829928,658262.000000,19469.148090,15803.270940,55.196521,62685736.000000,1826035.489680,-43909.000000,-0.069997,15027.502048,0.829787,5.872900,0.000000,0.000000,85.450000,14.550000,1.342600,-0.002100,-0.156169,57.310000,42.690000,5.830600,0.037100,0.640373,85.360000,14.640000,binance_kline_quote_asset_volume,0.000000,0.000000,0.000000,0.000000,OK
13,2026-06-07 20:30:00 UTC,ARIAUSDT,0.029640,0.029780,0.029450,0.029720,0.000070,0.236088,0.269906,1.113360,58.271346,741,-227,-23.450413,903358.000000,-289199.000000,-24.250329,26709.335720,-8563.083310,-24.276995,512606.000000,15157.132010,11552.203710,56.748442,62656278.000000,1857758.642700,-29458.000000,-0.046993,31723.153020,1.737269,5.729500,-0.143400,-2.441724,85.140000,14.860000,1.335200,-0.007400,-0.551169,57.180000,42.820000,5.609400,-0.221200,-3.793778,84.870000,15.130000,binance_kline_quote_asset_volume,0.000000,0.000000,0.000000,0.000000,OK
14,2026-06-07 20:45:00 UTC,ARIAUSDT,0.029720,0.029790,0.029530,0.029530,-0.000190,-0.639300,-0.639300,0.874832,54.676060,643,-98,-13.225371,525547.000000,-377811.000000,-41.822954,15603.802260,-11105.533460,-41.579220,286214.000000,8499.881570,7103.920690,54.473143,62748941.000000,1864898.526520,92663.000000,0.147891,7139.883820,0.384328,5.729500,0.000000,0.000000,85.140000,14.860000,1.334600,-0.000600,-0.044937,57.170000,42.830000,5.653400,0.044000,0.784398,84.970000,15.030000,binance_kline_quote_asset_volume,0.000000,0.000000,0.000000,0.000000,OK
15,2026-06-07 21:00:00 UTC,ARIAUSDT,0.029530,0.029600,0.029330,0.029570,0.000040,0.135455,0.135455,0.914324,55.301325,639,-4,-0.622084,670667.000000,145120.000000,27.613135,19747.348350,4143.546090,26.554721,238137.000000,7016.324410,12731.023940,35.530464,62803079.000000,1854574.922870,54138.000000,0.086277,-10323.603650,-0.553575,5.720400,-0.009100,-0.158827,85.120000,14.880000,1.332400,-0.002200,-0.164843,57.130000,42.870000,5.644500,-0.008900,-0.157427,84.950000,15.050000,binance_kline_quote_asset_volume,0.000000,0.000000,0.000000,0.000000,OK
16,2026-06-07 21:15:00 UTC,ARIAUSDT,0.029550,0.029720,0.029350,0.029400,-0.000170,-0.574907,-0.507614,1.252115,52.016935,622,-17,-2.660407,924287.000000,253620.000000,37.816085,27293.282710,7545.934360,38.212393,626507.000000,18501.742500,8791.540210,67.788630,62628486.000000,1851159.637206,-174593.000000,-0.278001,-3415.285664,-0.184155,5.825900,0.105500,1.844277,85.350000,14.650000,1.330500,-0.001900,-0.142600,57.090000,42.910000,5.784300,0.139800,2.476747,85.260000,14.740000,binance_kline_quote_asset_volume,0.000000,0.000000,0.000000,0.000000,OK
17,2026-06-07 21:30:00 UTC,ARIAUSDT,0.029380,0.029420,0.029170,0.029350,-0.000050,-0.170068,-0.102110,0.850919,51.056482,468,-154,-24.758842,425880.000000,-498407.000000,-53.923403,12488.553020,-14804.729690,-54.243126,150785.000000,4420.707380,8067.845640,35.398075,62424201.000000,1835271.509400,-204285.000000,-0.326185,-15888.127806,-0.858280,5.854000,0.028100,0.482329,85.410000,14.590000,1.323800,-0.006700,-0.503570,56.970000,43.030000,5.798100,0.013800,0.238577,85.290000,14.710000,binance_kline_quote_asset_volume,0.000000,0.000000,0.000000,0.000000,OK
18,2026-06-07 21:45:00 UTC,ARIAUSDT,0.029350,0.029630,0.029240,0.029590,0.000240,0.817717,0.817717,1.328790,55.320916,525,57,12.179487,369273.000000,-56607.000000,-13.291772,10866.388780,-1622.164240,-12.989209,143219.000000,4216.476110,6649.912670,38.802920,62373559.000000,1830206.758463,-50642.000000,-0.081126,-5064.750937,-0.275967,5.844600,-0.009400,-0.160574,85.390000,14.610000,1.325200,0.001400,0.105756,56.990000,43.010000,5.788900,-0.009200,-0.158673,85.270000,14.730000,binance_kline_quote_asset_volume,0.000000,0.000000,0.000000,0.000000,OK
19,2026-06-07 22:00:00 UTC,ARIAUSDT,0.029590,0.030930,0.029420,0.030840,0.001250,4.224400,4.224400,5.103075,69.988016,1574,1049,199.809524,1831775.000000,1462502.000000,396.048994,55401.893200,44535.504420,409.846411,950034.000000,28778.236570,26623.656630,51.944500,62329537.000000,1843542.531187,-44022.000000,-0.070578,13335.772724,0.728648,5.816600,-0.028000,-0.479075,85.330000,14.670000,1.323900,-0.001300,-0.098098,56.970000,43.030000,5.807400,0.018500,0.319577,85.310000,14.690000,binance_kline_quote_asset_volume,0.000000,0.000000,0.000000,0.000000,OK
20,2026-06-07 22:15:00 UTC,ARIAUSDT,0.030820,0.031290,0.030600,0.031080,0.000240,0.778210,0.843608,2.238806,71.895669,2699,1125,71.473952,3506312.000000,1674537.000000,91.416085,108407.403330,53005.510130,95.674547,1483932.000000,45929.024520,62478.378810,42.367055,62566685.000000,1921514.243710,237148.000000,0.380475,77971.712523,4.229450,5.583300,-0.233300,-4.010934,84.810000,15.190000,1.312000,-0.011900,-0.898859,56.750000,43.250000,5.648900,-0.158500,-2.729276,84.960000,15.040000,binance_kline_quote_asset_volume,0.000000,0.000000,0.000000,0.000000,OK
21,2026-06-07 22:30:00 UTC,ARIAUSDT,0.031100,0.031700,0.030800,0.031310,0.000230,0.740026,0.675241,2.893891,73.625822,2072,-627,-23.230826,2549266.000000,-957046.000000,-27.294947,79717.381020,-28690.022310,-26.465003,1290406.000000,40337.955610,39379.425410,50.601205,61809894.000000,1919440.121583,-756791.000000,-1.209575,-2074.122127,-0.107942,5.587600,0.004300,0.077015,84.820000,15.180000,1.328400,0.016400,1.250000,57.050000,42.950000,5.644500,-0.004400,-0.077891,84.950000,15.050000,binance_kline_quote_asset_volume,0.000000,0.000000,0.000000,0.000000,OK
22,2026-06-07 22:45:00 UTC,ARIAUSDT,0.031330,0.031450,0.031050,0.031210,-0.000100,-0.319387,-0.383019,1.276732,71.563023,1484,-588,-28.378378,1516828.000000,-1032438.000000,-40.499422,47428.502110,-32288.878910,-40.504189,582696.000000,18219.623820,29208.878290,38.414926,61850397.000000,1936535.930070,40503.000000,0.065528,17095.808487,0.890666,5.557400,-0.030200,-0.540482,84.750000,15.250000,1.333800,0.005400,0.406504,57.150000,42.850000,5.566000,-0.078500,-1.390734,84.770000,15.230000,binance_kline_quote_asset_volume,0.000000,0.000000,0.000000,0.000000,OK
23,2026-06-07 23:00:00 UTC,ARIAUSDT,0.031200,0.031300,0.030940,0.031250,0.000040,0.128164,0.160256,1.153846,71.902136,1379,-105,-7.075472,1334574.000000,-182254.000000,-12.015469,41555.524180,-5872.977930,-12.382803,619174.000000,19278.571210,22276.952970,46.392319,61861026.000000,1929679.854229,10629.000000,0.017185,-6856.075841,-0.354038,5.514700,-0.042700,-0.768345,84.650000,15.350000,1.340500,0.006700,0.502324,57.270000,42.730000,5.600700,0.034700,0.623428,84.850000,15.150000,binance_kline_quote_asset_volume,0.000000,0.000000,0.000000,0.000000,OK
24,2026-06-07 23:15:00 UTC,ARIAUSDT,0.031250,0.031380,0.030880,0.031050,-0.000200,-0.640000,-0.640000,1.600000,67.563735,852,-527,-38.216099,624092.000000,-710482.000000,-53.236613,19408.028950,-22147.495230,-53.296152,265563.000000,8270.673550,11137.355400,42.614701,61917392.000000,1933043.022196,56366.000000,0.091117,3363.167968,0.174286,5.587600,0.072900,1.321921,84.820000,15.180000,1.340700,0.000200,0.014920,57.280000,42.720000,5.693400,0.092700,1.655150,85.060000,14.940000,binance_kline_quote_asset_volume,0.000000,0.000000,0.000000,0.000000,OK
25,2026-06-07 23:30:00 UTC,ARIAUSDT,0.031050,0.031050,0.030620,0.030720,-0.000330,-1.062802,-1.062802,1.384863,61.021320,1100,248,29.107981,1537664.000000,913572.000000,146.384187,47370.801280,27962.772330,144.078373,606204.000000,18653.595550,28717.205730,39.377834,61926318.000000,1922598.528103,8926.000000,0.014416,-10444.494093,-0.540314,5.574600,-0.013000,-0.232658,84.790000,15.210000,1.343100,0.002400,0.179011,57.320000,42.680000,5.662200,-0.031200,-0.548003,84.990000,15.010000,binance_kline_quote_asset_volume,0.000000,0.000000,0.000000,0.000000,OK
26,2026-06-07 23:45:00 UTC,ARIAUSDT,0.030720,0.030770,0.030430,0.030540,-0.000180,-0.585937,-0.585937,1.106771,57.737168,1060,-40,-3.636364,995458.000000,-542206.000000,-35.261670,30439.427260,-16931.374020,-35.742216,494670.000000,15127.556790,15311.870470,49.697245,61890013.000000,1901261.199360,-36305.000000,-0.058626,-21337.328743,-1.109817,5.626900,0.052300,0.938184,84.910000,15.090000,1.347800,0.004700,0.349937,57.410000,42.590000,5.697900,0.035700,0.630497,85.070000,14.930000,binance_kline_quote_asset_volume,0.000000,0.000000,0.000000,0.000000,OK
27,2026-06-08 00:00:00 UTC,ARIAUSDT,0.030510,0.030660,0.030350,0.030460,-0.000080,-0.261952,-0.163881,1.016060,56.287217,997,-63,-5.943396,1038253.000000,42795.000000,4.299026,31662.817820,1223.390560,4.019098,348745.000000,10635.062790,21027.755030,33.588491,61872422.000000,1889583.767880,-17591.000000,-0.028423,-11677.431480,-0.614194,5.715900,0.089000,1.581688,85.110000,14.890000,1.343400,-0.004400,-0.326458,57.330000,42.670000,5.765900,0.068000,1.193422,85.220000,14.780000,binance_kline_quote_asset_volume,0.000000,0.000000,0.000000,0.000000,OK
28,2026-06-08 00:15:00 UTC,ARIAUSDT,0.030460,0.030550,0.030140,0.030230,-0.000230,-0.755089,-0.755089,1.346028,52.226423,795,-202,-20.260782,866413.000000,-171840.000000,-16.550879,26229.675350,-5433.142470,-17.159378,417805.000000,12648.222660,13581.452690,48.221042,61823503.000000,1881907.431320,-48919.000000,-0.079064,-7676.336560,-0.406245,5.689000,-0.026900,-0.470617,85.050000,14.950000,1.341500,-0.001900,-0.141432,57.290000,42.710000,5.765900,0.000000,0.000000,85.220000,14.780000,binance_kline_quote_asset_volume,0.000000,0.000000,0.000000,0.000000,OK
29,2026-06-08 00:30:00 UTC,ARIAUSDT,0.030220,0.030800,0.030220,0.030650,0.000420,1.389348,1.422899,1.919259,58.162182,1159,364,45.786164,1530078.000000,663665.000000,76.599151,46750.995940,20521.320590,78.237036,976723.000000,29849.985060,16901.010880,63.848875,61740417.000000,1865829.358969,-83086.000000,-0.134392,-16078.072351,-0.854350,5.684500,-0.004500,-0.079100,85.040000,14.960000,1.342700,0.001200,0.089452,57.310000,42.690000,5.784300,0.018400,0.319118,85.260000,14.740000,binance_kline_quote_asset_volume,0.000000,0.000000,0.000000,0.000000,OK
30,2026-06-08 00:45:00 UTC,ARIAUSDT,0.030670,0.030780,0.030440,0.030480,-0.000170,-0.554649,-0.619498,1.108575,55.173999,588,-571,-49.266609,567126.000000,-962952.000000,-62.934831,17370.172020,-29380.823920,-62.845343,186805.000000,5716.647290,11653.524730,32.910712,61905999.000000,1897159.483214,165582.000000,0.268191,31330.124245,1.679153,5.618100,-0.066400,-1.168089,84.890000,15.110000,1.350000,0.007300,0.543681,57.450000,42.550000,5.657800,-0.126500,-2.186954,84.980000,15.020000,binance_kline_quote_asset_volume,0.000000,0.000000,0.000000,0.000000,OK
31,2026-06-08 01:00:00 UTC,ARIAUSDT,0.030500,0.030560,0.029940,0.030000,-0.000480,-1.574803,-1.639344,2.032787,47.719188,1209,621,105.612245,1471853.000000,904727.000000,159.528394,44423.364890,27053.192870,155.745106,458114.000000,13842.528410,30580.836480,31.160468,61913525.000000,1887124.242000,7526.000000,0.012157,-10035.241214,-0.528961,5.640100,0.022000,0.391591,84.940000,15.060000,1.352100,0.002100,0.155556,57.480000,42.520000,5.693400,0.035600,0.629220,85.060000,14.940000,binance_kline_quote_asset_volume,0.000000,0.000000,0.000000,0.000000,OK
32,2026-06-08 01:15:00 UTC,ARIAUSDT,0.030000,0.030070,0.029680,0.029750,-0.000250,-0.833333,-0.833333,1.300000,44.357534,1264,55,4.549214,1151696.000000,-320157.000000,-21.751968,34378.583950,-10044.780940,-22.611482,356560.000000,10653.357440,23725.226510,30.988354,61647562.000000,1850043.335620,-265963.000000,-0.429572,-37080.906380,-1.964943,5.784300,0.144200,2.556692,85.260000,14.740000,1.348900,-0.003200,-0.236669,57.430000,42.570000,5.839900,0.146500,2.573155,85.380000,14.620000,binance_kline_quote_asset_volume,0.000000,0.000000,0.000000,0.000000,OK
33,2026-06-08 01:30:00 UTC,ARIAUSDT,0.029760,0.030140,0.029700,0.030120,0.000370,1.243697,1.209677,1.478495,49.974454,895,-369,-29.193038,882952.000000,-268744.000000,-23.334630,26428.550540,-7950.033410,-23.124959,589596.000000,17643.270220,8785.280320,66.758373,61502356.000000,1829016.104990,-145206.000000,-0.235542,-21027.230630,-1.136580,5.775100,-0.009200,-0.159051,85.240000,14.760000,1.351200,0.002300,0.170509,57.470000,42.530000,5.802700,-0.037200,-0.636997,85.300000,14.700000,binance_kline_quote_asset_volume,0.000000,0.000000,0.000000,0.000000,OK
34,2026-06-08 01:45:00 UTC,ARIAUSDT,0.030120,0.030290,0.030040,0.030060,-0.000060,-0.199203,-0.199203,0.830013,49.108719,688,-207,-23.128492,554524.000000,-328428.000000,-37.196586,16729.723290,-9698.827250,-36.698294,294797.000000,8899.425470,7830.297820,53.195294,61556182.000000,1854072.201840,53826.000000,0.087519,25056.096850,1.369922,5.734000,-0.041100,-0.711676,85.150000,14.850000,1.343000,-0.008200,-0.606868,57.320000,42.680000,5.779700,-0.023000,-0.396367,85.250000,14.750000,binance_kline_quote_asset_volume,0.000000,0.000000,0.000000,0.000000,OK
35,2026-06-08 02:00:00 UTC,ARIAUSDT,0.030060,0.030270,0.030030,0.030220,0.000160,0.532269,0.532269,0.798403,51.520555,574,-114,-16.569767,362448.000000,-192076.000000,-34.637996,10934.835460,-5794.887830,-34.638277,216999.000000,6547.764910,4387.070550,59.879867,61565539.000000,1850660.102340,9357.000000,0.015201,-3412.099500,-0.184033,5.697900,-0.036100,-0.629578,85.070000,14.930000,1.342200,-0.000800,-0.059568,57.310000,42.690000,5.756800,-0.022900,-0.396214,85.200000,14.800000,binance_kline_quote_asset_volume,0.000000,0.000000,0.000000,0.000000,OK
36,2026-06-08 02:15:00 UTC,ARIAUSDT,0.030230,0.030280,0.030070,0.030270,0.000050,0.165453,0.132319,0.694674,52.281625,553,-21,-3.658537,375576.000000,13128.000000,3.622037,11341.640760,406.805300,3.720269,164669.000000,4974.494810,6367.145950,43.860451,61597380.000000,1861226.434080,31841.000000,0.051719,10566.331740,0.570949,5.849300,0.151400,2.657119,85.400000,14.600000,1.374700,0.032500,2.421398,57.890000,42.110000,5.743100,-0.013700,-0.237979,85.170000,14.830000,binance_kline_quote_asset_volume,0.000000,0.000000,0.000000,0.000000,OK
37,2026-06-08 02:30:00 UTC,ARIAUSDT,0.030270,0.030310,0.029980,0.030200,-0.000070,-0.231252,-0.231252,1.090188,51.072783,698,145,26.220615,607078.000000,231502.000000,61.639189,18291.916780,6950.276020,61.281045,308360.000000,9295.932600,8995.984180,50.819893,61689217.000000,1867332.598590,91837.000000,0.149092,6106.164510,0.328072,5.858700,0.009400,0.160703,85.420000,14.580000,1.371600,-0.003100,-0.225504,57.830000,42.170000,5.743100,0.000000,0.000000,85.170000,14.830000,binance_kline_quote_asset_volume,0.000000,0.000000,0.000000,0.000000,OK
38,2026-06-08 02:45:00 UTC,ARIAUSDT,0.030190,0.030260,0.030100,0.030100,-0.000100,-0.331126,-0.298112,0.529977,49.318434,376,-322,-46.131805,203782.000000,-403296.000000,-66.432320,6148.283860,-12143.632920,-66.387974,91468.000000,2759.448200,3388.835660,44.881601,61639186.000000,1857796.436554,-50031.000000,-0.081102,-9536.162036,-0.510684,5.798100,-0.060600,-1.034359,85.290000,14.710000,1.374300,0.002700,0.196850,57.880000,42.120000,5.653400,-0.089700,-1.561874,84.970000,15.030000,binance_kline_quote_asset_volume,0.000000,0.000000,0.000000,0.000000,OK
39,2026-06-08 03:00:00 UTC,ARIAUSDT,0.030120,0.030290,0.030000,0.030230,0.000130,0.431894,0.365206,0.962815,51.643879,839,463,123.138298,461919.000000,258137.000000,126.673111,13911.485130,7763.201270,126.266149,205229.000000,6186.606340,7724.878790,44.471214,61680217.000000,1856574.531700,41031.000000,0.066566,-1221.904854,-0.065772,5.830600,0.032500,0.560528,85.360000,14.640000,1.371700,-0.002600,-0.189187,57.840000,42.160000,5.711400,0.058000,1.025931,85.100000,14.900000,binance_kline_quote_asset_volume,0.000000,0.000000,0.000000,0.000000,OK
40,2026-06-08 03:15:00 UTC,ARIAUSDT,0.030230,0.030540,0.030220,0.030260,0.000030,0.099239,0.099239,1.058551,52.189066,875,36,4.290822,673970.000000,212051.000000,45.906533,20494.352150,6582.867020,47.319657,429497.000000,13063.265530,7431.086620,63.740807,61723159.000000,1865694.199693,42942.000000,0.069620,9119.667993,0.491209,5.839900,0.009300,0.159503,85.380000,14.620000,1.369200,-0.002500,-0.182256,57.790000,42.210000,5.684500,-0.026900,-0.470988,85.040000,14.960000,binance_kline_quote_asset_volume,0.000000,0.000000,0.000000,0.000000,OK
41,2026-06-08 03:30:00 UTC,ARIAUSDT,0.030280,0.030420,0.030040,0.030080,-0.000180,-0.594845,-0.660502,1.254954,48.645253,606,-269,-30.742857,468644.000000,-205326.000000,-30.465154,14156.433990,-6337.918160,-30.925194,277427.000000,8381.092640,5775.341350,59.203417,61830273.000000,1870826.393784,107114.000000,0.173539,5132.194091,0.275082,5.812000,-0.027900,-0.477748,85.320000,14.680000,1.371600,0.002400,0.175285,57.830000,42.170000,5.626900,-0.057600,-1.013282,84.910000,15.090000,binance_kline_quote_asset_volume,0.000000,0.000000,0.000000,0.000000,OK
42,2026-06-08 03:45:00 UTC,ARIAUSDT,0.030090,0.030100,0.029960,0.030010,-0.000070,-0.232713,-0.265869,0.465271,47.300125,525,-81,-13.366337,352386.000000,-116258.000000,-24.807316,10579.787890,-3576.646100,-25.265163,118276.000000,3553.536390,7026.251500,33.587974,61894442.000000,1861784.815360,64169.000000,0.103782,-9041.578424,-0.483293,5.793500,-0.018500,-0.318307,85.280000,14.720000,1.368900,-0.002700,-0.196850,57.790000,42.210000,5.657800,0.030900,0.549148,84.980000,15.020000,binance_kline_quote_asset_volume,0.000000,0.000000,0.000000,0.000000,OK
43,2026-06-08 04:00:00 UTC,ARIAUSDT,0.030010,0.030050,0.029510,0.029690,-0.000320,-1.066311,-1.066311,1.799400,41.632600,1654,1129,215.047619,1586315.000000,1233929.000000,350.164025,47117.075490,36537.287600,345.349907,515782.000000,15322.511870,31794.563620,32.520083,61831553.000000,1855333.037206,-62889.000000,-0.101607,-6451.778154,-0.346537,5.854000,0.060500,1.044274,85.410000,14.590000,1.369300,0.000400,0.029221,57.790000,42.210000,5.711400,0.053600,0.947365,85.100000,14.900000,binance_kline_quote_asset_volume,0.000000,0.000000,0.000000,0.000000,OK
44,2026-06-08 04:15:00 UTC,ARIAUSDT,0.029700,0.029840,0.029460,0.029840,0.000150,0.505221,0.471380,1.279461,44.961666,799,-855,-51.692866,903629.000000,-682686.000000,-43.035967,26783.905340,-20333.170150,-43.154568,290899.000000,8634.498050,18149.407290,32.237637,61726301.000000,1832653.876690,-105252.000000,-0.170224,-22679.160516,-1.222377,5.958900,0.104900,1.791937,85.630000,14.370000,1.378800,0.009500,0.693785,57.960000,42.040000,5.752200,0.040800,0.714361,85.190000,14.810000,binance_kline_quote_asset_volume,0.000000,0.000000,0.000000,0.000000,OK
45,2026-06-08 04:30:00 UTC,ARIAUSDT,0.029820,0.029920,0.029660,0.029730,-0.000110,-0.368633,-0.301811,0.871898,43.023701,809,10,1.251564,616378.000000,-287251.000000,-31.788599,18365.534910,-8418.370430,-31.430706,341000.000000,10162.226530,8203.308380,55.333137,61522443.000000,1834699.531842,-203858.000000,-0.330261,2045.655152,0.111623,5.901300,-0.057600,-0.966621,85.510000,14.490000,1.382700,0.003900,0.282855,58.030000,41.970000,5.644500,-0.107700,-1.872327,84.950000,15.050000,binance_kline_quote_asset_volume,0.000000,0.000000,0.000000,0.000000,OK
46,2026-06-08 04:45:00 UTC,ARIAUSDT,0.029740,0.029880,0.029620,0.029620,-0.000110,-0.369997,-0.403497,0.874243,41.115207,592,-217,-26.823239,439349.000000,-177029.000000,-28.720850,13062.841310,-5302.693600,-28.873069,237836.000000,7074.064840,5988.776470,54.154105,61501880.000000,1829425.082179,-20563.000000,-0.033424,-5274.449663,-0.287483,5.868100,-0.033200,-0.562588,85.440000,14.560000,1.383500,0.000800,0.057858,58.050000,41.950000,5.622500,-0.022000,-0.389760,84.900000,15.100000,binance_kline_quote_asset_volume,0.000000,0.000000,0.000000,0.000000,OK
47,2026-06-08 05:00:00 UTC,ARIAUSDT,0.029620,0.029830,0.029500,0.029530,-0.000090,-0.303849,-0.303849,1.114112,39.568641,943,351,59.290541,757654.000000,318305.000000,72.449237,22503.174810,9440.333500,72.268607,366770.000000,10900.919060,11602.255750,48.441694,61463429.000000,1821776.035560,-38451.000000,-0.062520,-7649.046619,-0.418112,5.854000,-0.014100,-0.240282,85.410000,14.590000,1.382400,-0.001100,-0.079508,58.030000,41.970000,5.653400,0.030900,0.549578,84.970000,15.030000,binance_kline_quote_asset_volume,0.000000,0.000000,0.000000,0.000000,OK
48,2026-06-08 05:15:00 UTC,ARIAUSDT,0.029540,0.029870,0.029480,0.029810,0.000280,0.948188,0.914015,1.320244,46.332266,666,-277,-29.374337,551410.000000,-206244.000000,-27.221397,16365.729990,-6137.444820,-27.273684,285204.000000,8468.812330,7896.917660,51.747232,61401520.000000,1813102.151502,-61909.000000,-0.100725,-8673.884058,-0.476122,5.887100,0.033100,0.565425,85.480000,14.520000,1.386600,0.004200,0.303819,58.100000,41.900000,5.648900,-0.004500,-0.079598,84.960000,15.040000,binance_kline_quote_asset_volume,0.000000,0.000000,0.000000,0.000000,OK
49,2026-06-08 05:30:00 UTC,ARIAUSDT,0.029810,0.029810,0.029470,0.029590,-0.000220,-0.738007,-0.738007,1.140557,42.324028,835,169,25.375375,576678.000000,25268.000000,4.582434,17087.955460,722.225470,4.413035,218593.000000,6477.445720,10610.509740,37.906499,61425451.000000,1828457.542462,23931.000000,0.038975,15355.390960,0.846913,5.891800,0.004700,0.079836,85.490000,14.510000,1.385200,-0.001400,-0.100966,58.070000,41.930000,5.648900,0.000000,0.000000,84.960000,15.040000,binance_kline_quote_asset_volume,0.000000,0.000000,0.000000,0.000000,OK
50,2026-06-08 05:45:00 UTC,ARIAUSDT,0.029600,0.029660,0.029490,0.029570,-0.000020,-0.067590,-0.101351,0.574324,41.968572,641,-194,-23.233533,347402.000000,-229276.000000,-39.758063,10277.330590,-6810.624870,-39.856289,146822.000000,4344.177490,5933.153100,42.269512,61532883.000000,1820758.007970,107432.000000,0.174898,-7699.534492,-0.421095,5.887100,-0.004700,-0.079772,85.480000,14.520000,1.382400,-0.002800,-0.202137,58.030000,41.970000,5.644500,-0.004400,-0.077891,84.950000,15.050000,binance_kline_quote_asset_volume,0.000000,0.000000,0.000000,0.000000,OK
51,2026-06-08 06:00:00 UTC,ARIAUSDT,0.029550,0.029760,0.029550,0.029740,0.000170,0.574907,0.642978,0.710660,46.111425,681,40,6.240250,443145.000000,95743.000000,27.559715,13147.385270,2870.054680,27.926071,176718.000000,5244.238720,7903.146550,39.888074,61565868.000000,1819960.321463,32985.000000,0.053605,-797.686507,-0.043811,5.872900,-0.014200,-0.241205,85.450000,14.550000,1.381400,-0.001000,-0.072338,58.010000,41.990000,5.671100,0.026600,0.471255,85.010000,14.990000,binance_kline_quote_asset_volume,0.000000,0.000000,0.000000,0.000000,OK
52,2026-06-08 06:15:00 UTC,ARIAUSDT,0.029730,0.030190,0.029730,0.030110,0.000370,1.244116,1.278170,1.547259,53.836039,778,97,14.243759,529844.000000,86699.000000,19.564477,15885.393070,2738.007800,20.825493,405758.000000,12169.455720,3715.937350,76.607835,61553734.000000,1829308.649835,-12134.000000,-0.019709,9348.328372,0.513656,5.868100,-0.004800,-0.081731,85.440000,14.560000,1.382800,0.001400,0.101346,58.030000,41.970000,5.680000,0.008900,0.156936,85.030000,14.970000,binance_kline_quote_asset_volume,0.000000,0.000000,0.000000,0.000000,OK
53,2026-06-08 06:30:00 UTC,ARIAUSDT,0.030100,0.030100,0.029850,0.030040,-0.000070,-0.232481,-0.199336,0.830565,52.308359,737,-41,-5.269923,547397.000000,17553.000000,3.312862,16417.171390,531.778320,3.347593,336241.000000,10086.255220,6330.916170,61.437229,61565242.000000,1853500.413920,11508.000000,0.018696,24191.764085,1.322454,5.821300,-0.046800,-0.797532,85.340000,14.660000,1.383900,0.001100,0.079549,58.050000,41.950000,5.618100,-0.061900,-1.089789,84.890000,15.110000,binance_kline_quote_asset_volume,0.000000,0.000000,0.000000,0.000000,OK
54,2026-06-08 06:45:00 UTC,ARIAUSDT,0.030040,0.030160,0.029900,0.029980,-0.000060,-0.199734,-0.199734,0.865513,50.973183,624,-113,-15.332429,467562.000000,-79835.000000,-14.584479,14031.296170,-2385.875220,-14.532803,304272.000000,9134.324850,4896.971320,65.099651,61612216.000000,1850830.968640,46974.000000,0.076300,-2669.445280,-0.144022,5.756800,-0.064500,-1.108000,85.200000,14.800000,1.381800,-0.002100,-0.151745,58.010000,41.990000,5.578900,-0.039200,-0.697745,84.800000,15.200000,binance_kline_quote_asset_volume,0.000000,0.000000,0.000000,0.000000,OK
55,2026-06-08 07:00:00 UTC,ARIAUSDT,0.029990,0.030350,0.029860,0.030270,0.000290,0.967312,0.933645,1.633878,56.723025,1065,441,70.673077,1298920.000000,831358.000000,177.807007,39123.343720,25092.047550,178.829149,592737.000000,17842.302380,21281.041340,45.605259,61711236.000000,1850102.855280,99020.000000,0.160715,-728.113360,-0.039340,5.844600,0.087800,1.525153,85.390000,14.610000,1.381300,-0.000500,-0.036185,58.010000,41.990000,5.680000,0.101100,1.812185,85.030000,14.970000,binance_kline_quote_asset_volume,0.000000,0.000000,0.000000,0.000000,OK
56,2026-06-08 07:15:00 UTC,ARIAUSDT,0.030270,0.031370,0.030170,0.031290,0.001020,3.369673,3.369673,3.964321,70.034595,2606,1541,144.694836,3356888.000000,2057968.000000,158.436855,103609.115780,64485.772060,164.826842,1434642.000000,44265.749000,59343.366780,42.723798,61784858.000000,1870227.651660,73622.000000,0.119301,20124.796380,1.087766,5.784300,-0.060300,-1.031722,85.260000,14.740000,1.370700,-0.010600,-0.767393,57.820000,42.180000,5.613800,-0.066200,-1.165493,84.880000,15.120000,binance_kline_quote_asset_volume,0.000000,0.000000,0.000000,0.000000,OK
57,2026-06-08 07:30:00 UTC,ARIAUSDT,0.031290,0.031800,0.031060,0.031350,0.000060,0.191755,0.191755,2.364973,70.607321,4512,1906,73.138910,5967779.000000,2610891.000000,77.777126,187785.681140,84176.565360,81.244362,2683831.000000,84500.938010,103284.743130,44.998606,62165607.000000,1944103.162743,380749.000000,0.616250,73875.511083,3.950081,5.798100,0.013800,0.238577,85.290000,14.710000,1.365200,-0.005500,-0.401255,57.720000,42.280000,5.609400,-0.004400,-0.078378,84.870000,15.130000,binance_kline_quote_asset_volume,0.000000,0.000000,0.000000,0.000000,OK
58,2026-06-08 07:45:00 UTC,ARIAUSDT,0.031320,0.031900,0.030840,0.031360,0.000010,0.031898,0.127714,3.384419,70.707809,2369,-2143,-47.495567,2683377.000000,-3284402.000000,-55.035584,84163.573700,-103622.107440,-55.181048,1053609.000000,33132.109220,51031.464480,39.366329,63221007.000000,1980527.015129,1055400.000000,1.697723,36423.852386,1.873556,5.849300,0.051200,0.883048,85.400000,14.600000,1.375500,0.010300,0.754468,57.900000,42.100000,5.662200,0.052800,0.941277,84.990000,15.010000,binance_kline_quote_asset_volume,0.000000,0.000000,0.000000,0.000000,OK
59,2026-06-08 08:00:00 UTC,ARIAUSDT,0.031380,0.031770,0.031100,0.031770,0.000410,1.307398,1.242830,2.135118,74.549621,2156,-213,-8.991136,2216095.000000,-467282.000000,-17.413953,69370.832180,-14792.741520,-17.576180,1234335.000000,38644.952690,30725.879490,55.707783,62959855.000000,1974421.052800,-261152.000000,-0.413078,-6105.962329,-0.308300,5.997900,0.148600,2.540475,85.710000,14.290000,1.368700,-0.006800,-0.494366,57.780000,42.220000,5.761300,0.099100,1.750203,85.210000,14.790000,binance_kline_quote_asset_volume,0.000000,0.000000,0.000000,0.000000,OK
60,2026-06-08 08:15:00 UTC,ARIAUSDT,0.031770,0.032830,0.031730,0.032810,0.001040,3.273528,3.273528,3.462386,81.262741,4153,1997,92.625232,5793520.000000,3577425.000000,161.429226,187783.159180,118412.327000,170.694690,3033648.000000,98406.243020,89376.916160,52.404190,63189306.000000,2007524.251620,229451.000000,0.364440,33103.198820,1.676603,5.958900,-0.039000,-0.650228,85.630000,14.370000,1.359800,-0.008900,-0.650252,57.620000,42.380000,5.653400,-0.107900,-1.872841,84.970000,15.030000,binance_kline_quote_asset_volume,0.000000,0.000000,0.000000,0.000000,OK
61,2026-06-08 08:30:00 UTC,ARIAUSDT,0.032810,0.034240,0.032250,0.033480,0.000670,2.042060,2.042060,6.065224,84.161265,8690,4537,109.246328,11992126.000000,6198606.000000,106.992053,399564.806080,211781.646900,112.779893,6059746.000000,202116.332600,197448.473480,50.584118,63801917.000000,2090145.058747,612611.000000,0.969485,82620.807127,4.115557,5.761300,-0.197600,-3.316048,85.210000,14.790000,1.369200,0.009400,0.691278,57.790000,42.210000,5.418500,-0.234900,-4.155022,84.420000,15.580000,binance_kline_quote_asset_volume,0.000000,0.000000,0.000000,0.000000,OK
62,2026-06-08 08:45:00 UTC,ARIAUSDT,0.033500,0.033500,0.032130,0.032410,-0.001070,-3.195938,-3.253731,4.089552,66.475429,6224,-2466,-28.377445,9051046.000000,-2941080.000000,-24.525093,295551.009590,-104013.796490,-26.031771,4005681.000000,130860.406260,164690.603330,44.276758,65064680.000000,2183881.669970,1262763.000000,1.979193,93736.611223,4.484694,5.472500,-0.288800,-5.012758,84.550000,15.450000,1.358700,-0.010500,-0.766871,57.600000,42.400000,5.329100,-0.089400,-1.649903,84.200000,15.800000,binance_kline_quote_asset_volume,0.000000,0.000000,0.000000,0.000000,OK
63,2026-06-08 09:00:00 UTC,ARIAUSDT,0.032400,0.032540,0.031860,0.032120,-0.000290,-0.894786,-0.864198,2.098765,62.633754,2884,-3340,-53.663239,3701858.000000,-5349188.000000,-59.100219,118883.156090,-176667.853500,-59.775757,1798972.000000,57765.285650,61117.870440,48.589966,64789461.000000,2097926.804013,-275219.000000,-0.422993,-85954.865957,-3.935876,5.752200,0.279700,5.111010,85.190000,14.810000,1.363000,0.004300,0.316479,57.680000,42.320000,5.480900,0.151800,2.848511,84.570000,15.430000,binance_kline_quote_asset_volume,0.000000,0.000000,0.000000,0.000000,OK
64,2026-06-08 09:15:00 UTC,ARIAUSDT,0.032140,0.032440,0.031380,0.032160,0.000040,0.124533,0.062228,3.298071,62.951788,3099,215,7.454924,4301415.000000,599557.000000,16.196110,137298.407400,18415.251310,15.490211,1854169.000000,59327.779220,77970.628180,43.210828,64520774.000000,2072407.260880,-268687.000000,-0.414708,-25519.543133,-1.216417,5.715900,-0.036300,-0.631063,85.110000,14.890000,1.382400,0.019400,1.423331,58.020000,41.980000,5.393900,-0.087000,-1.587331,84.360000,15.640000,binance_kline_quote_asset_volume,0.000000,0.000000,0.000000,0.000000,OK
65,2026-06-08 09:30:00 UTC,ARIAUSDT,0.032190,0.032540,0.031850,0.032450,0.000290,0.901741,0.807704,2.143523,65.260353,2223,-876,-28.267183,2172173.000000,-2129242.000000,-49.500967,69975.915030,-67322.492370,-49.033702,1248914.000000,40271.764390,29704.150640,57.550894,64126026.000000,2062292.996160,-394748.000000,-0.611815,-10114.264720,-0.488044,5.711400,-0.004500,-0.078728,85.100000,14.900000,1.387800,0.005400,0.390625,58.120000,41.880000,5.406100,0.012200,0.226181,84.390000,15.610000,binance_kline_quote_asset_volume,0.000000,0.000000,0.000000,0.000000,OK
66,2026-06-08 09:45:00 UTC,ARIAUSDT,0.032440,0.032720,0.032070,0.032240,-0.000210,-0.647149,-0.616523,2.003699,62.236066,2633,410,18.443545,2426666.000000,254493.000000,11.716056,78551.806810,8575.891780,12.255491,1094628.000000,35467.936940,43083.869870,45.152287,64153381.000000,2081633.509877,27355.000000,0.042658,19340.513717,0.937816,5.729500,0.018100,0.316910,85.140000,14.860000,1.392500,0.004700,0.338666,58.200000,41.800000,5.439200,0.033100,0.612271,84.470000,15.530000,binance_kline_quote_asset_volume,0.000000,0.000000,0.000000,0.000000,OK
67,2026-06-08 10:00:00 UTC,ARIAUSDT,0.032240,0.032410,0.031630,0.032370,0.000130,0.403226,0.403226,2.419355,63.367802,2473,-160,-6.076719,2570567.000000,143901.000000,5.929988,82326.746370,3774.939560,4.805669,1064685.000000,34096.084410,48230.661960,41.415562,64349867.000000,2073372.019700,196486.000000,0.306275,-8261.490176,-0.396875,5.807400,0.077900,1.359630,85.310000,14.690000,1.388400,-0.004100,-0.294434,58.130000,41.870000,5.506200,0.067000,1.231799,84.630000,15.370000,binance_kline_quote_asset_volume,0.000000,0.000000,0.000000,0.000000,OK
68,2026-06-08 10:15:00 UTC,ARIAUSDT,0.032340,0.032570,0.032130,0.032190,-0.000180,-0.556070,-0.463822,1.360544,60.657210,2473,0,0.000000,1533901.000000,-1036666.000000,-40.328301,49657.026830,-32669.719540,-39.682996,868401.000000,28131.611370,21525.415460,56.651824,64005679.000000,2069303.602070,-344188.000000,-0.534870,-4068.417630,-0.196222,5.706900,-0.100500,-1.730551,85.090000,14.910000,1.409200,0.020800,1.498127,58.490000,41.510000,5.381600,-0.124600,-2.262904,84.330000,15.670000,binance_kline_quote_asset_volume,0.000000,0.000000,0.000000,0.000000,OK
69,2026-06-08 10:30:00 UTC,ARIAUSDT,0.032200,0.032860,0.032140,0.032570,0.000380,1.180491,1.149068,2.236025,64.144200,2901,428,17.306915,2037819.000000,503918.000000,32.852055,66226.838560,16569.811730,33.368514,1150184.000000,37361.240160,28865.598400,56.414047,64076453.000000,2062553.101030,70774.000000,0.110575,-6750.501040,-0.326221,5.680000,-0.026900,-0.471359,85.030000,14.970000,1.414500,0.005300,0.376100,58.580000,41.420000,5.345200,-0.036400,-0.676379,84.240000,15.760000,binance_kline_quote_asset_volume,0.000000,0.000000,0.000000,0.000000,OK
70,2026-06-08 10:45:00 UTC,ARIAUSDT,0.032560,0.032600,0.031680,0.031930,-0.000640,-1.964998,-1.934889,2.825553,55.260718,1695,-1206,-41.571872,1767837.000000,-269982.000000,-13.248576,56657.893870,-9568.944690,-14.448741,788262.000000,25265.401400,31392.492470,44.592906,63793793.000000,2076600.239226,-282660.000000,-0.441129,14047.138196,0.681056,5.618100,-0.061900,-1.089789,84.890000,15.110000,1.410800,-0.003700,-0.261577,58.520000,41.480000,5.345200,0.000000,0.000000,84.240000,15.760000,binance_kline_quote_asset_volume,0.000000,0.000000,0.000000,0.000000,OK
71,2026-06-08 11:00:00 UTC,ARIAUSDT,0.031960,0.032920,0.031620,0.032750,0.000820,2.568118,2.471840,4.067584,62.438459,2430,735,43.362832,2557462.000000,789625.000000,44.666165,82420.156910,25762.263040,45.469857,1364171.000000,43947.285790,38472.871120,53.321041,63591736.000000,2023852.784250,-202057.000000,-0.316735,-52747.454976,-2.540087,5.631300,0.013200,0.234955,84.920000,15.080000,1.425600,0.014800,1.049050,58.770000,41.230000,5.289300,-0.055900,-1.045798,84.100000,15.900000,binance_kline_quote_asset_volume,0.000000,0.000000,0.000000,0.000000,OK
72,2026-06-08 11:15:00 UTC,ARIAUSDT,0.032750,0.033100,0.032720,0.032850,0.000100,0.305344,0.305344,1.160305,63.213559,1720,-710,-29.218107,1894517.000000,-662945.000000,-25.921988,62332.067960,-20088.088950,-24.372787,791329.000000,26055.326080,36276.741880,41.800837,63569174.000000,2081264.292136,-22562.000000,-0.035479,57411.507886,2.836743,5.618100,-0.013200,-0.234404,84.890000,15.110000,1.450400,0.024800,1.739618,59.190000,40.810000,5.253900,-0.035400,-0.669276,84.010000,15.990000,binance_kline_quote_asset_volume,0.000000,0.000000,0.000000,0.000000,OK
73,2026-06-08 11:30:00 UTC,ARIAUSDT,0.032860,0.033700,0.032830,0.033500,0.000650,1.978691,1.947657,2.647596,67.856612,2278,558,32.441860,2533062.000000,638545.000000,33.704897,84388.043520,22055.975560,35.384636,1272068.000000,42366.925860,42021.117660,50.204892,63522881.000000,2086726.640850,-46293.000000,-0.072823,5462.348714,0.262453,5.671100,0.053000,0.943379,85.010000,14.990000,1.463200,0.012800,0.882515,59.400000,40.600000,5.333100,0.079200,1.507452,84.210000,15.790000,binance_kline_quote_asset_volume,0.000000,0.000000,0.000000,0.000000,OK
74,2026-06-08 11:45:00 UTC,ARIAUSDT,0.033500,0.033700,0.033010,0.033240,-0.000260,-0.776119,-0.776119,2.059701,64.357486,2155,-123,-5.399473,2285046.000000,-248016.000000,-9.791154,76042.242260,-8345.801260,-9.889791,865350.000000,28780.945070,47261.297190,37.848628,63385910.000000,2123427.985000,-136971.000000,-0.215625,36701.344150,1.758800,5.592000,-0.079100,-1.394791,84.830000,15.170000,1.465500,0.002300,0.157190,59.440000,40.560000,5.253900,-0.079200,-1.485065,84.010000,15.990000,binance_kline_quote_asset_volume,0.000000,0.000000,0.000000,0.000000,OK
75,2026-06-08 12:00:00 UTC,ARIAUSDT,0.033220,0.033550,0.033020,0.033330,0.000090,0.270758,0.331126,1.595424,65.029720,1885,-270,-12.529002,1953909.000000,-331137.000000,-14.491481,65093.595500,-10948.646760,-14.398111,799135.000000,26624.406070,38469.189430,40.901729,62974001.000000,2092751.371492,-411909.000000,-0.649843,-30676.613508,-1.444674,5.693400,0.101400,1.813305,85.060000,14.940000,1.469400,0.003900,0.266121,59.500000,40.500000,5.373500,0.119600,2.276404,84.310000,15.690000,binance_kline_quote_asset_volume,0.000000,0.000000,0.000000,0.000000,OK
76,2026-06-08 12:15:00 UTC,ARIAUSDT,0.033330,0.033350,0.032660,0.033130,-0.000200,-0.600060,-0.600060,2.070207,62.221292,1943,58,3.076923,2589201.000000,635292.000000,32.513899,85431.577260,20337.981760,31.244213,835366.000000,27574.638970,57856.938290,32.276870,63131725.000000,2108172.844539,157724.000000,0.250459,15421.473047,0.736899,5.697900,0.004500,0.079039,85.070000,14.930000,1.471500,0.002100,0.142915,59.540000,40.460000,5.325100,-0.048400,-0.900716,84.190000,15.810000,binance_kline_quote_asset_volume,0.000000,0.000000,0.000000,0.000000,OK
77,2026-06-08 12:30:00 UTC,ARIAUSDT,0.033130,0.033510,0.032980,0.033340,0.000210,0.633867,0.633867,1.599759,63.980291,1237,-706,-36.335564,1252643.000000,-1336558.000000,-51.620481,41675.971700,-43755.605560,-51.217134,583880.000000,19421.100140,22254.871560,46.600234,62994676.000000,2087013.615880,-137049.000000,-0.217084,-21159.228659,-1.003676,5.798100,0.100200,1.758543,85.290000,14.710000,1.448600,-0.022900,-1.556235,59.160000,40.840000,5.422600,0.097500,1.830952,84.430000,15.570000,binance_kline_quote_asset_volume,0.000000,0.000000,0.000000,0.000000,OK
78,2026-06-08 12:45:00 UTC,ARIAUSDT,0.033340,0.033450,0.032710,0.032840,-0.000500,-1.499700,-1.499700,2.219556,57.156587,1759,522,42.198868,1793382.000000,540739.000000,43.167846,59135.658360,17459.686660,41.893892,584859.000000,19300.502860,39835.155500,32.637673,62929043.000000,2098054.293620,-65633.000000,-0.104188,11040.677740,0.529018,5.770500,-0.027600,-0.476018,85.230000,14.770000,1.451300,0.002700,0.186387,59.210000,40.790000,5.341200,-0.081400,-1.501125,84.230000,15.770000,binance_kline_quote_asset_volume,0.000000,0.000000,0.000000,0.000000,OK
79,2026-06-08 13:00:00 UTC,ARIAUSDT,0.032870,0.033250,0.032730,0.033060,0.000220,0.669915,0.578035,1.581990,59.217615,1883,124,7.049460,1999653.000000,206271.000000,11.501788,65979.683780,6844.025420,11.573432,916186.000000,30241.660620,35738.023160,45.834807,63005552.000000,2069052.553294,76509.000000,0.121580,-29001.740326,-1.382316,5.756800,-0.013700,-0.237414,85.200000,14.800000,1.446100,-0.005200,-0.358299,59.120000,40.880000,5.357300,0.016100,0.301430,84.270000,15.730000,binance_kline_quote_asset_volume,0.000000,0.000000,0.000000,0.000000,OK
80,2026-06-08 13:15:00 UTC,ARIAUSDT,0.033080,0.033080,0.032720,0.032900,-0.000160,-0.483969,-0.544135,1.088271,57.067457,974,-909,-48.274031,915228.000000,-1084425.000000,-54.230659,30076.014500,-35903.669280,-54.416249,529123.000000,17390.876940,12685.137560,57.823077,62838510.000000,2074704.523489,-167042.000000,-0.265123,5651.970196,0.273167,5.854000,0.097200,1.688438,85.410000,14.590000,1.452800,0.006700,0.463315,59.230000,40.770000,5.502000,0.144700,2.700987,84.620000,15.380000,binance_kline_quote_asset_volume,0.000000,0.000000,0.000000,0.000000,OK
81,2026-06-08 13:30:00 UTC,ARIAUSDT,0.032860,0.033370,0.032650,0.032880,-0.000020,-0.060790,0.060864,2.191114,56.789879,1999,1025,105.236140,2609184.000000,1693956.000000,185.085684,86181.577330,56105.562830,186.545870,1887464.000000,62323.579760,23857.997570,72.316592,62758867.000000,2062983.117300,-79643.000000,-0.126742,-11721.406190,-0.564967,5.835300,-0.018700,-0.319440,85.370000,14.630000,1.446100,-0.006700,-0.461178,59.120000,40.880000,5.485100,-0.016900,-0.307161,84.580000,15.420000,binance_kline_quote_asset_volume,0.000000,0.000000,0.000000,0.000000,OK
82,2026-06-08 13:45:00 UTC,ARIAUSDT,0.032920,0.033010,0.032730,0.032900,0.000020,0.060827,-0.060753,0.850547,57.015042,1457,-542,-27.113557,1532892.000000,-1076292.000000,-41.250138,50363.751700,-35817.825630,-41.560884,629839.000000,20703.944800,29659.806900,41.108822,63361075.000000,2083312.146000,602208.000000,0.959558,20329.028700,0.985419,5.775100,-0.060200,-1.031652,85.240000,14.760000,1.443000,-0.003100,-0.214370,59.070000,40.930000,5.325100,-0.160000,-2.916993,84.190000,15.810000,binance_kline_quote_asset_volume,0.000000,0.000000,0.000000,0.000000,OK
83,2026-06-08 14:00:00 UTC,ARIAUSDT,0.032910,0.033590,0.032880,0.033540,0.000640,1.945289,1.914312,2.157399,63.558959,1214,-243,-16.678106,1023616.000000,-509276.000000,-33.223215,34103.472420,-16260.279280,-32.285679,576251.000000,19189.900950,14913.571470,56.269639,63595069.000000,2092277.770100,233994.000000,0.369302,8965.624100,0.430354,5.684500,-0.090600,-1.568804,85.040000,14.960000,1.444200,0.001200,0.083160,59.090000,40.910000,5.188100,-0.137000,-2.572722,83.840000,16.160000,binance_kline_quote_asset_volume,0.000000,0.000000,0.000000,0.000000,OK
84,2026-06-08 14:15:00 UTC,ARIAUSDT,0.033540,0.035780,0.033540,0.035280,0.001740,5.187835,5.187835,6.678593,74.794080,11420,10206,840.691928,15894644.000000,14871028.000000,1452.793626,556345.808330,522242.335910,1531.346514,7768371.000000,271727.897780,284617.910550,48.841547,63712978.000000,2136933.282120,117909.000000,0.185406,44655.512020,2.134301,5.609400,-0.075100,-1.321136,84.870000,15.130000,1.443900,-0.000300,-0.020773,59.080000,40.920000,5.105000,-0.083100,-1.601742,83.620000,16.380000,binance_kline_quote_asset_volume,0.000000,0.000000,0.000000,0.000000,OK
85,2026-06-08 14:30:00 UTC,ARIAUSDT,0.035250,0.035680,0.033710,0.033980,-0.001300,-3.684807,-3.602837,5.588652,59.928025,8627,-2793,-24.457093,12872176.000000,-3022468.000000,-19.015638,449334.648990,-107011.159340,-19.234648,4321129.000000,151006.089380,298328.559610,33.606598,67042108.000000,2364646.884216,3329130.000000,5.225199,227713.602096,10.656093,5.169000,-0.440400,-7.851107,83.790000,16.210000,1.455300,0.011400,0.789528,59.270000,40.730000,4.740500,-0.364500,-7.140059,82.580000,17.420000,binance_kline_quote_asset_volume,0.000000,0.000000,0.000000,0.000000,OK
86,2026-06-08 14:45:00 UTC,ARIAUSDT,0.034060,0.034640,0.033910,0.034540,0.000560,1.648028,1.409278,2.143277,63.310964,3566,-5061,-58.664657,4188251.000000,-8683925.000000,-67.462758,143540.263160,-305794.385830,-68.054931,2266304.000000,77672.534200,65867.728960,54.112019,66509347.000000,2263081.625882,-532761.000000,-0.794666,-101565.258333,-4.295155,5.574600,0.405600,7.846779,84.790000,15.210000,1.512400,0.057100,3.923590,60.200000,39.800000,5.123700,0.383200,8.083535,83.670000,16.330000,binance_kline_quote_asset_volume,0.000000,0.000000,0.000000,0.000000,OK
87,2026-06-08 15:00:00 UTC,ARIAUSDT,0.034550,0.035840,0.034430,0.035670,0.001130,3.271569,3.241679,4.081042,68.998357,5234,1668,46.775098,6844017.000000,2655766.000000,63.409905,240939.208620,97398.945460,67.854791,4228586.000000,148964.936980,91974.271640,61.826773,66440215.000000,2294845.026100,-69132.000000,-0.103943,31763.400218,1.403546,5.605000,0.030400,0.545331,84.860000,15.140000,1.535500,0.023100,1.527374,60.560000,39.440000,5.138700,0.015000,0.292757,83.710000,16.290000,binance_kline_quote_asset_volume,0.000000,0.000000,0.000000,0.000000,OK
88,2026-06-08 15:15:00 UTC,ARIAUSDT,0.035640,0.036290,0.035340,0.035580,-0.000090,-0.252313,-0.168350,2.665544,68.092983,6938,1704,32.556362,9057293.000000,2213276.000000,32.338844,324799.652680,83860.444060,34.805644,3592961.000000,129032.827270,195766.825410,39.726898,67538890.000000,2405789.292912,1098675.000000,1.653630,110944.266812,4.834499,5.406100,-0.198900,-3.548617,84.390000,15.610000,1.531100,-0.004400,-0.286552,60.490000,39.510000,4.931200,-0.207500,-4.037986,83.140000,16.860000,binance_kline_quote_asset_volume,0.000000,0.000000,0.000000,0.000000,OK
89,2026-06-08 15:30:00 UTC,ARIAUSDT,0.035540,0.035750,0.034940,0.035430,-0.000150,-0.421585,-0.309510,2.279122,66.526177,3856,-3082,-44.422024,4289819.000000,-4767474.000000,-52.636853,151598.087700,-173201.564980,-53.325662,1961630.000000,69393.755020,82204.332680,45.774822,67933931.000000,2415051.247050,395041.000000,0.584909,9261.954138,0.384986,5.574600,0.168500,3.116849,84.790000,15.210000,1.551100,0.020000,1.306250,60.800000,39.200000,5.135000,0.203800,4.132868,83.700000,16.300000,binance_kline_quote_asset_volume,0.000000,0.000000,0.000000,0.000000,OK
90,2026-06-08 15:45:00 UTC,ARIAUSDT,0.035440,0.035550,0.034360,0.034670,-0.000760,-2.145075,-2.172686,3.357788,59.105434,3451,-405,-10.503112,4195670.000000,-94149.000000,-2.194708,146226.446260,-5371.641440,-3.543344,1463806.000000,51102.353640,95124.092620,34.947409,67761218.000000,2400779.953740,-172713.000000,-0.254237,-14271.293310,-0.590931,5.493500,-0.081100,-1.454813,84.600000,15.400000,1.540000,-0.011100,-0.715621,60.630000,39.370000,5.101300,-0.033700,-0.656280,83.610000,16.390000,binance_kline_quote_asset_volume,0.000000,0.000000,0.000000,0.000000,OK
91,2026-06-08 16:00:00 UTC,ARIAUSDT,0.034690,0.035420,0.034680,0.035180,0.000510,1.471012,1.412511,2.133180,62.156082,3103,-348,-10.084034,3667164.000000,-528506.000000,-12.596463,128853.995860,-17372.450400,-11.880512,1682919.000000,59092.804660,69761.191200,45.860281,67569099.000000,2341728.074532,-192119.000000,-0.283524,-59051.879208,-2.459696,5.635700,0.142200,2.588514,84.930000,15.070000,1.533500,-0.006500,-0.422078,60.530000,39.470000,5.188100,0.086800,1.701527,83.840000,16.160000,binance_kline_quote_asset_volume,0.000000,0.000000,0.000000,0.000000,OK
92,2026-06-08 16:15:00 UTC,ARIAUSDT,0.035200,0.037180,0.035200,0.036830,0.001650,4.690165,4.630682,5.625000,69.963028,5792,2689,86.658073,7571636.000000,3904472.000000,106.471159,276114.969660,147260.973800,114.285143,3862813.000000,140832.392510,135282.577150,51.004983,67582033.000000,2377535.920940,12934.000000,0.019142,35807.846408,1.529121,5.574600,-0.061100,-1.084160,84.790000,15.210000,1.526600,-0.006900,-0.449951,60.420000,39.580000,5.153800,-0.034300,-0.661128,83.750000,16.250000,binance_kline_quote_asset_volume,0.000000,0.000000,0.000000,0.000000,OK
93,2026-06-08 16:30:00 UTC,ARIAUSDT,0.036840,0.037200,0.035930,0.036260,-0.000570,-1.547651,-1.574376,3.447340,64.976300,7040,1248,21.546961,8535546.000000,963910.000000,12.730538,312544.837580,36429.867920,13.193732,3907928.000000,143140.417430,169404.420150,45.798362,68454820.000000,2521191.020600,872787.000000,1.291448,143655.099660,6.042184,5.502000,-0.072600,-1.302336,84.620000,15.380000,1.539100,0.012500,0.818813,60.620000,39.380000,5.068000,-0.085800,-1.664791,83.520000,16.480000,binance_kline_quote_asset_volume,0.000000,0.000000,0.000000,0.000000,OK
94,2026-06-08 16:45:00 UTC,ARIAUSDT,0.036290,0.036930,0.035850,0.036600,0.000340,0.937672,0.854230,2.976026,66.509698,3634,-3406,-48.380682,4693543.000000,-3842003.000000,-45.011801,170802.805190,-141742.032390,-45.350943,2639192.000000,96163.574040,74639.231150,56.300934,68039651.000000,2467117.745260,-415169.000000,-0.606486,-54073.275340,-2.144751,5.578900,0.076900,1.397674,84.800000,15.200000,1.545400,0.006300,0.409330,60.710000,39.290000,5.127500,0.059500,1.174033,83.680000,16.320000,binance_kline_quote_asset_volume,0.000000,0.000000,0.000000,0.000000,OK
95,2026-06-08 17:00:00 UTC,ARIAUSDT,0.036560,0.036830,0.035780,0.036360,-0.000240,-0.655738,-0.547046,2.871991,64.367420,3418,-216,-5.943864,4043718.000000,-649825.000000,-13.845085,146777.664630,-24025.140560,-14.066011,2009681.000000,73060.697380,73716.967250,49.776441,68279392.000000,2499025.747200,239741.000000,0.352355,31908.001940,1.293331,5.622500,0.043600,0.781516,84.900000,15.100000,1.560700,0.015300,0.990035,60.950000,39.050000,5.116200,-0.011300,-0.220380,83.650000,16.350000,binance_kline_quote_asset_volume,0.000000,0.000000,0.000000,0.000000,OK
96,2026-06-08 17:15:00 UTC,ARIAUSDT,0.036340,0.037420,0.036240,0.037330,0.000970,2.667767,2.724271,3.247111,68.748728,3813,395,11.556466,4558961.000000,515243.000000,12.741813,168148.737920,21371.073290,14.560167,2470364.000000,90998.891180,77149.846740,54.118093,67797345.000000,2465111.464200,-482047.000000,-0.705992,-33914.283000,-1.357100,5.684500,0.062000,1.102712,85.040000,14.960000,1.573000,0.012300,0.788108,61.130000,38.870000,5.131200,0.015000,0.293186,83.690000,16.310000,binance_kline_quote_asset_volume,0.000000,0.000000,0.000000,0.000000,OK
97,2026-06-08 17:30:00 UTC,ARIAUSDT,0.037320,0.037590,0.036110,0.037020,-0.000310,-0.830431,-0.803859,3.965702,65.957500,4237,424,11.119853,6563018.000000,2004057.000000,43.958634,241518.560710,73369.822790,43.633883,2196135.000000,80769.477740,160749.082970,33.442348,68371780.000000,2557104.572000,574435.000000,0.847282,91993.107800,3.731803,5.561700,-0.122800,-2.160260,84.760000,15.240000,1.579900,0.006900,0.438652,61.240000,38.760000,5.038600,-0.092600,-1.804646,83.440000,16.560000,binance_kline_quote_asset_volume,0.000000,0.000000,0.000000,0.000000,OK
98,2026-06-08 17:45:00 UTC,ARIAUSDT,0.037050,0.038950,0.036700,0.038590,0.001570,4.240951,4.156545,6.072874,72.129176,6234,1997,47.132405,8645217.000000,2082199.000000,31.726242,328494.014090,86975.453380,36.011913,4476498.000000,170132.251720,158361.762370,51.791584,68945924.000000,2553504.682878,574144.000000,0.839738,-3599.889122,-0.140780,5.807400,0.245700,4.417714,85.310000,14.690000,1.597900,0.018000,1.139313,61.510000,38.490000,5.289300,0.250700,4.975588,84.100000,15.900000,binance_kline_quote_asset_volume,0.000000,0.000000,0.000000,0.000000,OK
99,2026-06-08 18:00:00 UTC,ARIAUSDT,0.038590,0.039590,0.038300,0.039510,0.000920,2.384037,2.384037,3.342835,74.990456,14259,8025,128.729548,18207347.000000,9562130.000000,110.606015,711590.090750,383096.076660,116.621935,9537783.000000,373047.496610,338542.594140,52.424493,69507005.000000,2682275.322950,561081.000000,0.813799,128770.640072,5.042898,5.422600,-0.384800,-6.626029,84.430000,15.570000,1.603000,0.005100,0.319169,61.580000,38.420000,4.952400,-0.336900,-6.369463,83.200000,16.800000,binance_kline_quote_asset_volume,0.000000,0.000000,0.000000,0.000000,OK
100,2026-06-08 18:15:00 UTC,ARIAUSDT,0.039520,0.040560,0.039120,0.040380,0.000870,2.201974,2.176113,3.643725,77.357721,10695,-3564,-24.994740,13850579.000000,-4356768.000000,-23.928626,550361.075870,-161229.014880,-22.657569,7021806.000000,279272.885690,271088.190180,50.743575,71339806.000000,2820775.929240,1832801.000000,2.636858,138500.606290,5.163549,5.153800,-0.268800,-4.957032,83.750000,16.250000,1.622400,0.019400,1.210231,61.870000,38.130000,4.662500,-0.289900,-5.853727,82.340000,17.660000,binance_kline_quote_asset_volume,0.000000,0.000000,0.000000,0.000000,OK

==================================================================================================================================LAST CANDLE SNAPSHOT — FULL DATA NEEDED FOR V3.2.1
==================================================================================================================================Candle Index        : 100
Time                : 2026-06-08 18:15:00 UTC
Close Time          : 2026-06-08 18:29:59 UTC
Symbol              : ARIAUSDT

[PRICE / RSI]
Open                : 0.03952000
High                : 0.04056000
Low                 : 0.03912000
Close               : 0.04038000
Close Change        : 0.00087000
Close Change %      : 2.2020%
Candle Body %       : 2.1761%
Price Range %       : 3.6437%
RSI(14)            : 77.36

[TRADES / VOLUME / QUOTE VOLUME]
Number of Trades    : 10695
Trades Change       : -3564
Trades Change %     : -24.9947%
Volume              : 13850579.00000000
Volume Change       : -4356768.00000000
Volume Change %     : -23.9286%
Quote Volume        : 550361.07587000
Quote Volume Change : -161229.01488000
Quote Volume Chg %  : -22.6576%
Quote Volume Source : binance_kline_quote_asset_volume
Taker Buy Base Vol  : 7021806.00000000
Taker Buy Quote Vol : 279272.88569000
Taker Sell Quote Vol: 271088.19018000
Taker Buy Quote %   : 50.7436%

[OPEN INTEREST]
Open Interest       : 71339806.00000000
OI Change           : 1832801.00000000
OI Change %         : 2.6369%
OI Value            : 2820775.92924000
OI Value Change     : 138500.60629000
OI Value Change %   : 5.1635%

[TOP ACCOUNT L/S]
Top Acco L/S Ratio  : 5.15380000
Top Acco L/S Change : -0.26880000
Top Acco Chg %      : -4.9570%
Top Acco Long %     : 83.7500
Top Acco Short %    : 16.2500

[TOP POSITION L/S]
Top Posit L/S Ratio : 1.62240000
Top Posit L/S Change: 0.01940000
Top Posit Chg %     : 1.2102%
Top Posit Long %    : 61.8700
Top Posit Short %   : 38.1300

[GLOBAL L/S]
Global L/S Ratio    : 4.66250000
Global L/S Change   : -0.28990000
Global Chg %        : -5.8537%
Global Long %       : 82.3400
Global Short %      : 17.6600

[DATA QUALITY / TIMESTAMP MATCH]
OI Match Delta Min     : 0.0
Acco Match Delta Min   : 0.0
Posit Match Delta Min  : 0.0
Global Match Delta Min : 0.0
Data Quality           : OK

====================================================================================================
تمت الطباعة: 100 شمعة. كل صف في الجدول = شمعة واحدة.
RSI للسياق فقط. القرار البنيوي يعتمد على OI → Trades/Quote → L/S → Price Acceptance.
====================================================================================================

[Program finished]
