####################################################################################################
FETCHING BINANCE FUTURES DATA ...
####################################################################################################
SYMBOL     : CLOUSDT
PERIOD     : 15m
LIMIT      : 100
RSI_PERIOD : 14
PRINT MODE : CSV_STYLE
NOTE       : EACH OUTPUT ROW = ONE ACTUAL KLINE CANDLE
####################################################################################################

============================================================================================================================================
ANALYSIS-READY CANDLE DATA FOR V3.2.1 | CSV STYLE | EACH ROW = ONE 15m CANDLE
============================================================================================================================================
candle_index,time,symbol,open,high,low,close,close_change,close_change_pct,candle_body_pct,price_range_pct,rsi,number_of_trades,trades_change,trades_change_pct,volume,volume_change,volume_change_pct,quote_volume,quote_volume_change,quote_volume_change_pct,taker_buy_base_volume,taker_buy_quote_volume,taker_sell_quote_volume,taker_buy_quote_pct,oi,oi_value,oi_change,oi_change_pct,oi_value_change,oi_value_change_pct,acco_ls_ratio,acco_ls_change,acco_ls_change_pct,acco_long_pct,acco_short_pct,posit_ls_ratio,posit_ls_change,posit_ls_change_pct,posit_long_pct,posit_short_pct,global_ls_ratio,global_ls_change,global_ls_change_pct,global_long_pct,global_short_pct,quote_volume_source,oi_match_delta_min,acco_match_delta_min,posit_match_delta_min,global_match_delta_min,data_quality1,2026-06-07 17:45:00 UTC,CLOUSDT,0.236850,0.238030,0.233780,0.235540,0.000000,0.000000,-0.553093,1.794385,41.008300,7270,0.000000,0.000000,562744.000000,0.000000,0.000000,132651.633040,0.000000,0.000000,275612.000000,64997.114800,67654.518240,48.998353,45627592.000000,10811229.786440,0.000000,0.000000,0.000000,0.000000,1.232600,0.000000,0.000000,55.210000,44.790000,1.443200,0.000000,0.000000,59.070000,40.930000,1.296700,0.000000,0.000000,56.460000,43.540000,binance_kline_quote_asset_volume,0.000000,0.000000,0.000000,0.000000,OK
2,2026-06-07 18:00:00 UTC,CLOUSDT,0.235550,0.237070,0.234100,0.236860,0.001320,0.560414,0.556145,1.260879,43.478261,6605,-665,-9.147180,426662.000000,-136082.000000,-24.181866,100498.453660,-32153.179380,-24.238812,229837.000000,54158.676990,46339.776670,53.890060,45673046.000000,10750521.567480,45454.000000,0.099620,-60708.218960,-0.561529,1.224700,-0.007900,-0.640922,55.050000,44.950000,1.440000,-0.003200,-0.221729,59.020000,40.980000,1.284700,-0.012000,-0.925426,56.230000,43.770000,binance_kline_quote_asset_volume,0.000000,0.000000,0.000000,0.000000,OK
3,2026-06-07 18:15:00 UTC,CLOUSDT,0.236860,0.237000,0.232400,0.234220,-0.002640,-1.114582,-1.114582,1.942075,39.881699,7565,960,14.534444,551642.000000,124980.000000,29.292508,129118.130130,28619.676470,28.477728,271016.000000,63452.032050,65666.098080,49.142620,45688918.000000,10818137.022653,15872.000000,0.034751,67615.455173,0.628950,1.222700,-0.002000,-0.163305,55.010000,44.990000,1.437400,-0.002600,-0.180556,58.970000,41.030000,1.283100,-0.001600,-0.124543,56.200000,43.800000,binance_kline_quote_asset_volume,0.000000,0.000000,0.000000,0.000000,OK
4,2026-06-07 18:30:00 UTC,CLOUSDT,0.234170,0.237500,0.233940,0.236910,0.002690,1.148493,1.170090,1.520263,44.884594,7647,82,1.083939,490131.000000,-61511.000000,-11.150529,115569.022850,-13549.107280,-10.493575,238228.000000,56193.730790,59375.292060,48.623523,45673717.000000,10697697.995740,-15201.000000,-0.033271,-120439.026913,-1.113307,1.215300,-0.007400,-0.605218,54.860000,45.140000,1.437400,0.000000,0.000000,58.970000,41.030000,1.264000,-0.019100,-1.488582,55.830000,44.170000,binance_kline_quote_asset_volume,0.000000,0.000000,0.000000,0.000000,OK
5,2026-06-07 18:45:00 UTC,CLOUSDT,0.236900,0.241040,0.235380,0.239300,0.002390,1.008822,1.013086,2.389194,48.949452,10184,2537,33.176409,1050537.000000,560406.000000,114.338004,250284.940740,134715.917890,116.567498,443555.000000,105768.902190,144516.038550,42.259395,45638692.000000,10803591.170240,-35025.000000,-0.076685,105893.174500,0.989869,1.206500,-0.008800,-0.724101,54.680000,45.320000,1.436600,-0.000800,-0.055656,58.960000,41.040000,1.253800,-0.010200,-0.806962,55.630000,44.370000,binance_kline_quote_asset_volume,0.000000,0.000000,0.000000,0.000000,OK
6,2026-06-07 19:00:00 UTC,CLOUSDT,0.239330,0.240210,0.237020,0.237530,-0.001770,-0.739657,-0.752100,1.332888,46.230149,8915,-1269,-12.460723,590528.000000,-460009.000000,-43.787987,140988.262440,-109296.678300,-43.668899,266878.000000,63742.991580,77245.270860,45.211559,45581463.000000,10906291.693893,-57229.000000,-0.125396,102700.523653,0.950615,1.198800,-0.007700,-0.638210,54.520000,45.480000,1.438900,0.002300,0.160100,59.000000,41.000000,1.256800,0.003000,0.239273,55.690000,44.310000,binance_kline_quote_asset_volume,0.000000,0.000000,0.000000,0.000000,OK
7,2026-06-07 19:15:00 UTC,CLOUSDT,0.237530,0.239000,0.233610,0.234940,-0.002590,-1.090389,-1.090389,2.269187,42.508804,8614,-301,-3.376332,682233.000000,91705.000000,15.529323,160703.789070,19715.526630,13.983807,286778.000000,67625.763290,93078.025780,42.081001,45537828.000000,10816050.187878,-43635.000000,-0.095730,-90241.506015,-0.827426,1.186300,-0.012500,-1.042709,54.260000,45.740000,1.440800,0.001900,0.132045,59.030000,40.970000,1.250200,-0.006600,-0.525143,55.560000,44.440000,binance_kline_quote_asset_volume,0.000000,0.000000,0.000000,0.000000,OK
8,2026-06-07 19:30:00 UTC,CLOUSDT,0.235050,0.236260,0.231490,0.231720,-0.003220,-1.370563,-1.416720,2.029355,38.373161,8603,-11,-0.127699,620368.000000,-61865.000000,-9.068016,144995.784820,-15708.004250,-9.774508,282764.000000,66186.834950,78808.949870,45.647420,45453735.000000,10678900.500900,-84093.000000,-0.184666,-137149.686978,-1.268020,1.199700,0.013400,1.129563,54.540000,45.460000,1.441700,0.000900,0.062465,59.050000,40.950000,1.250200,0.000000,0.000000,55.560000,44.440000,binance_kline_quote_asset_volume,0.000000,0.000000,0.000000,0.000000,OK
9,2026-06-07 19:45:00 UTC,CLOUSDT,0.231860,0.236150,0.231860,0.235110,0.003390,1.462973,1.401708,1.850254,44.495544,5798,-2805,-32.604905,357912.000000,-262456.000000,-42.306502,83633.617210,-61362.167610,-42.319967,218754.000000,51121.553520,32512.063690,61.125604,45429687.000000,10530235.737620,-24048.000000,-0.052907,-148664.763280,-1.392135,1.198300,-0.001400,-0.116696,54.510000,45.490000,1.442200,0.000500,0.034681,59.050000,40.950000,1.243700,-0.006500,-0.519917,55.430000,44.570000,binance_kline_quote_asset_volume,0.000000,0.000000,0.000000,0.000000,OK
10,2026-06-07 20:00:00 UTC,CLOUSDT,0.235010,0.241500,0.234060,0.236300,0.001190,0.506146,0.548913,3.165823,46.504631,12298,6500,112.107623,714791.000000,356879.000000,99.711382,170380.781650,86747.164440,103.722842,362735.000000,86556.477110,83824.304540,50.801784,45495732.000000,10692861.891960,66045.000000,0.145379,162626.154340,1.544373,1.180500,-0.017800,-1.485438,54.140000,45.860000,1.441600,-0.000600,-0.041603,59.040000,40.960000,1.228200,-0.015500,-1.246281,55.120000,44.880000,binance_kline_quote_asset_volume,0.000000,0.000000,0.000000,0.000000,OK
11,2026-06-07 20:15:00 UTC,CLOUSDT,0.236400,0.239630,0.235550,0.239440,0.003140,1.328819,1.285956,1.725888,51.493876,8223,-4075,-33.135469,539297.000000,-175494.000000,-24.551792,127912.036410,-42468.745240,-24.925784,317959.000000,75450.324730,52461.711680,58.986102,45506398.000000,10752289.944814,10666.000000,0.023444,59428.052854,0.555773,1.183900,0.003400,0.288014,54.210000,45.790000,1.441900,0.000300,0.020810,59.050000,40.950000,1.229700,0.001500,0.122130,55.150000,44.850000,binance_kline_quote_asset_volume,0.000000,0.000000,0.000000,0.000000,OK
12,2026-06-07 20:30:00 UTC,CLOUSDT,0.239350,0.240650,0.237430,0.238810,-0.000630,-0.263114,-0.225611,1.345310,50.476679,5899,-2324,-28.262191,410954.000000,-128343.000000,-23.798204,98284.903030,-29627.133380,-23.162115,194564.000000,46555.411450,51729.491580,47.367815,45554680.000000,10907481.381722,48282.000000,0.106099,155191.436907,1.443334,1.172000,-0.011900,-1.005152,53.960000,46.040000,1.442600,0.000700,0.048547,59.060000,40.940000,1.214800,-0.014900,-1.211678,54.850000,45.150000,binance_kline_quote_asset_volume,0.000000,0.000000,0.000000,0.000000,OK
13,2026-06-07 20:45:00 UTC,CLOUSDT,0.238770,0.240950,0.237090,0.238300,-0.000510,-0.213559,-0.196842,1.616619,49.622126,6169,270,4.577047,376960.000000,-33994.000000,-8.271972,90047.201590,-8237.701440,-8.381451,179006.000000,42785.761270,47261.440320,47.514815,45532048.000000,10871138.439782,-22632.000000,-0.049681,-36342.941940,-0.333193,1.178200,0.006200,0.529010,54.090000,45.910000,1.444000,0.001400,0.097047,59.080000,40.920000,1.226700,0.011900,0.979585,55.090000,44.910000,binance_kline_quote_asset_volume,0.000000,0.000000,0.000000,0.000000,OK
14,2026-06-07 21:00:00 UTC,CLOUSDT,0.238300,0.239000,0.235350,0.235820,-0.002480,-1.040705,-1.040705,1.531683,45.581034,5384,-785,-12.724915,388899.000000,11939.000000,3.167180,92391.939650,2344.738060,2.603899,180033.000000,42807.658370,49584.281280,46.332676,45495682.000000,10832210.238778,-36366.000000,-0.079869,-38928.201003,-0.358088,1.193500,0.015300,1.298591,54.410000,45.590000,1.445400,0.001400,0.096953,59.110000,40.890000,1.240600,0.013900,1.133121,55.370000,44.630000,binance_kline_quote_asset_volume,0.000000,0.000000,0.000000,0.000000,OK
15,2026-06-07 21:15:00 UTC,CLOUSDT,0.235770,0.236880,0.233530,0.234340,-0.001480,-0.627597,-0.606523,1.420876,43.314058,2751,-2633,-48.904160,387897.000000,-1002.000000,-0.257650,91133.387920,-1258.551730,-1.362188,160016.000000,37608.762710,53524.625210,41.267820,45432574.000000,10695285.879946,-63108.000000,-0.138712,-136924.358832,-1.264048,1.195400,0.001900,0.159196,54.450000,45.550000,1.445100,-0.000300,-0.020756,59.100000,40.900000,1.240600,0.000000,0.000000,55.370000,44.630000,binance_kline_quote_asset_volume,0.000000,0.000000,0.000000,0.000000,OK
16,2026-06-07 21:30:00 UTC,CLOUSDT,0.234140,0.234810,0.232950,0.234400,0.000060,0.025604,0.111045,0.794397,43.436879,2690,-61,-2.217375,270686.000000,-117211.000000,-30.217042,63293.385190,-27840.002730,-30.548631,150748.000000,35260.560480,28032.824710,55.709709,45404948.000000,10635378.049337,-27626.000000,-0.060807,-59907.830609,-0.560133,1.218300,0.022900,1.915677,54.920000,45.080000,1.442900,-0.002200,-0.152239,59.070000,40.930000,1.270100,0.029500,2.377882,55.950000,44.050000,binance_kline_quote_asset_volume,0.000000,0.000000,0.000000,0.000000,OK
17,2026-06-07 21:45:00 UTC,CLOUSDT,0.234500,0.236800,0.233680,0.236120,0.001720,0.733788,0.690832,1.330490,46.983141,5037,2347,87.249071,289109.000000,18423.000000,6.806041,67937.909720,4644.524530,7.338088,161676.000000,37993.054080,29944.855640,55.923201,45421386.000000,10651785.582559,16438.000000,0.036203,16407.533222,0.154273,1.203600,-0.014700,-1.206599,54.620000,45.380000,1.440200,-0.002700,-0.187123,59.020000,40.980000,1.254800,-0.015300,-1.204630,55.650000,44.350000,binance_kline_quote_asset_volume,0.000000,0.000000,0.000000,0.000000,OK
18,2026-06-07 22:00:00 UTC,CLOUSDT,0.236100,0.243130,0.235970,0.241720,0.005600,2.371675,2.380347,3.032613,56.537407,9476,4439,88.127854,781528.000000,492419.000000,170.322958,187488.039510,119550.129790,175.969691,460778.000000,110602.244440,76885.795070,58.991627,45425993.000000,10725231.395676,4607.000000,0.010143,73445.813117,0.689516,1.198800,-0.004800,-0.398804,54.520000,45.480000,1.438500,-0.001700,-0.118039,58.990000,41.010000,1.253300,-0.001500,-0.119541,55.620000,44.380000,binance_kline_quote_asset_volume,0.000000,0.000000,0.000000,0.000000,OK
19,2026-06-07 22:15:00 UTC,CLOUSDT,0.242140,0.243230,0.237890,0.238320,-0.003400,-1.406586,-1.577600,2.205336,50.577785,11354,1878,19.818489,792019.000000,10491.000000,1.342370,190279.906540,2791.867030,1.489091,335222.000000,80520.044300,109759.862240,42.316630,45441220.000000,10973022.205482,15227.000000,0.033520,247790.809805,2.310354,1.187700,-0.011100,-0.925926,54.290000,45.710000,1.440200,0.001700,0.118179,59.020000,40.980000,1.243700,-0.009600,-0.765978,55.430000,44.570000,binance_kline_quote_asset_volume,0.000000,0.000000,0.000000,0.000000,OK
20,2026-06-07 22:30:00 UTC,CLOUSDT,0.238320,0.240430,0.237770,0.239120,0.000800,0.335683,0.335683,1.116146,51.863524,6969,-4385,-38.620750,298516.000000,-493503.000000,-62.309490,71352.133110,-118927.773430,-62.501488,127198.000000,30401.203280,40950.929830,42.607280,45348606.000000,10807479.781920,-92614.000000,-0.203811,-165542.423562,-1.508631,1.199300,0.011600,0.976678,54.530000,45.470000,1.444400,0.004200,0.291626,59.090000,40.910000,1.247700,0.004000,0.321621,55.510000,44.490000,binance_kline_quote_asset_volume,0.000000,0.000000,0.000000,0.000000,OK
21,2026-06-07 22:45:00 UTC,CLOUSDT,0.239120,0.240070,0.237930,0.238050,-0.001070,-0.447474,-0.447474,0.894948,49.990279,5568,-1401,-20.103315,291474.000000,-7042.000000,-2.359003,69685.057920,-1667.075190,-2.336406,140301.000000,33554.426240,36130.631680,48.151537,45346403.000000,10827155.678568,-2203.000000,-0.004858,19675.896648,0.182058,1.197800,-0.001500,-0.125073,54.500000,45.500000,1.442700,-0.001700,-0.117696,59.060000,40.940000,1.268600,0.020900,1.675082,55.920000,44.080000,binance_kline_quote_asset_volume,0.000000,0.000000,0.000000,0.000000,OK
22,2026-06-07 23:00:00 UTC,CLOUSDT,0.238040,0.238890,0.236500,0.238250,0.000200,0.084016,0.088220,1.004033,50.351249,7377,1809,32.489224,349136.000000,57662.000000,19.782897,82959.492280,13274.434360,19.049183,170921.000000,40618.293170,42341.199110,48.961598,45342408.000000,10793064.671861,-3995.000000,-0.008810,-34091.006707,-0.314866,1.207000,0.009200,0.768075,54.690000,45.310000,1.442500,-0.000200,-0.013863,59.060000,40.940000,1.269100,0.000500,0.039414,55.930000,44.070000,binance_kline_quote_asset_volume,0.000000,0.000000,0.000000,0.000000,OK
23,2026-06-07 23:15:00 UTC,CLOUSDT,0.238280,0.241780,0.237800,0.240810,0.002560,1.074502,1.061776,1.670304,54.844144,7609,232,3.144910,628655.000000,279519.000000,80.060206,151273.775040,68314.282760,82.346554,398665.000000,95927.839890,55345.935150,63.413397,45341483.000000,10789461.108339,-925.000000,-0.002040,-3603.563522,-0.033388,1.196400,-0.010600,-0.878210,54.470000,45.530000,1.443300,0.000800,0.055459,59.070000,40.930000,1.246700,-0.022400,-1.765030,55.490000,44.510000,binance_kline_quote_asset_volume,0.000000,0.000000,0.000000,0.000000,OK
24,2026-06-07 23:30:00 UTC,CLOUSDT,0.240810,0.241400,0.239280,0.240120,-0.000690,-0.286533,-0.286533,0.880362,53.440420,6528,-1081,-14.206860,766593.000000,137938.000000,21.941765,184124.509780,32850.734740,21.716080,293771.000000,70560.485480,113564.024300,38.322158,45406339.000000,10932938.304420,64856.000000,0.143039,143477.196081,1.329790,1.198300,0.001900,0.158810,54.510000,45.490000,1.440800,-0.002500,-0.173214,59.030000,40.970000,1.251200,0.004500,0.360953,55.580000,44.420000,binance_kline_quote_asset_volume,0.000000,0.000000,0.000000,0.000000,OK
25,2026-06-07 23:45:00 UTC,CLOUSDT,0.240110,0.241570,0.238760,0.240150,0.000030,0.012494,0.016659,1.170297,53.496151,6972,444,6.801471,428158.000000,-338435.000000,-44.147938,102844.881280,-81279.628500,-44.143840,208496.000000,50094.858580,52750.022700,48.709141,45586458.000000,10946090.373555,180119.000000,0.396682,13152.069135,0.120298,1.217300,0.019000,1.585580,54.900000,45.100000,1.444600,0.003800,0.263742,59.090000,40.910000,1.274300,0.023100,1.846228,56.030000,43.970000,binance_kline_quote_asset_volume,0.000000,0.000000,0.000000,0.000000,OK
26,2026-06-08 00:00:00 UTC,CLOUSDT,0.240110,0.241150,0.235590,0.236750,-0.003400,-1.415782,-1.399359,2.315605,46.676960,10527,3555,50.989673,677390.000000,249232.000000,58.210287,161521.835910,58676.954630,57.053841,351666.000000,83895.826590,77626.009320,51.940857,45625424.000000,10953959.845853,38966.000000,0.085477,7869.472299,0.071893,1.224200,0.006900,0.566828,55.040000,44.960000,1.443000,-0.001600,-0.110757,59.070000,40.930000,1.274800,0.000500,0.039237,56.040000,43.960000,binance_kline_quote_asset_volume,0.000000,0.000000,0.000000,0.000000,OK
27,2026-06-08 00:15:00 UTC,CLOUSDT,0.236690,0.241550,0.235000,0.240880,0.004130,1.744456,1.770248,2.767333,54.297806,8619,-1908,-18.124822,653240.000000,-24150.000000,-3.565154,155047.517360,-6474.318550,-4.008324,382132.000000,90779.525710,64267.991650,58.549487,45604088.000000,10792141.299272,-21336.000000,-0.046763,-161818.546581,-1.477261,1.235100,0.010900,0.890377,55.260000,44.740000,1.440800,-0.002200,-0.152460,59.030000,40.970000,1.269600,-0.005200,-0.407907,55.940000,44.060000,binance_kline_quote_asset_volume,0.000000,0.000000,0.000000,0.000000,OK
28,2026-06-08 00:30:00 UTC,CLOUSDT,0.240880,0.243440,0.238680,0.239550,-0.001330,-0.552142,-0.552142,1.976088,51.733632,13751,5132,59.542870,1071907.000000,418667.000000,64.090840,258075.726650,103028.209290,66.449441,573641.000000,138223.102040,119852.624610,53.559125,45683581.000000,11000149.468990,79493.000000,0.174311,208008.169718,1.927404,1.221700,-0.013400,-1.084932,54.990000,45.010000,1.434700,-0.006100,-0.423376,58.930000,41.070000,1.259400,-0.010200,-0.803403,55.740000,44.260000,binance_kline_quote_asset_volume,0.000000,0.000000,0.000000,0.000000,OK
29,2026-06-08 00:45:00 UTC,CLOUSDT,0.239550,0.250990,0.239340,0.245260,0.005710,2.383636,2.383636,4.863285,60.383517,22102,8351,60.730129,2548300.000000,1476393.000000,137.735177,626950.844580,368875.117930,142.932899,1405066.000000,345455.875160,281494.969420,55.100951,45699230.000000,10947250.546500,15649.000000,0.034255,-52898.922490,-0.480893,1.223700,0.002000,0.163706,55.030000,44.970000,1.432400,-0.002300,-0.160312,58.890000,41.110000,1.274300,0.014900,1.183103,56.030000,43.970000,binance_kline_quote_asset_volume,0.000000,0.000000,0.000000,0.000000,OK
30,2026-06-08 01:00:00 UTC,CLOUSDT,0.245260,0.248870,0.236900,0.238430,-0.006830,-2.784800,-2.784800,4.880535,49.058280,17319,-4783,-21.640576,1400072.000000,-1148228.000000,-45.058588,339680.138230,-287270.706350,-45.820292,594022.000000,144062.914310,195617.223920,42.411345,45749600.000000,11221919.384000,50370.000000,0.110221,274668.837500,2.509021,1.234600,0.010900,0.890741,55.250000,44.750000,1.439600,0.007200,0.502653,59.010000,40.990000,1.296200,0.021900,1.718591,56.450000,43.550000,binance_kline_quote_asset_volume,0.000000,0.000000,0.000000,0.000000,OK
31,2026-06-08 01:15:00 UTC,CLOUSDT,0.238440,0.245700,0.236800,0.244970,0.006540,2.742943,2.738634,3.732595,57.314018,11421,-5898,-34.055084,889669.000000,-510403.000000,-36.455482,214107.542560,-125572.595670,-36.967895,567284.000000,136520.037850,77587.504710,63.762367,45701332.000000,10884843.455022,-48268.000000,-0.105505,-337075.928978,-3.003728,1.254300,0.019700,1.595659,55.640000,44.360000,1.436600,-0.003000,-0.208391,58.960000,41.040000,1.326100,0.029900,2.306743,57.010000,42.990000,binance_kline_quote_asset_volume,0.000000,0.000000,0.000000,0.000000,OK
32,2026-06-08 01:30:00 UTC,CLOUSDT,0.244960,0.246150,0.239900,0.240740,-0.004230,-1.726742,-1.722730,2.551437,51.500475,18460,7039,61.632081,1289539.000000,399870.000000,44.945929,313487.554360,99380.011800,46.415932,574509.000000,139741.811740,173745.742620,44.576510,45641615.000000,11163099.679700,-59717.000000,-0.130668,278256.224678,2.556364,1.233100,-0.021200,-1.690186,55.220000,44.780000,1.433600,-0.003000,-0.208826,58.910000,41.090000,1.294100,-0.032000,-2.413091,56.410000,43.590000,binance_kline_quote_asset_volume,0.000000,0.000000,0.000000,0.000000,OK
33,2026-06-08 01:45:00 UTC,CLOUSDT,0.240750,0.241480,0.239520,0.240920,0.000180,0.074769,0.070613,0.814123,51.724874,7954,-10506,-56.912243,423155.000000,-866384.000000,-67.185560,101847.837330,-211639.717030,-67.511362,212369.000000,51113.416400,50734.420930,50.186060,45458534.000000,10943687.475160,-183081.000000,-0.401127,-219412.204540,-1.965513,1.249700,0.016600,1.346201,55.550000,44.450000,1.440000,0.006400,0.446429,59.020000,40.980000,1.320700,0.026600,2.055483,56.910000,43.090000,binance_kline_quote_asset_volume,0.000000,0.000000,0.000000,0.000000,OK
34,2026-06-08 02:00:00 UTC,CLOUSDT,0.240920,0.241700,0.239310,0.240930,0.000010,0.004151,0.004151,0.992031,51.738234,8949,995,12.509429,557071.000000,133916.000000,31.647032,134039.677050,32191.839720,31.607779,292027.000000,70257.051230,63782.625820,52.415115,45374111.000000,10927395.425643,-84423.000000,-0.185714,-16292.049517,-0.148872,1.252800,0.003100,0.248060,55.610000,44.390000,1.438800,-0.001200,-0.083333,59.000000,41.000000,1.324000,0.003300,0.249867,56.970000,43.030000,binance_kline_quote_asset_volume,0.000000,0.000000,0.000000,0.000000,OK
35,2026-06-08 02:15:00 UTC,CLOUSDT,0.240920,0.241830,0.239710,0.240770,-0.000160,-0.066409,-0.062261,0.879960,51.492692,8296,-653,-7.296905,410991.000000,-146080.000000,-26.222869,99008.727250,-35030.949800,-26.134761,162640.000000,39191.072400,59817.654850,39.583452,45221502.000000,10895216.476860,-152609.000000,-0.336335,-32178.948783,-0.294480,1.206000,-0.046800,-3.735632,54.670000,45.330000,1.495400,0.056600,3.933834,59.930000,40.070000,1.304100,-0.019900,-1.503021,56.600000,43.400000,binance_kline_quote_asset_volume,0.000000,0.000000,0.000000,0.000000,OK
36,2026-06-08 02:30:00 UTC,CLOUSDT,0.240840,0.244350,0.238580,0.241000,0.000230,0.095527,0.066434,2.395781,51.846473,14061,5765,69.491321,925392.000000,514401.000000,125.161135,223720.360700,124711.633450,125.960243,447920.000000,108284.300540,115436.060160,48.401630,45113247.000000,10863251.381169,-108255.000000,-0.239388,-31965.095691,-0.293387,1.214800,0.008800,0.729685,54.850000,45.150000,1.496000,0.000600,0.040123,59.940000,40.060000,1.317000,0.012900,0.989188,56.840000,43.160000,binance_kline_quote_asset_volume,0.000000,0.000000,0.000000,0.000000,OK
37,2026-06-08 02:45:00 UTC,CLOUSDT,0.241000,0.241680,0.225940,0.226430,-0.014570,-6.045643,-6.045643,6.531120,34.620690,19430,5369,38.183628,2048008.000000,1122616.000000,121.312482,477341.072780,253620.712080,113.365056,929285.000000,216654.910550,260686.162230,45.387863,45012366.000000,10849358.484647,-100881.000000,-0.223617,-13892.896522,-0.127889,1.217300,0.002500,0.205795,54.900000,45.100000,1.496500,0.000500,0.033422,59.940000,40.060000,1.310500,-0.006500,-0.493546,56.720000,43.280000,binance_kline_quote_asset_volume,0.000000,0.000000,0.000000,0.000000,OK
38,2026-06-08 03:00:00 UTC,CLOUSDT,0.226240,0.227500,0.206290,0.207550,-0.018880,-8.338118,-8.261139,9.375000,23.653725,48435,29005,149.279465,6634098.000000,4586090.000000,223.929301,1429816.570140,952475.497360,199.537721,3040370.000000,654970.018120,774846.552020,45.807975,44669161.000000,10139845.497315,-343205.000000,-0.762468,-709512.987332,-6.539677,1.209900,-0.007400,-0.607903,54.750000,45.250000,1.483200,-0.013300,-0.888740,59.730000,40.270000,1.300400,-0.010100,-0.770698,56.530000,43.470000,binance_kline_quote_asset_volume,0.000000,0.000000,0.000000,0.000000,OK
39,2026-06-08 03:15:00 UTC,CLOUSDT,0.207620,0.216790,0.200010,0.206960,-0.000590,-0.284269,-0.317888,8.082073,23.404220,36373,-12062,-24.903479,3569887.000000,-3064211.000000,-46.188811,742828.506070,-686988.064070,-48.047287,1932348.000000,402293.542170,340534.963900,54.156988,44153672.000000,9166659.510406,-515489.000000,-1.154015,-973185.986909,-9.597641,1.187200,-0.022700,-1.876188,54.280000,45.720000,1.494200,0.011000,0.741640,59.910000,40.090000,1.244700,-0.055700,-4.283297,55.450000,44.550000,binance_kline_quote_asset_volume,0.000000,0.000000,0.000000,0.000000,OK
40,2026-06-08 03:30:00 UTC,CLOUSDT,0.206960,0.217810,0.201510,0.205120,-0.001840,-0.889061,-0.889061,7.875918,22.603455,41884,5511,15.151349,4054562.000000,484675.000000,13.576760,846679.584070,103851.078000,13.980492,2135391.000000,446075.342630,400604.241440,52.685260,44159622.000000,9109168.222033,5950.000000,0.013476,-57491.288374,-0.627178,1.193000,0.005800,0.488544,54.400000,45.600000,1.491400,-0.002800,-0.187391,59.860000,40.140000,1.258400,0.013700,1.100667,55.720000,44.280000,binance_kline_quote_asset_volume,0.000000,0.000000,0.000000,0.000000,OK
41,2026-06-08 03:45:00 UTC,CLOUSDT,0.205070,0.205730,0.198090,0.201650,-0.003470,-1.691693,-1.667723,3.725557,21.134844,30493,-11391,-27.196543,2733016.000000,-1321546.000000,-32.594051,553200.078990,-293479.505080,-34.662405,1413353.000000,286333.723960,266866.355030,51.759523,43730902.000000,9002193.782270,-428720.000000,-0.970842,-106974.439763,-1.174360,1.225200,0.032200,2.699078,55.060000,44.940000,1.493800,0.002400,0.160923,59.900000,40.100000,1.292500,0.034100,2.709790,56.380000,43.620000,binance_kline_quote_asset_volume,0.000000,0.000000,0.000000,0.000000,OK
42,2026-06-08 04:00:00 UTC,CLOUSDT,0.201480,0.207610,0.196400,0.203910,0.002260,1.120754,1.206075,5.563828,24.572218,29784,-709,-2.325124,2623988.000000,-109028.000000,-3.989292,529255.853500,-23944.225490,-4.328312,1318545.000000,266179.183610,263076.669890,50.293102,43860988.000000,8833115.687623,130086.000000,0.297469,-169078.094646,-1.878188,1.222200,-0.003000,-0.244858,55.000000,45.000000,1.491100,-0.002700,-0.180747,59.860000,40.140000,1.263500,-0.029000,-2.243714,55.820000,44.180000,binance_kline_quote_asset_volume,0.000000,0.000000,0.000000,0.000000,OK
43,2026-06-08 04:15:00 UTC,CLOUSDT,0.203910,0.205670,0.190010,0.196260,-0.007650,-3.751655,-3.751655,7.679859,21.203352,41245,11461,38.480392,3911573.000000,1287585.000000,49.069775,766418.835950,237162.982450,44.810649,1970264.000000,386145.598960,380273.236990,50.383104,43819375.000000,8928727.432494,-41613.000000,-0.094875,95611.744870,1.082424,1.272700,0.050500,4.131893,56.000000,44.000000,1.499100,0.008000,0.536517,59.990000,40.010000,1.314300,0.050800,4.020578,56.790000,43.210000,binance_kline_quote_asset_volume,0.000000,0.000000,0.000000,0.000000,OK
44,2026-06-08 04:30:00 UTC,CLOUSDT,0.196220,0.197340,0.183010,0.185200,-0.011060,-5.635382,-5.616145,7.303027,17.473457,31810,-9435,-22.875500,3145072.000000,-766501.000000,-19.595723,596697.342640,-169721.493310,-22.144745,1460261.000000,277314.764970,319382.577670,46.474946,43675312.000000,8579749.496503,-144063.000000,-0.328766,-348977.935991,-3.908485,1.308400,0.035700,2.805060,56.680000,43.320000,1.497700,-0.001400,-0.093389,59.960000,40.040000,1.359000,0.044700,3.401050,57.610000,42.390000,binance_kline_quote_asset_volume,0.000000,0.000000,0.000000,0.000000,OK
45,2026-06-08 04:45:00 UTC,CLOUSDT,0.185220,0.186190,0.175800,0.176130,-0.009070,-4.897408,-4.907677,5.609545,15.123868,32227,417,1.310909,3760523.000000,615451.000000,19.568741,684095.830600,87398.487960,14.647038,1800126.000000,328232.449580,355863.381020,47.980478,43365687.000000,8021791.286113,-309625.000000,-0.708925,-557958.210390,-6.503199,1.371400,0.063000,4.815041,57.830000,42.170000,1.498900,0.001200,0.080123,59.980000,40.020000,1.424800,0.065800,4.841795,58.760000,41.240000,binance_kline_quote_asset_volume,0.000000,0.000000,0.000000,0.000000,OK
46,2026-06-08 05:00:00 UTC,CLOUSDT,0.176260,0.190230,0.176190,0.180120,0.003990,2.265372,2.189947,7.965506,20.206964,50179,17952,55.704844,5943306.000000,2182783.000000,58.044666,1088179.419930,404083.589330,59.068272,3184342.000000,582616.151460,505563.268470,53.540449,43424566.000000,7681805.725400,58879.000000,0.135773,-339985.560713,-4.238275,1.439000,0.067600,4.929269,59.000000,41.000000,1.508900,0.010000,0.667156,60.140000,39.860000,1.477700,0.052900,3.712802,59.640000,40.360000,binance_kline_quote_asset_volume,0.000000,0.000000,0.000000,0.000000,OK
47,2026-06-08 05:15:00 UTC,CLOUSDT,0.180200,0.185250,0.173610,0.175240,-0.004880,-2.709305,-2.752497,6.459489,18.729551,34065,-16114,-32.113035,4039715.000000,-1903591.000000,-32.029160,722932.205510,-365247.214420,-33.564981,1843577.000000,330349.958280,392582.247230,45.695842,43272315.000000,7787114.449033,-152251.000000,-0.350610,105308.723633,1.370885,1.438400,-0.000600,-0.041696,58.990000,41.010000,1.509000,0.000100,0.006627,60.140000,39.860000,1.456400,-0.021300,-1.441429,59.290000,40.710000,binance_kline_quote_asset_volume,0.000000,0.000000,0.000000,0.000000,OK
48,2026-06-08 05:30:00 UTC,CLOUSDT,0.175240,0.179590,0.173900,0.175770,0.000530,0.302442,0.302442,3.246976,19.418641,25136,-8929,-26.211654,2332213.000000,-1707502.000000,-42.267883,410881.881580,-312050.323930,-43.164535,1261746.000000,222183.062850,188698.818730,54.074680,43274472.000000,7569297.580322,2157.000000,0.004985,-217816.868711,-2.797145,1.496300,0.057900,4.025306,59.940000,40.060000,1.528100,0.019100,1.265739,60.440000,39.560000,1.493100,0.036700,2.519912,59.890000,40.110000,binance_kline_quote_asset_volume,0.000000,0.000000,0.000000,0.000000,OK
49,2026-06-08 05:45:00 UTC,CLOUSDT,0.175860,0.178100,0.170030,0.170520,-0.005250,-2.986858,-3.036506,4.588878,17.807906,19692,-5444,-21.658180,2200220.000000,-131993.000000,-5.659560,382517.818380,-28364.063200,-6.903216,1113944.000000,194079.416750,188438.401630,50.737353,43308556.000000,7612952.074075,34084.000000,0.078762,43654.493753,0.576731,1.492500,-0.003800,-0.253960,59.880000,40.120000,1.535200,0.007100,0.464629,60.560000,39.440000,1.474000,-0.019100,-1.279218,59.580000,40.420000,binance_kline_quote_asset_volume,0.000000,0.000000,0.000000,0.000000,OK
50,2026-06-08 06:00:00 UTC,CLOUSDT,0.170620,0.174760,0.167050,0.170700,0.000180,0.105559,0.046888,4.518814,18.058866,32140,12448,63.213488,4279870.000000,2079650.000000,94.520093,727136.583520,344618.765140,90.092212,2172980.000000,369559.744360,357576.839160,50.823979,43175260.000000,7407380.320251,-133296.000000,-0.307782,-205571.753824,-2.700290,1.578600,0.086100,5.768844,61.220000,38.780000,1.533800,-0.001400,-0.091193,60.530000,39.470000,1.567400,0.093400,6.336499,61.050000,38.950000,binance_kline_quote_asset_volume,0.000000,0.000000,0.000000,0.000000,OK
51,2026-06-08 06:15:00 UTC,CLOUSDT,0.170690,0.174170,0.165150,0.165430,-0.005270,-3.087288,-3.081610,5.284434,16.472986,21483,-10657,-33.158058,2871446.000000,-1408424.000000,-32.908102,485721.396070,-241415.187450,-33.200803,1317999.000000,223250.936010,262470.460060,45.962755,42876073.000000,7316148.854858,-299187.000000,-0.692959,-91231.465393,-1.231629,1.559500,-0.019100,-1.209933,60.930000,39.070000,1.535100,0.001300,0.084757,60.550000,39.450000,1.511300,-0.056100,-3.579176,60.180000,39.820000,binance_kline_quote_asset_volume,0.000000,0.000000,0.000000,0.000000,OK
52,2026-06-08 06:30:00 UTC,CLOUSDT,0.165380,0.172500,0.163170,0.169230,0.003800,2.297044,2.327972,5.641553,21.805290,26899,5416,25.210632,3669180.000000,797734.000000,27.781612,613997.837680,128276.441610,26.409469,2066244.000000,345994.123990,268003.713690,56.351033,42945659.000000,7099452.965068,69586.000000,0.162296,-216695.889790,-2.961885,1.619900,0.060400,3.873036,61.830000,38.170000,1.547900,0.012800,0.833822,60.750000,39.250000,1.586000,0.074700,4.942765,61.330000,38.670000,binance_kline_quote_asset_volume,0.000000,0.000000,0.000000,0.000000,OK
53,2026-06-08 06:45:00 UTC,CLOUSDT,0.169240,0.169720,0.162630,0.164250,-0.004980,-2.942741,-2.948476,4.189317,20.003043,19326,-7573,-28.153463,2296359.000000,-1372821.000000,-37.414926,379607.818510,-234390.019170,-38.174405,1094953.000000,180789.446280,198818.372230,47.625322,42780944.000000,7244903.668314,-164715.000000,-0.383543,145450.703247,2.048759,1.577300,-0.042600,-2.629792,61.200000,38.800000,1.553400,0.005500,0.355320,60.840000,39.160000,1.531000,-0.055000,-3.467844,60.490000,39.510000,binance_kline_quote_asset_volume,0.000000,0.000000,0.000000,0.000000,OK
54,2026-06-08 07:00:00 UTC,CLOUSDT,0.164230,0.188020,0.162930,0.172140,0.007890,4.803653,4.816416,15.277355,29.890044,58327,39001,201.805857,8500538.000000,6204179.000000,270.174611,1500402.313550,1120794.495040,295.250635,4305515.000000,759500.846310,740901.467240,50.619813,42848182.000000,7037813.893500,67238.000000,0.157168,-207089.774814,-2.858420,1.632300,0.055000,3.486971,62.010000,37.990000,1.573600,0.020200,1.300373,61.140000,38.860000,1.584600,0.053600,3.500980,61.310000,38.690000,binance_kline_quote_asset_volume,0.000000,0.000000,0.000000,0.000000,OK
55,2026-06-08 07:15:00 UTC,CLOUSDT,0.171970,0.195570,0.170630,0.184830,0.012690,7.371907,7.478048,14.502530,42.252239,64175,5848,10.026231,8928355.000000,427817.000000,5.032823,1655679.305240,155276.991690,10.349024,4778130.000000,885862.127300,769817.177940,53.504451,42378632.000000,7361726.504983,-469550.000000,-1.095846,323912.611483,4.602461,1.688200,0.055900,3.424616,62.800000,37.200000,1.559600,-0.014000,-0.889680,60.930000,39.070000,1.707800,0.123200,7.774833,63.070000,36.930000,binance_kline_quote_asset_volume,0.000000,0.000000,0.000000,0.000000,OK
56,2026-06-08 07:30:00 UTC,CLOUSDT,0.184820,0.193020,0.180300,0.190750,0.005920,3.202943,3.208527,6.882372,46.951542,42656,-21519,-33.531749,4234439.000000,-4693916.000000,-52.573134,794370.698540,-861308.606700,-52.021464,2186257.000000,410595.771230,383774.927310,51.688182,42208550.000000,7741457.915021,-170082.000000,-0.401339,379731.410037,5.158184,1.712200,0.024000,1.421633,63.130000,36.870000,1.558500,-0.001100,-0.070531,60.920000,39.080000,1.681000,-0.026800,-1.569270,62.700000,37.300000,binance_kline_quote_asset_volume,0.000000,0.000000,0.000000,0.000000,OK
57,2026-06-08 07:45:00 UTC,CLOUSDT,0.190720,0.191100,0.178700,0.179670,-0.011080,-5.808650,-5.793834,6.501678,40.335628,25074,-17582,-41.218117,2753771.000000,-1480668.000000,-34.967277,508052.809180,-286317.889360,-36.043360,1183872.000000,217934.172570,290118.636610,42.895968,42184771.000000,8038103.517911,-23779.000000,-0.056337,296645.602890,3.831909,1.703400,-0.008800,-0.513959,63.010000,36.990000,1.552100,-0.006400,-0.410651,60.820000,39.180000,1.677400,-0.003600,-0.214158,62.650000,37.350000,binance_kline_quote_asset_volume,0.000000,0.000000,0.000000,0.000000,OK
58,2026-06-08 08:00:00 UTC,CLOUSDT,0.179640,0.181330,0.172220,0.172300,-0.007370,-4.101965,-4.085950,5.071254,36.637529,28203,3129,12.479062,2809176.000000,55405.000000,2.011968,497224.896900,-10827.912280,-2.131257,1454694.000000,257799.675860,239425.221040,51.847701,41974229.000000,7537210.304154,-210542.000000,-0.499095,-500893.213757,-6.231485,1.701200,-0.002200,-0.129153,62.980000,37.020000,1.572400,0.020300,1.307905,61.130000,38.870000,1.691100,0.013700,0.816740,62.840000,37.160000,binance_kline_quote_asset_volume,0.000000,0.000000,0.000000,0.000000,OK
59,2026-06-08 08:15:00 UTC,CLOUSDT,0.172320,0.174630,0.169000,0.173110,0.000810,0.470110,0.458449,3.267177,37.317729,19213,-8990,-31.876042,2419425.000000,-389751.000000,-13.874211,414027.203800,-83197.693100,-16.732407,1348871.000000,230894.203060,183133.000740,55.767882,41799571.000000,7208125.767108,-174658.000000,-0.416108,-329084.537046,-4.366132,1.675900,-0.025300,-1.487186,62.630000,37.370000,1.565100,-0.007300,-0.464258,61.020000,38.980000,1.677400,-0.013700,-0.810124,62.650000,37.350000,binance_kline_quote_asset_volume,0.000000,0.000000,0.000000,0.000000,OK
60,2026-06-08 08:30:00 UTC,CLOUSDT,0.173230,0.180800,0.170130,0.173980,0.000870,0.502571,0.432950,6.159441,38.086521,12252,-6961,-36.230677,3985874.000000,1566449.000000,64.744681,698892.923810,284865.720010,68.803624,1616143.000000,283772.733810,415120.190000,40.603177,41902928.000000,7235797.607040,103357.000000,0.247268,27671.839932,0.383898,1.707800,0.031900,1.903455,63.070000,36.930000,1.564100,-0.001000,-0.063894,61.000000,39.000000,1.683800,0.006400,0.381543,62.740000,37.260000,binance_kline_quote_asset_volume,0.000000,0.000000,0.000000,0.000000,OK
61,2026-06-08 08:45:00 UTC,CLOUSDT,0.173810,0.176170,0.169110,0.170120,-0.003860,-2.218646,-2.123008,4.061907,35.978111,5672,-6580,-53.705517,1671957.000000,-2313917.000000,-58.052939,289133.885730,-409759.038080,-58.629731,842603.000000,145860.572800,143273.312930,50.447416,42854687.000000,7449935.497970,951759.000000,2.271342,214137.890930,2.959423,1.737500,0.029700,1.739080,63.470000,36.530000,1.565800,0.001700,0.108689,61.030000,38.970000,1.722600,0.038800,2.304312,63.270000,36.730000,binance_kline_quote_asset_volume,0.000000,0.000000,0.000000,0.000000,OK
62,2026-06-08 09:00:00 UTC,CLOUSDT,0.170270,0.187740,0.168460,0.183700,0.013580,7.982601,7.887473,11.323193,47.077969,14128,8456,149.083216,4802782.000000,3130825.000000,187.255115,864868.183170,575734.297440,199.123771,2573224.000000,463743.196120,401124.987050,53.620101,42722862.000000,7272241.992321,-131825.000000,-0.307609,-177693.505649,-2.385168,1.767800,0.030300,1.743885,63.870000,36.130000,1.567900,0.002100,0.134117,61.060000,38.940000,1.747300,0.024700,1.433879,63.600000,36.400000,binance_kline_quote_asset_volume,0.000000,0.000000,0.000000,0.000000,OK
63,2026-06-08 09:15:00 UTC,CLOUSDT,0.183750,0.184740,0.175100,0.175780,-0.007920,-4.311377,-4.337415,5.246259,42.454933,12540,-1588,-11.240091,2113488.000000,-2689294.000000,-55.994505,380018.548810,-484849.634360,-56.060524,860697.000000,155091.104060,224927.444750,40.811456,43017810.000000,7879826.062779,294948.000000,0.690375,607584.070458,8.354838,1.685300,-0.082500,-4.666818,62.760000,37.240000,1.542100,-0.025800,-1.645513,60.660000,39.340000,1.675200,-0.072100,-4.126366,62.620000,37.380000,binance_kline_quote_asset_volume,0.000000,0.000000,0.000000,0.000000,OK
64,2026-06-08 09:30:00 UTC,CLOUSDT,0.175710,0.177260,0.170230,0.171670,-0.004110,-2.338150,-2.299243,4.000911,40.246237,15710,3170,25.279107,1790908.000000,-322580.000000,-15.262921,312277.190330,-67741.358480,-17.825803,954296.000000,166709.535700,145567.654630,53.385115,42695355.000000,7504989.501900,-322455.000000,-0.749585,-374836.560879,-4.756914,1.780900,0.095600,5.672581,64.040000,35.960000,1.560400,0.018300,1.186693,60.940000,39.060000,1.776200,0.101000,6.029131,63.980000,36.020000,binance_kline_quote_asset_volume,0.000000,0.000000,0.000000,0.000000,OK
65,2026-06-08 09:45:00 UTC,CLOUSDT,0.171670,0.176960,0.169530,0.175220,0.003550,2.067921,2.067921,4.328071,43.004403,17542,1832,11.661362,2162046.000000,371138.000000,20.723454,372817.239370,60540.049040,19.386638,1189070.000000,205432.229730,167385.009640,55.102664,42607190.000000,7304464.170618,-88165.000000,-0.206498,-200525.331282,-2.671894,1.782400,0.001500,0.084227,64.060000,35.940000,1.553000,-0.007400,-0.474237,60.830000,39.170000,1.762400,-0.013800,-0.776940,63.800000,36.200000,binance_kline_quote_asset_volume,0.000000,0.000000,0.000000,0.000000,OK
66,2026-06-08 10:00:00 UTC,CLOUSDT,0.175220,0.175220,0.170000,0.171880,-0.003340,-1.906175,-1.906175,2.979112,41.082993,12271,-5271,-30.047885,1326240.000000,-835806.000000,-38.658104,228009.041500,-144808.197870,-38.841605,637626.000000,109581.365630,118427.675870,48.060097,42569295.000000,7474220.609493,-37895.000000,-0.088940,169756.438875,2.324009,1.730700,-0.051700,-2.900583,63.380000,36.620000,1.550600,-0.002400,-0.154540,60.790000,39.210000,1.738200,-0.024200,-1.373128,63.480000,36.520000,binance_kline_quote_asset_volume,0.000000,0.000000,0.000000,0.000000,OK
67,2026-06-08 10:15:00 UTC,CLOUSDT,0.172030,0.175210,0.166490,0.168870,-0.003010,-1.751222,-1.836889,5.068883,39.375579,15951,3680,29.989406,2258274.000000,932034.000000,70.276421,385301.230300,157292.188800,68.985066,1018864.000000,174172.703700,211128.526600,45.204295,42527642.000000,7315468.037833,-41653.000000,-0.097848,-158752.571661,-2.124002,1.794900,0.064200,3.709482,64.220000,35.780000,1.553900,0.003300,0.212821,60.840000,39.160000,1.777000,0.038800,2.232194,63.990000,36.010000,binance_kline_quote_asset_volume,0.000000,0.000000,0.000000,0.000000,OK
68,2026-06-08 10:30:00 UTC,CLOUSDT,0.168880,0.171710,0.165600,0.165860,-0.003010,-1.782436,-1.788252,3.617954,37.688742,13422,-2529,-15.854805,1657650.000000,-600624.000000,-26.596595,279159.196660,-106142.033640,-27.547806,932260.000000,157160.274520,121998.922140,56.297724,42273618.000000,7133235.505554,-254024.000000,-0.597315,-182232.532279,-2.491058,1.784700,-0.010200,-0.568277,64.090000,35.910000,1.556100,0.002200,0.141579,60.880000,39.120000,1.791700,0.014700,0.827237,64.180000,35.820000,binance_kline_quote_asset_volume,0.000000,0.000000,0.000000,0.000000,OK
69,2026-06-08 10:45:00 UTC,CLOUSDT,0.165930,0.170250,0.165100,0.167730,0.001870,1.127457,1.084795,3.103718,39.424942,16206,2784,20.742065,1899954.000000,242304.000000,14.617320,318637.127740,39477.931080,14.141727,1007695.000000,169184.854600,149452.273140,53.096403,42288655.000000,7022983.926147,15037.000000,0.035571,-110251.579407,-1.545604,1.798800,0.014100,0.790049,64.270000,35.730000,1.556200,0.000100,0.006426,60.880000,39.120000,1.771600,-0.020100,-1.121840,63.920000,36.080000,binance_kline_quote_asset_volume,0.000000,0.000000,0.000000,0.000000,OK
70,2026-06-08 11:00:00 UTC,CLOUSDT,0.167790,0.172800,0.166750,0.171070,0.003340,1.991296,1.954824,3.605698,42.506306,18719,2513,15.506602,2180905.000000,280951.000000,14.787253,370807.765310,52170.637570,16.373057,1209257.000000,205555.863150,165251.902160,55.434617,42057755.000000,7052244.358400,-230900.000000,-0.546009,29260.432253,0.416638,1.795600,-0.003200,-0.177896,64.230000,35.770000,1.567100,0.010900,0.700424,61.050000,38.950000,1.785500,0.013900,0.784601,64.100000,35.900000,binance_kline_quote_asset_volume,0.000000,0.000000,0.000000,0.000000,OK
71,2026-06-08 11:15:00 UTC,CLOUSDT,0.171000,0.177720,0.170360,0.173310,0.002240,1.309406,1.350877,4.304094,44.543751,16744,-1975,-10.550777,2317382.000000,136477.000000,6.257815,402959.356460,32151.591150,8.670690,1277285.000000,222037.009030,180922.347430,55.101589,42052154.000000,7193266.946801,-5601.000000,-0.013317,141022.588401,1.999684,1.776200,-0.019400,-1.080419,63.980000,36.020000,1.568100,0.001000,0.063812,61.060000,38.940000,1.762400,-0.023100,-1.293755,63.800000,36.200000,binance_kline_quote_asset_volume,0.000000,0.000000,0.000000,0.000000,OK
72,2026-06-08 11:30:00 UTC,CLOUSDT,0.173310,0.176870,0.171320,0.171830,-0.001480,-0.853961,-0.853961,3.202354,43.448192,14222,-2522,-15.062112,1855236.000000,-462146.000000,-19.942590,322248.869130,-80710.487330,-20.029436,895679.000000,155662.472510,166586.396620,48.305048,41906439.000000,7263224.007480,-145715.000000,-0.346510,69957.060679,0.972535,1.799600,0.023400,1.317419,64.280000,35.720000,1.574300,0.006200,0.395383,61.160000,38.840000,1.784000,0.021600,1.225601,64.080000,35.920000,binance_kline_quote_asset_volume,0.000000,0.000000,0.000000,0.000000,OK
73,2026-06-08 11:45:00 UTC,CLOUSDT,0.171840,0.171860,0.167360,0.167810,-0.004020,-2.339522,-2.345205,2.618715,40.532126,11452,-2770,-19.476867,1534084.000000,-321152.000000,-17.310574,259885.044940,-62363.824190,-19.352690,671896.000000,113887.681230,145997.363710,43.822330,41847027.000000,7192248.530490,-59412.000000,-0.141773,-70975.476990,-0.977190,1.846600,0.047000,2.611691,64.870000,35.130000,1.576500,0.002200,0.139745,61.190000,38.810000,1.837700,0.053700,3.010090,64.760000,35.240000,binance_kline_quote_asset_volume,0.000000,0.000000,0.000000,0.000000,OK
74,2026-06-08 12:00:00 UTC,CLOUSDT,0.167800,0.172250,0.167570,0.168660,0.000850,0.506525,0.512515,2.789035,41.427282,13750,2298,20.066364,1620374.000000,86290.000000,5.624855,275157.986210,15272.941270,5.876807,830836.000000,141216.893430,133941.092780,51.322113,41902717.000000,7036639.879403,55690.000000,0.133080,-155608.651087,-2.163561,1.847400,0.000800,0.043323,64.880000,35.120000,1.577000,0.000500,0.031716,61.200000,38.800000,1.836900,-0.000800,-0.043533,64.750000,35.250000,binance_kline_quote_asset_volume,0.000000,0.000000,0.000000,0.000000,OK
75,2026-06-08 12:15:00 UTC,CLOUSDT,0.168660,0.169600,0.167710,0.168540,-0.000120,-0.071149,-0.071149,1.120598,41.332689,10001,-3749,-27.265455,1291600.000000,-328774.000000,-20.290007,217915.214430,-57242.771780,-20.803602,718405.000000,121278.398420,96636.816010,55.653938,41948301.000000,7066893.098526,45584.000000,0.108785,30253.219123,0.429938,1.822500,-0.024900,-1.347840,64.570000,35.430000,1.571500,-0.005500,-0.348763,61.110000,38.890000,1.849000,0.012100,0.658718,64.900000,35.100000,binance_kline_quote_asset_volume,0.000000,0.000000,0.000000,0.000000,OK
76,2026-06-08 12:30:00 UTC,CLOUSDT,0.168530,0.169400,0.165270,0.165820,-0.002720,-1.613860,-1.608022,2.450602,39.150559,10303,302,3.019698,1380467.000000,88867.000000,6.880381,231241.730430,13326.516000,6.115459,672548.000000,112757.824620,118483.905810,48.761884,41939423.000000,7068445.188766,-8878.000000,-0.021164,1552.090240,0.021963,1.807400,-0.015100,-0.828532,64.380000,35.620000,1.565700,-0.005800,-0.369074,61.020000,38.980000,1.825700,-0.023300,-1.260141,64.610000,35.390000,binance_kline_quote_asset_volume,0.000000,0.000000,0.000000,0.000000,OK
77,2026-06-08 12:45:00 UTC,CLOUSDT,0.165860,0.170420,0.163150,0.169100,0.003280,1.978048,1.953455,4.383215,43.054776,15841,5538,53.751335,2648568.000000,1268101.000000,91.860291,439516.531930,208274.801500,90.068000,1384707.000000,230409.099130,209107.432800,52.423307,41875212.000000,6943747.653840,-64211.000000,-0.153104,-124697.534926,-1.764144,1.854700,0.047300,2.617019,64.970000,35.030000,1.568400,0.002700,0.172447,61.060000,38.940000,1.842500,0.016800,0.920195,64.820000,35.180000,binance_kline_quote_asset_volume,0.000000,0.000000,0.000000,0.000000,OK
78,2026-06-08 13:00:00 UTC,CLOUSDT,0.169040,0.169070,0.165620,0.165910,-0.003190,-1.886458,-1.851633,2.040937,40.343624,9643,-6198,-39.126318,1147993.000000,-1500575.000000,-56.656087,191454.669500,-248061.862430,-56.439711,552820.000000,92224.789880,99229.879620,48.170562,41967743.000000,7092968.244430,92531.000000,0.220968,149220.590590,2.148992,1.782400,-0.072300,-3.898205,64.060000,35.940000,1.578100,0.009700,0.618465,61.210000,38.790000,1.763200,-0.079300,-4.303935,63.810000,36.190000,binance_kline_quote_asset_volume,0.000000,0.000000,0.000000,0.000000,OK
79,2026-06-08 13:15:00 UTC,CLOUSDT,0.165980,0.166760,0.165270,0.166080,0.000170,0.102465,0.060248,0.897699,40.558440,7019,-2624,-27.211449,846596.000000,-301397.000000,-26.254254,140570.013600,-50884.655900,-26.577913,445438.000000,73992.287440,66577.726160,52.637320,41932943.000000,6955226.879849,-34800.000000,-0.082921,-137741.364581,-1.941942,1.818500,0.036100,2.025359,64.520000,35.480000,1.578000,-0.000100,-0.006337,61.210000,38.790000,1.790200,0.027000,1.531307,64.160000,35.840000,binance_kline_quote_asset_volume,0.000000,0.000000,0.000000,0.000000,OK
80,2026-06-08 13:30:00 UTC,CLOUSDT,0.166060,0.168400,0.165340,0.166800,0.000720,0.433526,0.445622,1.842707,41.518929,8187,1168,16.640547,986034.000000,139438.000000,16.470430,164443.723280,23873.709680,16.983501,569714.000000,95024.877650,69418.845630,57.785652,41982348.000000,6961563.324178,49405.000000,0.117819,6336.444329,0.091103,1.819300,0.000800,0.043992,64.530000,35.470000,1.573800,-0.004200,-0.266160,61.150000,38.850000,1.801900,0.011700,0.653558,64.310000,35.690000,binance_kline_quote_asset_volume,0.000000,0.000000,0.000000,0.000000,OK
81,2026-06-08 13:45:00 UTC,CLOUSDT,0.166720,0.167320,0.163000,0.163500,-0.003300,-1.978417,-1.931382,2.591171,38.452108,10856,2669,32.600464,1685544.000000,699510.000000,70.941773,277833.729320,113390.006040,68.953684,740419.000000,122165.908470,155667.820850,43.970870,41984214.000000,7001498.287394,1866.000000,0.004445,39934.963217,0.573649,1.829700,0.010400,0.571648,64.660000,35.340000,1.575200,0.001400,0.088957,61.170000,38.830000,1.793300,-0.008600,-0.477274,64.200000,35.800000,binance_kline_quote_asset_volume,0.000000,0.000000,0.000000,0.000000,OK
82,2026-06-08 14:00:00 UTC,CLOUSDT,0.163500,0.164260,0.158110,0.161070,-0.002430,-1.486239,-1.486239,3.761468,36.324374,26003,15147,139.526529,4314588.000000,2629044.000000,155.975994,694734.203460,416900.474140,150.053946,2015392.000000,324972.956420,369761.247040,46.776588,41876120.000000,6846745.620000,-108094.000000,-0.257463,-154752.667394,-2.210279,1.896900,0.067200,3.672733,65.480000,34.520000,1.568600,-0.006600,-0.418994,61.070000,38.930000,1.851400,0.058100,3.239837,64.930000,35.070000,binance_kline_quote_asset_volume,0.000000,0.000000,0.000000,0.000000,OK
83,2026-06-08 14:15:00 UTC,CLOUSDT,0.161010,0.163440,0.149010,0.151400,-0.009670,-6.003601,-5.968573,8.962176,29.361605,38680,12677,48.752067,7373414.000000,3058826.000000,70.894973,1141713.924170,446979.720710,64.338234,3310800.000000,513743.319740,627970.604430,44.997552,41740232.000000,6725251.712004,-135888.000000,-0.324500,-121493.907996,-1.774477,1.834500,-0.062400,-3.289578,64.720000,35.280000,1.564300,-0.004300,-0.274130,61.000000,39.000000,1.744200,-0.107200,-5.790213,63.560000,36.440000,binance_kline_quote_asset_volume,0.000000,0.000000,0.000000,0.000000,OK
84,2026-06-08 14:30:00 UTC,CLOUSDT,0.151470,0.154990,0.151400,0.154080,0.002680,1.770145,1.723113,2.370106,33.184181,17185,-21495,-55.571355,2948937.000000,-4424477.000000,-60.005813,453604.498980,-688109.425190,-60.269864,1427071.000000,219545.862190,234058.636790,48.400283,42034635.000000,6369832.328586,294403.000000,0.705322,-355419.383418,-5.284849,1.861200,0.026700,1.455437,65.050000,34.950000,1.572700,0.008400,0.536981,61.130000,38.870000,1.725500,-0.018700,-1.072125,63.310000,36.690000,binance_kline_quote_asset_volume,0.000000,0.000000,0.000000,0.000000,OK
85,2026-06-08 14:45:00 UTC,CLOUSDT,0.154080,0.159190,0.152230,0.157850,0.003770,2.446781,2.446781,4.517134,38.246700,18305,1120,6.517312,3259944.000000,311007.000000,10.546410,505312.656690,51708.157710,11.399393,1888805.000000,292884.657150,212427.999540,57.961077,42027574.000000,6476869.429140,-7061.000000,-0.016798,107037.100554,1.680375,1.855500,-0.005700,-0.306254,64.980000,35.020000,1.576300,0.003600,0.228906,61.180000,38.820000,1.726300,0.000800,0.046363,63.320000,36.680000,binance_kline_quote_asset_volume,0.000000,0.000000,0.000000,0.000000,OK
86,2026-06-08 15:00:00 UTC,CLOUSDT,0.157930,0.160320,0.155260,0.158320,0.000470,0.297751,0.246945,3.203951,38.868561,16016,-2289,-12.504780,2184471.000000,-1075473.000000,-32.990536,343541.596140,-161771.060550,-32.014053,1144597.000000,180088.070780,163453.525360,52.421038,41771822.000000,6592903.058220,-255752.000000,-0.608534,116033.629080,1.791508,1.876000,0.020500,1.104823,65.230000,34.770000,1.587400,0.011100,0.704181,61.350000,38.650000,1.774700,0.048400,2.803684,63.960000,36.040000,binance_kline_quote_asset_volume,0.000000,0.000000,0.000000,0.000000,OK
87,2026-06-08 15:15:00 UTC,CLOUSDT,0.158250,0.160450,0.152970,0.154110,-0.004210,-2.659171,-2.616114,4.726698,35.427138,16002,-14,-0.087413,3143950.000000,959479.000000,43.922716,493160.983810,149619.387670,43.552044,1465396.000000,230475.928970,262685.054840,46.734421,41541206.000000,6578195.779733,-230616.000000,-0.552085,-14707.278487,-0.223077,1.895200,0.019200,1.023454,65.460000,34.540000,1.576200,-0.011200,-0.705556,61.180000,38.820000,1.797200,0.022500,1.267820,64.250000,35.750000,binance_kline_quote_asset_volume,0.000000,0.000000,0.000000,0.000000,OK
88,2026-06-08 15:30:00 UTC,CLOUSDT,0.154110,0.155090,0.149240,0.150470,-0.003640,-2.361949,-2.361949,3.795990,32.728931,20087,4085,25.528059,3589685.000000,445735.000000,14.177547,544100.355780,50939.371970,10.329157,1680777.000000,254964.520520,289135.835260,46.859833,41483295.000000,6389575.687606,-57911.000000,-0.139406,-188620.092127,-2.867353,1.961200,0.066000,3.482482,66.230000,33.770000,1.561300,-0.014900,-0.945312,60.960000,39.040000,1.887700,0.090500,5.035611,65.370000,34.630000,binance_kline_quote_asset_volume,0.000000,0.000000,0.000000,0.000000,OK
89,2026-06-08 15:45:00 UTC,CLOUSDT,0.150420,0.153240,0.147370,0.151400,0.000930,0.618063,0.651509,3.902407,34.109719,15657,-4430,-22.054065,2814195.000000,-775490.000000,-21.603288,423180.909070,-120919.446710,-22.223740,1477007.000000,222462.644030,200718.265040,52.569159,41605038.000000,6259980.139909,121743.000000,0.293475,-129595.547697,-2.028234,1.994900,0.033700,1.718336,66.610000,33.390000,1.566000,0.004700,0.301031,61.030000,38.970000,1.862000,-0.025700,-1.361445,65.060000,34.940000,binance_kline_quote_asset_volume,0.000000,0.000000,0.000000,0.000000,OK
90,2026-06-08 16:00:00 UTC,CLOUSDT,0.151400,0.153830,0.150010,0.152210,0.000810,0.535007,0.535007,2.523118,35.354305,13841,-1816,-11.598646,2082728.000000,-731467.000000,-25.992051,316412.994750,-106767.914320,-25.229851,1110594.000000,168814.842540,147598.152210,53.352689,41539748.000000,6277480.486798,-65290.000000,-0.156928,17500.346889,0.279559,1.977100,-0.017800,-0.892275,66.410000,33.590000,1.568000,0.002000,0.127714,61.060000,38.940000,1.847400,-0.014600,-0.784103,64.880000,35.120000,binance_kline_quote_asset_volume,0.000000,0.000000,0.000000,0.000000,OK
91,2026-06-08 16:15:00 UTC,CLOUSDT,0.152220,0.156500,0.152170,0.154280,0.002070,1.359963,1.353304,2.844567,38.548812,12058,-1783,-12.882017,1782576.000000,-300152.000000,-14.411483,275614.249980,-40798.744770,-12.894143,986218.000000,152505.810700,123108.439280,55.333064,41443044.000000,6306010.873780,-96704.000000,-0.232799,28530.386982,0.454488,1.973500,-0.003600,-0.182085,66.370000,33.630000,1.564000,-0.004000,-0.255102,61.000000,39.000000,1.856300,0.008900,0.481758,64.990000,35.010000,binance_kline_quote_asset_volume,0.000000,0.000000,0.000000,0.000000,OK
92,2026-06-08 16:30:00 UTC,CLOUSDT,0.154290,0.155920,0.150420,0.151510,-0.002770,-1.795437,-1.801802,3.564716,35.986136,12480,422,3.499751,1966439.000000,183863.000000,10.314455,301398.883490,25784.633510,9.355334,1018775.000000,156213.319600,145185.563890,51.829429,41257524.000000,6365623.377960,-185520.000000,-0.447651,59612.504180,0.945328,1.963800,-0.009700,-0.491513,66.260000,33.740000,1.556600,-0.007400,-0.473146,60.890000,39.110000,1.841700,-0.014600,-0.786511,64.810000,35.190000,binance_kline_quote_asset_volume,0.000000,0.000000,0.000000,0.000000,OK
93,2026-06-08 16:45:00 UTC,CLOUSDT,0.151500,0.152100,0.149580,0.151450,-0.000060,-0.039601,-0.033003,1.663366,35.930418,10206,-2274,-18.221154,2042802.000000,76363.000000,3.883314,308034.287630,6635.404140,2.201536,914265.000000,137961.154710,170073.132920,44.787597,41006874.000000,6202522.611544,-250650.000000,-0.607526,-163100.766416,-2.562212,1.993100,0.029300,1.492005,66.590000,33.410000,1.550900,-0.005700,-0.366183,60.800000,39.200000,1.869400,0.027700,1.504045,65.150000,34.850000,binance_kline_quote_asset_volume,0.000000,0.000000,0.000000,0.000000,OK
94,2026-06-08 17:00:00 UTC,CLOUSDT,0.151390,0.152240,0.149120,0.151450,0.000000,0.000000,0.039633,2.060902,35.930418,9601,-605,-5.927886,1863132.000000,-179670.000000,-8.795272,280536.216520,-27498.071110,-8.926951,833594.000000,125643.474710,154892.741810,44.786900,41171350.000000,6233140.238672,164476.000000,0.401094,30617.627127,0.493632,2.002100,0.009000,0.451558,66.690000,33.310000,1.571600,0.020700,1.334709,61.110000,38.890000,1.846600,-0.022800,-1.219643,64.870000,35.130000,binance_kline_quote_asset_volume,0.000000,0.000000,0.000000,0.000000,OK
95,2026-06-08 17:15:00 UTC,CLOUSDT,0.151390,0.153860,0.151020,0.151190,-0.000260,-0.171674,-0.132109,1.875950,35.652988,9945,344,3.582960,1605216.000000,-257916.000000,-13.843142,244634.253650,-35901.962870,-12.797621,819388.000000,124938.333600,119695.920050,51.071480,41039431.000000,6211760.697310,-131919.000000,-0.320415,-21379.541361,-0.342998,1.992200,-0.009900,-0.494481,66.580000,33.420000,1.573900,0.002300,0.146348,61.150000,38.850000,1.864500,0.017900,0.969349,65.090000,34.910000,binance_kline_quote_asset_volume,0.000000,0.000000,0.000000,0.000000,OK
96,2026-06-08 17:30:00 UTC,CLOUSDT,0.151180,0.151710,0.149370,0.150330,-0.000860,-0.568821,-0.562244,1.547824,34.698626,8588,-1357,-13.645048,1403823.000000,-201393.000000,-12.546162,210999.827170,-33634.426480,-13.748862,713881.000000,107314.425380,103685.401790,50.859959,40998969.000000,6198823.948336,-40462.000000,-0.098593,-12936.748974,-0.208262,2.007500,0.015300,0.767995,66.750000,33.250000,1.554300,-0.019600,-1.245314,60.850000,39.150000,1.888500,0.024000,1.287208,65.380000,34.620000,binance_kline_quote_asset_volume,0.000000,0.000000,0.000000,0.000000,OK
97,2026-06-08 17:45:00 UTC,CLOUSDT,0.150280,0.152400,0.148570,0.149550,-0.000780,-0.518859,-0.485760,2.548576,33.814527,9841,1253,14.590126,1670666.000000,266843.000000,19.008308,251810.243120,40810.415950,19.341445,841044.000000,126851.928990,124958.314130,50.376000,41038280.000000,6170376.250648,39311.000000,0.095883,-28447.697688,-0.458921,1.996700,-0.010800,-0.537983,66.630000,33.370000,1.554800,0.000500,0.032169,60.860000,39.140000,1.874400,-0.014100,-0.746624,65.210000,34.790000,binance_kline_quote_asset_volume,0.000000,0.000000,0.000000,0.000000,OK
98,2026-06-08 18:00:00 UTC,CLOUSDT,0.149480,0.150530,0.148340,0.149950,0.000400,0.267469,0.314423,1.465079,34.732929,8554,-1287,-13.077939,1333164.000000,-337502.000000,-20.201644,199090.315020,-52719.928100,-20.936372,714346.000000,106807.952540,92282.362480,53.647990,40925791.000000,6117996.496590,-112489.000000,-0.274107,-52379.754058,-0.848891,2.034000,0.037300,1.868082,67.040000,32.960000,1.554100,-0.000700,-0.045022,60.850000,39.150000,1.907000,0.032600,1.739223,65.600000,34.400000,binance_kline_quote_asset_volume,0.000000,0.000000,0.000000,0.000000,OK
99,2026-06-08 18:15:00 UTC,CLOUSDT,0.149980,0.150740,0.149280,0.149720,-0.000230,-0.153384,-0.173356,0.973463,34.437027,5428,-3126,-36.544307,703033.000000,-630131.000000,-47.265828,105436.972210,-93653.342810,-47.040632,382296.000000,57367.070940,48069.901270,54.408875,40985004.000000,6147774.781152,59213.000000,0.144684,29778.284562,0.486733,2.012000,-0.022000,-1.081613,66.800000,33.200000,1.555800,0.001700,0.109388,60.870000,39.130000,1.883500,-0.023500,-1.232302,65.320000,34.680000,binance_kline_quote_asset_volume,0.000000,0.000000,0.000000,0.000000,OK
100,2026-06-08 18:30:00 UTC,CLOUSDT,0.149720,0.149790,0.149150,0.149590,-0.000130,-0.086829,-0.086829,0.427465,34.259368,1005,-4423,-81.484893,128703.000000,-574330.000000,-81.693178,19247.492430,-86189.479780,-81.745025,68443.000000,10238.149390,9009.343040,53.192121,40983323.000000,6135520.664020,-1681.000000,-0.004102,-12254.117132,-0.199326,2.006600,-0.005400,-0.268390,66.740000,33.260000,1.560200,0.004400,0.282813,60.940000,39.060000,1.890200,0.006700,0.355721,65.400000,34.600000,binance_kline_quote_asset_volume,0.000000,0.000000,0.000000,0.000000,OK

==================================================================================================================================LAST CANDLE SNAPSHOT — FULL DATA NEEDED FOR V3.2.1
==================================================================================================================================Candle Index        : 100
Time                : 2026-06-08 18:30:00 UTC
Close Time          : 2026-06-08 18:44:59 UTC
Symbol              : CLOUSDT

[PRICE / RSI]
Open                : 0.14972000
High                : 0.14979000
Low                 : 0.14915000
Close               : 0.14959000
Close Change        : -0.00013000
Close Change %      : -0.0868%
Candle Body %       : -0.0868%
Price Range %       : 0.4275%
RSI(14)            : 34.26

[TRADES / VOLUME / QUOTE VOLUME]
Number of Trades    : 1005
Trades Change       : -4423
Trades Change %     : -81.4849%
Volume              : 128703.00000000
Volume Change       : -574330.00000000
Volume Change %     : -81.6932%
Quote Volume        : 19247.49243000
Quote Volume Change : -86189.47978000
Quote Volume Chg %  : -81.7450%
Quote Volume Source : binance_kline_quote_asset_volume
Taker Buy Base Vol  : 68443.00000000
Taker Buy Quote Vol : 10238.14939000
Taker Sell Quote Vol: 9009.34304000
Taker Buy Quote %   : 53.1921%

[OPEN INTEREST]
Open Interest       : 40983323.00000000
OI Change           : -1681.00000000
OI Change %         : -0.0041%
OI Value            : 6135520.66402002
OI Value Change     : -12254.11713234
OI Value Change %   : -0.1993%

[TOP ACCOUNT L/S]
Top Acco L/S Ratio  : 2.00660000
Top Acco L/S Change : -0.00540000
Top Acco Chg %      : -0.2684%
Top Acco Long %     : 66.7400
Top Acco Short %    : 33.2600

[TOP POSITION L/S]
Top Posit L/S Ratio : 1.56020000
Top Posit L/S Change: 0.00440000
Top Posit Chg %     : 0.2828%
Top Posit Long %    : 60.9400
Top Posit Short %   : 39.0600

[GLOBAL L/S]
Global L/S Ratio    : 1.89020000
Global L/S Change   : 0.00670000
Global Chg %        : 0.3557%
Global Long %       : 65.4000
Global Short %      : 34.6000

[DATA QUALITY / TIMESTAMP MATCH]
OI Match Delta Min     : 0.0
Acco Match Delta Min   : 0.0
Posit Match Delta Min  : 0.0
Global Match Delta Min : 0.0
Data Quality           : OK

====================================================================================================
تمت الطباعة: 100 شمعة. كل صف في الجدول = شمعة واحدة.
RSI للسياق فقط. القرار البنيوي يعتمد على OI → Trades/Quote → L/S → Price Acceptance.
====================================================================================================

[Program finished]
