####################################################################################################
FETCHING BINANCE FUTURES DATA ...
####################################################################################################
SYMBOL     : EDENUSDT
PERIOD     : 5m
LIMIT      : 100
RSI_PERIOD : 14

========================================================================================================================================================================================================================================================================================================================================================================
BINANCE FUTURES MERGED DATA (L.S + OI + RSI + TRADES) | ROW = ONE CANDLE
========================================================================================================================================================================================================================================================================================================================================================================
Time                  Symbol      Close         RSI       Trades      OI              OI Chg        OI Chg %    Acco L/S    Acco Chg    Acco Chg%   Acco L%     Acco S%     Posit L/S   Posit Chg   Posit Chg%  Posit L%    Posit S%    Global L/S  Global Chg  Global Chg% Global L%   Global S%
------------------------------------------------------------------------------------------------------------------------------------------------------------------------------------------------------------------------------------------------------------------------------------------------------------------------------------------------------------------------
2026-05-17 09:55:00 UTCEDENUSDT    0.000000      0.00      0           0.000000        0.000000      0.00        0.000000    0.000000    0.00        0.00        0.00        0.000000    0.000000    0.00        0.00        0.00        1.871900    0.000000    0.00        65.18       34.82
2026-05-17 10:00:00 UTCEDENUSDT    0.042130      73.10     2185        68911544.000000 68911544.0000000.00        1.961200    1.961200    0.00        66.23       33.77       1.600500    1.600500    0.00        61.55       38.45       1.822500    -0.049400   -2.64       64.57       35.43
2026-05-17 10:05:00 UTCEDENUSDT    0.041880      64.31     1555        69179245.000000 267701.000000 0.39        1.967400    0.006200    0.32        66.30       33.70       1.596800    -0.003700   -0.23       61.49       38.51       1.818500    -0.004000   -0.22       64.52       35.48
2026-05-17 10:10:00 UTCEDENUSDT    0.041890      64.49     1485        68982269.000000 -196976.000000-0.28       1.969100    0.001700    0.09        66.32       33.68       1.614900    0.018100    1.13        61.76       38.24       1.829700    0.011200    0.62        64.66       35.34
2026-05-17 10:15:00 UTCEDENUSDT    0.041940      65.45     1507        68789675.000000 -192594.000000-0.28       1.994900    0.025800    1.31        66.61       33.39       1.651700    0.036800    2.28        62.29       37.71       1.842500    0.012800    0.70        64.82       35.18
2026-05-17 10:20:00 UTCEDENUSDT    0.042020      66.99     1079        69089831.000000 300156.000000 0.44        1.983300    -0.011600   -0.58       66.48       33.52       1.618700    -0.033000   -2.00       61.81       38.19       1.833700    -0.008800   -0.48       64.71       35.29
2026-05-17 10:25:00 UTCEDENUSDT    0.042210      70.36     1824        68974414.000000 -115417.000000-0.17       1.974400    -0.008900   -0.45       66.38       33.62       1.620200    0.001500    0.09        61.84       38.16       1.828100    -0.005600   -0.31       64.64       35.36
2026-05-17 10:30:00 UTCEDENUSDT    0.043220      81.29     5352        68988657.000000 14243.000000  0.02        1.951600    -0.022800   -1.15       66.12       33.88       1.625500    0.005300    0.33        61.91       38.09       1.788600    -0.039500   -2.16       64.14       35.86
2026-05-17 10:35:00 UTCEDENUSDT    0.042870      71.45     12309       70059576.000000 1070919.0000001.55        1.914600    -0.037000   -1.90       65.69       34.31       1.619000    -0.006500   -0.40       61.82       38.18       1.785500    -0.003100   -0.17       64.10       35.90
2026-05-17 10:40:00 UTCEDENUSDT    0.041980      53.67     5676        69016194.000000 -1043382.000000-1.49       1.970000    0.055400    2.89        66.33       33.67       1.489600    -0.129400   -7.99       59.83       40.17       1.829700    0.044200    2.48        64.66       35.34
2026-05-17 10:45:00 UTCEDENUSDT    0.042660      61.55     3044        68541060.000000 -475134.000000-0.69       2.004800    0.034800    1.77        66.72       33.28       1.455100    -0.034500   -2.32       59.27       40.73       1.879400    0.049700    2.72        65.27       34.73
2026-05-17 10:50:00 UTCEDENUSDT    0.042440      58.10     3995        68803269.000000 262209.000000 0.38        1.929100    -0.075700   -3.78       65.86       34.14       1.443000    -0.012100   -0.83       59.07       40.93       1.819300    -0.060100   -3.20       64.53       35.47
2026-05-17 10:55:00 UTCEDENUSDT    0.042470      58.45     2428        69809829.000000 1006560.0000001.46        1.886000    -0.043100   -2.23       65.35       34.65       1.436000    -0.007000   -0.49       58.95       41.05       1.785500    -0.033800   -1.86       64.10       35.90
2026-05-17 11:00:00 UTCEDENUSDT    0.042270      55.22     3974        69896829.000000 87000.000000  0.12        1.871900    -0.014100   -0.75       65.18       34.82       1.421000    -0.015000   -1.04       58.69       41.31       1.787100    0.001600    0.09        64.12       35.88
2026-05-17 11:05:00 UTCEDENUSDT    0.042150      53.31     2494        71034160.000000 1137331.0000001.63        1.858000    -0.013900   -0.74       65.01       34.99       1.424200    0.003200    0.23        58.75       41.25       1.791700    0.004600    0.26        64.18       35.82
2026-05-17 11:10:00 UTCEDENUSDT    0.041800      48.11     4279        71375728.000000 341568.000000 0.48        1.845000    -0.013000   -0.70       64.85       35.15       1.420200    -0.004000   -0.28       58.68       41.32       1.751800    -0.039900   -2.23       63.66       36.34
2026-05-17 11:15:00 UTCEDENUSDT    0.042100      52.40     2053        70319970.000000 -1055758.000000-1.48       1.907800    0.062800    3.40        65.61       34.39       1.419600    -0.000600   -0.04       58.67       41.33       1.832900    0.081100    4.63        64.70       35.30
2026-05-17 11:20:00 UTCEDENUSDT    0.042530      57.79     1988        70458531.000000 138561.000000 0.20        1.875200    -0.032600   -1.71       65.22       34.78       1.406500    -0.013100   -0.92       58.45       41.55       1.783200    -0.049700   -2.71       64.07       35.93
2026-05-17 11:25:00 UTCEDENUSDT    0.042620      58.84     1597        71015176.000000 556645.000000 0.79        1.818500    -0.056700   -3.02       64.52       35.48       1.393600    -0.012900   -0.92       58.22       41.78       1.752500    -0.030700   -1.72       63.67       36.33
2026-05-17 11:30:00 UTCEDENUSDT    0.042420      55.53     2222        71292458.000000 277282.000000 0.39        1.807400    -0.011100   -0.61       64.38       35.62       1.395600    0.002000    0.14        58.26       41.74       1.745000    -0.007500   -0.43       63.57       36.43
2026-05-17 11:35:00 UTCEDENUSDT    0.042530      56.96     1347        71500938.000000 208480.000000 0.29        1.787100    -0.020300   -1.12       64.12       35.88       1.386000    -0.009600   -0.69       58.09       41.91       1.727800    -0.017200   -0.99       63.34       36.66
2026-05-17 11:40:00 UTCEDENUSDT    0.042690      59.03     2947        71742679.000000 241741.000000 0.34        1.764700    -0.022400   -1.25       63.83       36.17       1.396800    0.010800    0.78        58.28       41.72       1.696900    -0.030900   -1.79       62.92       37.08
2026-05-17 11:45:00 UTCEDENUSDT    0.042830      60.81     1430        72459565.000000 716886.000000 1.00        1.746500    -0.018200   -1.03       63.59       36.41       1.379700    -0.017100   -1.22       57.98       42.02       1.696100    -0.000800   -0.05       62.91       37.09
2026-05-17 11:50:00 UTCEDENUSDT    0.043090      63.93     1746        72497372.000000 37807.000000  0.05        1.737500    -0.009000   -0.52       63.47       36.53       1.390500    0.010800    0.78        58.17       41.83       1.663800    -0.032300   -1.90       62.46       37.54
2026-05-17 11:55:00 UTCEDENUSDT    0.043130      64.40     4360        72956147.000000 458775.000000 0.63        1.707100    -0.030400   -1.75       63.06       36.94       1.374300    -0.016200   -1.17       57.88       42.12       1.652500    -0.011300   -0.68       62.30       37.70
2026-05-17 12:00:00 UTCEDENUSDT    0.043220      65.49     5440        73286801.000000 330654.000000 0.45        1.652500    -0.054600   -3.20       62.30       37.70       1.375600    0.001300    0.09        57.91       42.09       1.604800    -0.047700   -2.89       61.61       38.39
2026-05-17 12:05:00 UTCEDENUSDT    0.044670      77.46     8216        74107815.000000 821014.000000 1.12        1.640600    -0.011900   -0.72       62.13       37.87       1.355800    -0.019800   -1.44       57.55       42.45       1.589300    -0.015500   -0.97       61.38       38.62
2026-05-17 12:10:00 UTCEDENUSDT    0.044830      78.35     13658       75308931.000000 1201116.0000001.62        1.598800    -0.041800   -2.55       61.52       38.48       1.300700    -0.055100   -4.06       56.53       43.47       1.581300    -0.008000   -0.50       61.26       38.74
2026-05-17 12:15:00 UTCEDENUSDT    0.046040      83.63     16869       78797675.000000 3488744.0000004.63        1.541900    -0.056900   -3.56       60.66       39.34       1.288500    -0.012200   -0.94       56.30       43.70       1.524600    -0.056700   -3.59       60.39       39.61
2026-05-17 12:20:00 UTCEDENUSDT    0.045580      76.04     21168       82649594.000000 3851919.0000004.89        1.501900    -0.040000   -2.59       60.03       39.97       1.226700    -0.061800   -4.80       55.09       44.91       1.515700    -0.008900   -0.58       60.25       39.75
2026-05-17 12:25:00 UTCEDENUSDT    0.045980      77.92     7382        84360368.000000 1710774.0000002.07        1.536100    0.034200    2.28        60.57       39.43       1.230400    0.003700    0.30        55.16       44.84       1.533600    0.017900    1.18        60.53       39.47
2026-05-17 12:30:00 UTCEDENUSDT    0.046760      81.04     15441       86029339.000000 1668971.0000001.98        1.476500    -0.059600   -3.88       59.62       40.38       1.213200    -0.017200   -1.40       54.82       45.18       1.464300    -0.069300   -4.52       59.42       40.58
2026-05-17 12:35:00 UTCEDENUSDT    0.046100      71.80     16928       87358297.000000 1328958.0000001.54        1.449200    -0.027300   -1.85       59.17       40.83       1.183500    -0.029700   -2.45       54.20       45.80       1.447400    -0.016900   -1.15       59.14       40.86
2026-05-17 12:40:00 UTCEDENUSDT    0.046060      71.26     13792       88142963.000000 784666.000000 0.90        1.420700    -0.028500   -1.97       58.69       41.31       1.198600    0.015100    1.28        54.52       45.48       1.418400    -0.029000   -2.00       58.65       41.35
2026-05-17 12:45:00 UTCEDENUSDT    0.045420      63.22     15888       88024364.000000 -118599.000000-0.13       1.458800    0.038100    2.68        59.33       40.67       1.173400    -0.025200   -2.10       53.99       46.01       1.455200    0.036800    2.59        59.27       40.73
2026-05-17 12:50:00 UTCEDENUSDT    0.045770      65.51     6372        89931232.000000 1906868.0000002.17        1.454000    -0.004800   -0.33       59.25       40.75       1.188500    0.015100    1.29        54.31       45.69       1.440200    -0.015000   -1.03       59.02       40.98
2026-05-17 12:55:00 UTCEDENUSDT    0.045790      65.64     9937        90161304.000000 230072.000000 0.26        1.424200    -0.029800   -2.05       58.75       41.25       1.167500    -0.021000   -1.77       53.86       46.14       1.392300    -0.047900   -3.33       58.20       41.80
2026-05-17 13:00:00 UTCEDENUSDT    0.045000      56.46     12346       91446580.000000 1285276.0000001.43        1.426000    0.001800    0.13        58.78       41.22       1.154000    -0.013500   -1.16       53.58       46.42       1.388300    -0.004000   -0.29       58.13       41.87
2026-05-17 13:05:00 UTCEDENUSDT    0.045510      60.32     11012       92375292.000000 928712.000000 1.02        1.443800    0.017800    1.25        59.08       40.92       1.141300    -0.012700   -1.10       53.30       46.70       1.401500    0.013200    0.95        58.36       41.64
2026-05-17 13:10:00 UTCEDENUSDT    0.046510      66.57     11104       93400618.000000 1025326.0000001.11        1.394100    -0.049700   -3.44       58.23       41.77       1.143100    0.001800    0.16        53.34       46.66       1.337500    -0.064000   -4.57       57.22       42.78
2026-05-17 13:15:00 UTCEDENUSDT    0.048000      73.32     20077       94444760.000000 1044142.0000001.12        1.370200    -0.023900   -1.71       57.81       42.19       1.135900    -0.007200   -0.63       53.18       46.82       1.310500    -0.027000   -2.02       56.72       43.28
2026-05-17 13:20:00 UTCEDENUSDT    0.048750      75.95     18638       93625356.000000 -819404.000000-0.87       1.297800    -0.072400   -5.28       56.48       43.52       1.104000    -0.031900   -2.81       52.47       47.53       1.286200    -0.024300   -1.85       56.26       43.74
2026-05-17 13:25:00 UTCEDENUSDT    0.050840      81.45     33916       99645456.000000 6020100.0000006.43        1.252800    -0.045000   -3.47       55.61       44.39       1.124100    0.020100    1.82        52.92       47.08       1.240600    -0.045600   -3.55       55.37       44.63
2026-05-17 13:30:00 UTCEDENUSDT    0.052660      84.72     32115       110167931.00000010522475.00000010.56       1.153800    -0.099000   -7.90       53.57       46.43       1.125800    0.001700    0.15        52.96       47.04       1.183400    -0.057200   -4.61       54.20       45.80
2026-05-17 13:35:00 UTCEDENUSDT    0.052250      81.24     27340       118317897.0000008149966.0000007.40        1.070000    -0.083800   -7.26       51.69       48.31       1.127400    0.001600    0.14        52.99       47.01       1.140400    -0.043000   -3.63       53.28       46.72
2026-05-17 13:40:00 UTCEDENUSDT    0.053140      82.89     23986       123175485.0000004857588.0000004.11        1.030500    -0.039500   -3.69       50.75       49.25       1.081800    -0.045600   -4.04       51.97       48.03       1.066500    -0.073900   -6.48       51.61       48.39
2026-05-17 13:45:00 UTCEDENUSDT    0.052740      79.52     24265       128115939.0000004940454.0000004.01        0.987700    -0.042800   -4.15       49.69       50.31       1.080300    -0.001500   -0.14       51.93       48.07       1.052500    -0.014000   -1.31       51.28       48.72
2026-05-17 13:50:00 UTCEDENUSDT    0.051920      72.97     27138       131480821.0000003364882.0000002.63        0.968500    -0.019200   -1.94       49.20       50.80       1.067800    -0.012500   -1.16       51.64       48.36       1.025100    -0.027400   -2.60       50.62       49.38
2026-05-17 13:55:00 UTCEDENUSDT    0.052620      74.87     26249       130143767.000000-1337054.000000-1.02       0.975500    0.007000    0.72        49.38       50.62       1.104700    0.036900    3.46        52.49       47.51       1.009200    -0.015900   -1.55       50.23       49.77
2026-05-17 14:00:00 UTCEDENUSDT    0.055150      80.27     60518       134280948.0000004137181.0000003.18        0.932700    -0.042800   -4.39       48.26       51.74       1.156200    0.051500    4.66        53.62       46.38       0.954700    -0.054500   -5.40       48.84       51.16
2026-05-17 14:05:00 UTCEDENUSDT    0.055910      81.56     39687       140260725.0000005979777.0000004.45        0.879300    -0.053400   -5.73       46.79       53.21       1.113300    -0.042900   -3.71       52.68       47.32       0.948200    -0.006500   -0.68       48.67       51.33
2026-05-17 14:10:00 UTCEDENUSDT    0.056360      82.29     30462       146718307.0000006457582.0000004.60        0.859100    -0.020200   -2.30       46.21       53.79       1.096100    -0.017200   -1.54       52.29       47.71       0.952000    0.003800    0.40        48.77       51.23
2026-05-17 14:15:00 UTCEDENUSDT    0.057140      83.52     41881       153277513.0000006559206.0000004.47        0.850800    -0.008300   -0.97       45.97       54.03       1.090000    -0.006100   -0.56       52.15       47.85       0.942900    -0.009100   -0.96       48.53       51.47
2026-05-17 14:20:00 UTCEDENUSDT    0.057540      84.12     48308       158660690.0000005383177.0000003.51        0.820200    -0.030600   -3.60       45.06       54.94       1.088500    -0.001500   -0.14       52.12       47.88       0.922300    -0.020600   -2.18       47.98       52.02
2026-05-17 14:25:00 UTCEDENUSDT    0.056510      76.33     49033       162785413.0000004124723.0000002.60        0.802800    -0.017400   -2.12       44.53       55.47       1.070700    -0.017800   -1.64       51.71       48.29       0.907300    -0.015000   -1.63       47.57       52.43
2026-05-17 14:30:00 UTCEDENUSDT    0.057010      77.43     27931       163374484.000000589071.000000 0.36        0.817200    0.014400    1.79        44.97       55.03       1.084200    0.013500    1.26        52.02       47.98       0.917200    0.009900    1.09        47.84       52.16
2026-05-17 14:35:00 UTCEDENUSDT    0.058910      81.01     39933       167759361.0000004384877.0000002.68        0.799900    -0.017300   -2.12       44.44       55.56       1.075400    -0.008800   -0.81       51.82       48.18       0.901900    -0.015300   -1.67       47.42       52.58
2026-05-17 14:40:00 UTCEDENUSDT    0.059360      81.75     36079       167019463.000000-739898.000000-0.44       0.770900    -0.029000   -3.63       43.53       56.47       1.060000    -0.015400   -1.43       51.46       48.54       0.883600    -0.018300   -2.03       46.91       53.09
2026-05-17 14:45:00 UTCEDENUSDT    0.061350      84.61     60926       176520159.0000009500696.0000005.69        0.756500    -0.014400   -1.87       43.07       56.93       1.056000    -0.004000   -0.38       51.36       48.64       0.863600    -0.020000   -2.26       46.34       53.66
2026-05-17 14:50:00 UTCEDENUSDT    0.061120      82.99     53185       182482692.0000005962533.0000003.38        0.728900    -0.027600   -3.65       42.16       57.84       1.038400    -0.017600   -1.67       50.94       49.06       0.847400    -0.016200   -1.88       45.87       54.13
2026-05-17 14:55:00 UTCEDENUSDT    0.062850      85.27     58331       188638631.0000006155939.0000003.37        0.713500    -0.015400   -2.11       41.64       58.36       1.032000    -0.006400   -0.62       50.79       49.21       0.815900    -0.031500   -3.72       44.93       55.07
2026-05-17 15:00:00 UTCEDENUSDT    0.060180      69.74     56719       190009675.0000001371044.0000000.73        0.690600    -0.022900   -3.21       40.85       59.15       1.022100    -0.009900   -0.96       50.55       49.45       0.796900    -0.019000   -2.33       44.35       55.65
2026-05-17 15:05:00 UTCEDENUSDT    0.062590      74.29     59826       192422465.0000002412790.0000001.27        0.727700    0.037100    5.37        42.12       57.88       1.036400    0.014300    1.40        50.89       49.11       0.823800    0.026900    3.38        45.17       54.83
2026-05-17 15:10:00 UTCEDENUSDT    0.060960      66.95     40214       191879177.000000-543288.000000-0.28       0.681500    -0.046200   -6.35       40.53       59.47       1.040800    0.004400    0.42        51.00       49.00       0.790800    -0.033000   -4.01       44.16       55.84
2026-05-17 15:15:00 UTCEDENUSDT    0.061270      67.61     50754       195587337.0000003708160.0000001.93        0.704400    0.022900    3.36        41.33       58.67       1.034900    -0.005900   -0.57       50.86       49.14       0.805400    0.014600    1.85        44.61       55.39
2026-05-17 15:20:00 UTCEDENUSDT    0.060600      64.63     26542       198233406.0000002646069.0000001.35        0.678700    -0.025700   -3.65       40.43       59.57       1.025000    -0.009900   -0.96       50.62       49.38       0.763700    -0.041700   -5.18       43.30       56.70
2026-05-17 15:25:00 UTCEDENUSDT    0.063440      70.55     38263       201277564.0000003044158.0000001.54        0.677000    -0.001700   -0.25       40.37       59.63       1.035100    0.010100    0.99        50.86       49.14       0.762400    -0.001300   -0.17       43.26       56.74
2026-05-17 15:30:00 UTCEDENUSDT    0.064660      72.67     77495       205930032.0000004652468.0000002.31        0.648000    -0.029000   -4.28       39.32       60.68       1.027000    -0.008100   -0.78       50.67       49.33       0.732800    -0.029600   -3.88       42.29       57.71
2026-05-17 15:35:00 UTCEDENUSDT    0.061300      59.89     58740       207339690.0000001409658.0000000.68        0.631900    -0.016100   -2.48       38.72       61.28       1.019800    -0.007200   -0.70       50.49       49.51       0.733100    0.000300    0.04        42.30       57.70
2026-05-17 15:40:00 UTCEDENUSDT    0.061990      61.39     41765       204068645.000000-3271045.000000-1.58       0.648500    0.016600    2.63        39.34       60.66       1.051100    0.031300    3.07        51.25       48.75       0.734300    0.001200    0.16        42.34       57.66
2026-05-17 15:45:00 UTCEDENUSDT    0.062450      62.40     36781       208686637.0000004617992.0000002.26        0.643700    -0.004800   -0.74       39.16       60.84       1.041100    -0.010000   -0.95       51.01       48.99       0.728900    -0.005400   -0.74       42.16       57.84
2026-05-17 15:50:00 UTCEDENUSDT    0.063270      64.20     33730       212296982.0000003610345.0000001.73        0.645500    0.001800    0.28        39.23       60.77       1.034100    -0.007000   -0.67       50.84       49.16       0.728000    -0.000900   -0.12       42.13       57.87
2026-05-17 15:55:00 UTCEDENUSDT    0.063610      64.95     27524       218138253.0000005841271.0000002.75        0.633700    -0.011800   -1.83       38.79       61.21       1.023600    -0.010500   -1.02       50.58       49.42       0.723800    -0.004200   -0.58       41.99       58.01
2026-05-17 16:00:00 UTCEDENUSDT    0.064010      65.86     53661       220602355.0000002464102.0000001.13        0.622100    -0.011600   -1.83       38.35       61.65       1.022300    -0.001300   -0.13       50.55       49.45       0.717000    -0.006800   -0.94       41.76       58.24
2026-05-17 16:05:00 UTCEDENUSDT    0.065870      69.77     79002       229349214.0000008746859.0000003.96        0.601800    -0.020300   -3.26       37.57       62.43       1.007900    -0.014400   -1.41       50.20       49.80       0.692900    -0.024100   -3.36       40.93       59.07
2026-05-17 16:10:00 UTCEDENUSDT    0.067130      72.10     35219       231885346.0000002536132.0000001.11        0.599200    -0.002600   -0.43       37.47       62.53       0.979300    -0.028600   -2.84       49.48       50.52       0.702100    0.009200    1.33        41.25       58.75
2026-05-17 16:15:00 UTCEDENUSDT    0.067400      72.58     53990       234520308.0000002634962.0000001.14        0.595400    -0.003800   -0.63       37.32       62.68       0.988200    0.008900    0.91        49.70       50.30       0.706200    0.004100    0.58        41.39       58.61
2026-05-17 16:20:00 UTCEDENUSDT    0.067170      71.44     35929       239632979.0000005112671.0000002.18        0.590600    -0.004800   -0.81       37.13       62.87       0.970300    -0.017900   -1.81       49.25       50.75       0.703000    -0.003200   -0.45       41.28       58.72
2026-05-17 16:25:00 UTCEDENUSDT    0.065550      63.80     39262       241933710.0000002300731.0000000.96        0.587300    -0.003300   -0.56       37.00       63.00       0.966700    -0.003600   -0.37       49.15       50.85       0.694100    -0.008900   -1.27       40.97       59.03
2026-05-17 16:30:00 UTCEDENUSDT    0.067620      68.44     33523       237780240.000000-4153470.000000-1.72       0.590800    0.003500    0.60        37.14       62.86       0.979000    0.012300    1.27        49.47       50.53       0.681200    -0.012900   -1.86       40.52       59.48
2026-05-17 16:35:00 UTCEDENUSDT    0.067450      67.68     23326       243303236.0000005522996.0000002.32        0.590800    0.000000    0.00        37.14       62.86       0.977700    -0.001300   -0.13       49.43       50.57       0.694900    0.013700    2.01        41.00       59.00
2026-05-17 16:40:00 UTCEDENUSDT    0.066140      61.91     33704       244925817.0000001622581.0000000.67        0.593600    0.002800    0.47        37.25       62.75       0.973800    -0.003900   -0.40       49.34       50.66       0.695200    0.000300    0.04        41.01       58.99
2026-05-17 16:45:00 UTCEDENUSDT    0.067030      64.15     29683       243943647.000000-982170.000000-0.40       0.594100    0.000500    0.08        37.27       62.73       0.977500    0.003700    0.38        49.43       50.57       0.698100    0.002900    0.42        41.11       58.89
2026-05-17 16:50:00 UTCEDENUSDT    0.069260      69.05     50659       248046666.0000004103019.0000001.68        0.592400    -0.001700   -0.29       37.20       62.80       0.968200    -0.009300   -0.95       49.19       50.81       0.688600    -0.009500   -1.36       40.78       59.22
2026-05-17 16:55:00 UTCEDENUSDT    0.067560      62.08     53765       250066613.0000002019947.0000000.81        0.583800    -0.008600   -1.45       36.86       63.14       0.973700    0.005500    0.57        49.33       50.67       0.683500    -0.005100   -0.74       40.60       59.40
2026-05-17 17:00:00 UTCEDENUSDT    0.069090      65.46     62272       245044523.000000-5022090.000000-2.01       0.591100    0.007300    1.25        37.15       62.85       0.958800    -0.014900   -1.53       48.95       51.05       0.695800    0.012300    1.80        41.03       58.97
2026-05-17 17:05:00 UTCEDENUSDT    0.067280      58.79     43235       248860170.0000003815647.0000001.56        0.591100    0.000000    0.00        37.15       62.85       0.944400    -0.014400   -1.50       48.57       51.43       0.688000    -0.007800   -1.12       40.76       59.24
2026-05-17 17:10:00 UTCEDENUSDT    0.066240      55.30     74868       245384332.000000-3475838.000000-1.40       0.606900    0.015800    2.67        37.77       62.23       0.940600    -0.003800   -0.40       48.47       51.53       0.710000    0.022000    3.20        41.52       58.48
2026-05-17 17:15:00 UTCEDENUSDT    0.063890      48.33     53710       240172099.000000-5212233.000000-2.12       0.592100    -0.014800   -2.44       37.19       62.81       0.922000    -0.018600   -1.98       47.97       52.03       0.677600    -0.032400   -4.56       40.39       59.61
2026-05-17 17:20:00 UTCEDENUSDT    0.064240      49.35     78484       239871159.000000-300940.000000-0.13       0.599000    0.006900    1.17        37.46       62.54       0.921100    -0.000900   -0.10       47.95       52.05       0.661700    -0.015900   -2.35       39.82       60.18
2026-05-17 17:25:00 UTCEDENUSDT    0.063660      47.67     36351       236897908.000000-2973251.000000-1.24       0.605700    0.006700    1.12        37.72       62.28       0.936200    0.015100    1.64        48.35       51.65       0.655400    -0.006300   -0.95       39.59       60.41
2026-05-17 17:30:00 UTCEDENUSDT    0.061710      42.42     85004       241908588.0000005010680.0000002.12        0.608000    0.002300    0.38        37.81       62.19       0.915900    -0.020300   -2.17       47.81       52.19       0.657600    0.002200    0.34        39.67       60.33
2026-05-17 17:35:00 UTCEDENUSDT    0.059550      37.49     64727       234785089.000000-7123499.000000-2.94       0.628100    0.020100    3.31        38.58       61.42       0.908500    -0.007400   -0.81       47.60       52.40       0.645500    -0.012100   -1.84       39.23       60.77
2026-05-17 17:40:00 UTCEDENUSDT    0.058080      34.55     72636       231697831.000000-3087258.000000-1.31       0.655100    0.027000    4.30        39.58       60.42       0.920800    0.012300    1.35        47.94       52.06       0.657800    0.012300    1.91        39.68       60.32
2026-05-17 17:45:00 UTCEDENUSDT    0.058000      34.39     67826       225081197.000000-6616634.000000-2.86       0.692600    0.037500    5.72        40.92       59.08       0.946400    0.025600    2.78        48.62       51.38       0.675300    0.017500    2.66        40.31       59.69
2026-05-17 17:50:00 UTCEDENUSDT    0.059260      39.12     47671       218599795.000000-6481402.000000-2.88       0.716700    0.024100    3.48        41.75       58.25       0.961800    0.015400    1.63        49.03       50.97       0.697500    0.022200    3.29        41.09       58.91
2026-05-17 17:55:00 UTCEDENUSDT    0.056060      32.68     85771       214994025.000000-3605770.000000-1.65       0.721800    0.005100    0.71        41.92       58.08       0.953500    -0.008300   -0.86       48.81       51.19       0.730400    0.032900    4.72        42.21       57.79
2026-05-17 18:00:00 UTCEDENUSDT    0.055330      31.41     49247       203281299.000000-11712726.000000-5.45       0.784400    0.062600    8.67        43.96       56.04       0.936700    -0.016800   -1.76       48.37       51.63       0.764000    0.033600    4.60        43.31       56.69
2026-05-17 18:05:00 UTCEDENUSDT    0.054240      29.56     42769       200421551.000000-2859748.000000-1.41       0.809600    0.025200    3.21        44.74       55.26       0.931800    -0.004900   -0.52       48.23       51.77       0.775300    0.011300    1.48        43.67       56.33
2026-05-17 18:10:00 UTCEDENUSDT    0.054920      32.24     35971       198765244.000000-1656307.000000-0.83       0.833500    0.023900    2.95        45.46       54.54       0.962900    0.031100    3.34        49.05       50.95       0.788300    0.013000    1.68        44.08       55.92
2026-05-17 18:15:00 UTCEDENUSDT    0.055050      32.77     6657        197829940.000000-935304.000000-0.47       0.840600    0.007100    0.85        45.67       54.33       0.968300    0.005400    0.56        49.19       50.81       0.000000    -0.788300   -100.00     0.00        0.00

==============================================================================================================


