####################################################################################################
FETCHING BINANCE FUTURES DATA ...
####################################################################################################
SYMBOL     : EPICUSDT
PERIOD     : 15m
LIMIT      : 100
RSI_PERIOD : 14
PRINT MODE : CSV_STYLE
NOTE       : EACH OUTPUT ROW = ONE ACTUAL KLINE CANDLE
####################################################################################################

============================================================================================================================================
ANALYSIS-READY CANDLE DATA FOR V3.2.1 | CSV STYLE | EACH ROW = ONE 15m CANDLE
============================================================================================================================================
candle_index,time,symbol,open,high,low,close,close_change,close_change_pct,candle_body_pct,price_range_pct,rsi,number_of_trades,trades_change,trades_change_pct,volume,volume_change,volume_change_pct,quote_volume,quote_volume_change,quote_volume_change_pct,taker_buy_base_volume,taker_buy_quote_volume,taker_sell_quote_volume,taker_buy_quote_pct,oi,oi_value,oi_change,oi_change_pct,oi_value_change,oi_value_change_pct,acco_ls_ratio,acco_ls_change,acco_ls_change_pct,acco_long_pct,acco_short_pct,posit_ls_ratio,posit_ls_change,posit_ls_change_pct,posit_long_pct,posit_short_pct,global_ls_ratio,global_ls_change,global_ls_change_pct,global_long_pct,global_short_pct,quote_volume_source,oi_match_delta_min,acco_match_delta_min,posit_match_delta_min,global_match_delta_min,data_quality1,2026-06-07 17:45:00 UTC,EPICUSDT,0.706200,0.719500,0.703500,0.711700,0.000000,0.000000,0.778816,2.265647,71.507353,12041,0.000000,0.000000,523048.400000,0.000000,0.000000,373024.782820,0.000000,0.000000,292436.200000,208541.313780,164483.469040,55.905485,13076668.700000,9242782.187257,0.000000,0.000000,0.000000,0.000000,0.784800,0.000000,0.000000,43.970000,56.030000,1.674800,0.000000,0.000000,62.610000,37.390000,0.818200,0.000000,0.000000,45.000000,55.000000,binance_kline_quote_asset_volume,0.000000,0.000000,0.000000,0.000000,OK
2,2026-06-07 18:00:00 UTC,EPICUSDT,0.711800,0.718500,0.710200,0.715900,0.004200,0.590136,0.576004,1.166058,72.087547,9047,-2994,-24.865044,326094.200000,-196954.200000,-37.655062,233231.327860,-139793.454960,-37.475648,180634.200000,129196.793680,104034.534180,55.394271,13079499.000000,9319143.037500,2830.300000,0.021644,76360.850243,0.826167,0.781600,-0.003200,-0.407747,43.870000,56.130000,1.672600,-0.002200,-0.131359,62.580000,37.420000,0.813900,-0.004300,-0.525544,44.870000,55.130000,binance_kline_quote_asset_volume,0.000000,0.000000,0.000000,0.000000,OK
3,2026-06-07 18:15:00 UTC,EPICUSDT,0.716300,0.719600,0.702900,0.715100,-0.000800,-0.111747,-0.167528,2.331425,71.787689,8246,-801,-8.853764,344012.900000,17918.700000,5.494946,244648.212620,11416.884760,4.895091,197392.600000,140531.122320,104117.090300,57.442121,13075650.400000,9356873.709170,-3848.600000,-0.029425,37730.671670,0.404873,0.780600,-0.001000,-0.127943,43.840000,56.160000,1.666200,-0.006400,-0.382638,62.490000,37.510000,0.818800,0.004900,0.602040,45.020000,54.980000,binance_kline_quote_asset_volume,0.000000,0.000000,0.000000,0.000000,OK
4,2026-06-07 18:30:00 UTC,EPICUSDT,0.715000,0.718700,0.704500,0.713300,-0.001800,-0.251713,-0.237762,1.986014,71.071352,7908,-338,-4.098957,393774.300000,49761.400000,14.464981,280474.891540,35826.678920,14.644161,204572.000000,145737.983890,134736.907650,51.961152,13057990.700000,9335199.859320,-17659.700000,-0.135058,-21673.849850,-0.231636,0.780000,-0.000600,-0.076864,43.820000,56.180000,1.659400,-0.006800,-0.408114,62.400000,37.600000,0.807000,-0.011800,-1.441133,44.660000,55.340000,binance_kline_quote_asset_volume,0.000000,0.000000,0.000000,0.000000,OK
5,2026-06-07 18:45:00 UTC,EPICUSDT,0.713400,0.716000,0.700600,0.705600,-0.007700,-1.079490,-1.093356,2.158677,67.947822,6479,-1429,-18.070309,294368.000000,-99406.300000,-25.244486,208110.691700,-72364.199840,-25.800598,137560.100000,97306.309750,110804.381950,46.756997,13106631.100000,9346269.303331,48640.400000,0.372495,11069.444012,0.118577,0.779700,-0.000300,-0.038462,43.810000,56.190000,1.655200,-0.004200,-0.253104,62.340000,37.660000,0.808300,0.001300,0.161090,44.700000,55.300000,binance_kline_quote_asset_volume,0.000000,0.000000,0.000000,0.000000,OK
6,2026-06-07 19:00:00 UTC,EPICUSDT,0.705400,0.705400,0.684000,0.694000,-0.011600,-1.643991,-1.616104,3.033740,63.425447,14725,8246,127.272727,894416.600000,600048.600000,203.843013,618800.230810,410689.539110,197.341874,445585.100000,308157.312310,310642.918500,49.799159,13099225.200000,9228173.345052,-7405.900000,-0.056505,-118095.958279,-1.263563,0.784400,0.004700,0.602796,43.960000,56.040000,1.639600,-0.015600,-0.942484,62.110000,37.890000,0.813600,0.005300,0.655697,44.860000,55.140000,binance_kline_quote_asset_volume,0.000000,0.000000,0.000000,0.000000,OK
7,2026-06-07 19:15:00 UTC,EPICUSDT,0.694000,0.697800,0.687300,0.693000,-0.001000,-0.144092,-0.144092,1.512968,63.035949,6445,-8280,-56.230900,235369.700000,-659046.900000,-73.684556,162807.282960,-455992.947850,-73.689848,121299.500000,83926.766090,78880.516870,51.549762,12959032.100000,8991457.639842,-140193.100000,-1.070240,-236715.705210,-2.565142,0.782500,-0.001900,-0.242223,43.900000,56.100000,1.650600,0.011000,0.670895,62.270000,37.730000,0.806400,-0.007200,-0.884956,44.640000,55.360000,binance_kline_quote_asset_volume,0.000000,0.000000,0.000000,0.000000,OK
8,2026-06-07 19:30:00 UTC,EPICUSDT,0.693000,0.699200,0.688400,0.693700,0.000700,0.101010,0.101010,1.558442,63.206282,6486,41,0.636152,244480.700000,9111.000000,3.870932,169489.496370,6682.213410,4.104370,120349.400000,83491.831620,85997.664750,49.260770,12934089.000000,8963951.368339,-24943.100000,-0.192477,-27506.271503,-0.305916,0.776800,-0.005700,-0.728435,43.720000,56.280000,1.652700,0.002100,0.127226,62.300000,37.700000,0.801800,-0.004600,-0.570437,44.500000,55.500000,binance_kline_quote_asset_volume,0.000000,0.000000,0.000000,0.000000,OK
9,2026-06-07 19:45:00 UTC,EPICUSDT,0.693900,0.705500,0.687400,0.702300,0.008600,1.239729,1.210549,2.608445,65.320626,8167,1681,25.917360,329541.500000,85060.800000,34.792440,229820.208520,60330.712150,35.595546,190061.700000,132660.380590,97159.827930,57.723549,12932058.100000,8970968.703970,-2030.900000,-0.015702,7017.335631,0.078284,0.779000,0.002200,0.283213,43.790000,56.210000,1.652400,-0.000300,-0.018152,62.300000,37.700000,0.800800,-0.001000,-0.124719,44.470000,55.530000,binance_kline_quote_asset_volume,0.000000,0.000000,0.000000,0.000000,OK
10,2026-06-07 20:00:00 UTC,EPICUSDT,0.702300,0.714900,0.697700,0.714000,0.011700,1.665955,1.665955,2.449096,68.013641,9556,1389,17.007469,422568.200000,93026.700000,28.229130,298615.950180,68795.741660,29.934592,251952.500000,177991.176830,120624.773350,59.605382,12911445.100000,9071763.378636,-20613.000000,-0.159395,100794.674666,1.123565,0.773400,-0.005600,-0.718870,43.610000,56.390000,1.655200,0.002800,0.169450,62.340000,37.660000,0.797300,-0.003500,-0.437063,44.360000,55.640000,binance_kline_quote_asset_volume,0.000000,0.000000,0.000000,0.000000,OK
11,2026-06-07 20:15:00 UTC,EPICUSDT,0.714100,0.717200,0.706800,0.715200,0.001200,0.168067,0.154040,1.456379,68.285663,9232,-324,-3.390540,357035.000000,-65533.200000,-15.508313,254587.397630,-44028.552550,-14.744207,194111.000000,138464.583840,116122.813790,54.387839,12930050.900000,9232056.342600,18605.800000,0.144103,160292.963964,1.766944,0.773000,-0.000400,-0.051720,43.600000,56.400000,1.647600,-0.007600,-0.459159,62.230000,37.770000,0.805700,0.008400,1.053556,44.620000,55.380000,binance_kline_quote_asset_volume,0.000000,0.000000,0.000000,0.000000,OK
12,2026-06-07 20:30:00 UTC,EPICUSDT,0.714800,0.718800,0.706000,0.710800,-0.004400,-0.615213,-0.559597,1.790711,66.067060,8275,-957,-10.366118,424201.900000,67166.900000,18.812413,302287.584260,47700.186630,18.736272,214998.900000,153273.054470,149014.529790,50.704383,12949168.200000,9263834.930280,19117.300000,0.147852,31778.587680,0.344220,0.781900,0.008900,1.151358,43.880000,56.120000,1.639700,-0.007900,-0.479485,62.120000,37.880000,0.810300,0.004600,0.570932,44.760000,55.240000,binance_kline_quote_asset_volume,0.000000,0.000000,0.000000,0.000000,OK
13,2026-06-07 20:45:00 UTC,EPICUSDT,0.710700,0.712100,0.703000,0.710000,-0.000800,-0.112549,-0.098494,1.280428,65.649419,5580,-2695,-32.567976,236392.600000,-187809.300000,-44.273564,167251.013930,-135036.570330,-44.671557,140027.400000,99110.782830,68140.231100,59.258704,12950670.500000,9197463.231270,1502.300000,0.011602,-66371.699010,-0.716460,0.776800,-0.005100,-0.652257,43.720000,56.280000,1.637300,-0.002400,-0.146368,62.080000,37.920000,0.810300,0.000000,0.000000,44.760000,55.240000,binance_kline_quote_asset_volume,0.000000,0.000000,0.000000,0.000000,OK
14,2026-06-07 21:00:00 UTC,EPICUSDT,0.709800,0.718600,0.708900,0.718000,0.008000,1.126761,1.155255,1.366582,67.838864,5081,-499,-8.942652,274128.600000,37736.000000,15.963275,195811.262410,28560.248480,17.076278,164076.100000,117250.402040,78560.860370,59.879294,12954825.600000,9197926.176000,4155.100000,0.032084,462.944730,0.005033,0.768300,-0.008500,-1.094233,43.450000,56.550000,1.637200,-0.000100,-0.006108,62.080000,37.920000,0.799900,-0.010400,-1.283475,44.440000,55.560000,binance_kline_quote_asset_volume,0.000000,0.000000,0.000000,0.000000,OK
15,2026-06-07 21:15:00 UTC,EPICUSDT,0.718100,0.719100,0.710000,0.716900,-0.001100,-0.153203,-0.167108,1.267233,67.204576,3107,-1974,-38.850620,172831.400000,-101297.200000,-36.952438,123757.010430,-72054.251980,-36.797808,75545.600000,54132.117610,69624.892820,43.740647,12984776.200000,9316576.923500,29950.600000,0.231193,118650.747500,1.289973,0.769600,0.001300,0.169205,43.490000,56.510000,1.636100,-0.001100,-0.067188,62.070000,37.930000,0.795000,-0.004900,-0.612577,44.290000,55.710000,binance_kline_quote_asset_volume,0.000000,0.000000,0.000000,0.000000,OK
16,2026-06-07 21:30:00 UTC,EPICUSDT,0.717000,0.719400,0.715000,0.717700,0.000800,0.111592,0.097629,0.613668,67.442992,2845,-262,-8.432572,177497.900000,4666.500000,2.700030,127396.188880,3639.178450,2.940584,85371.200000,61299.347630,66096.841250,48.117097,13000204.100000,9319846.319290,15427.900000,0.118815,3269.395790,0.035092,0.777100,0.007500,0.974532,43.730000,56.270000,1.640100,0.004000,0.244484,62.120000,37.880000,0.802500,0.007500,0.943396,44.520000,55.480000,binance_kline_quote_asset_volume,0.000000,0.000000,0.000000,0.000000,OK
17,2026-06-07 21:45:00 UTC,EPICUSDT,0.717800,0.720000,0.705000,0.714100,-0.003600,-0.501602,-0.515464,2.089719,65.147806,4916,2071,72.794376,325284.100000,147786.200000,83.260816,232855.478930,105459.290050,82.780569,198692.000000,142436.352870,90419.126060,61.169423,13007095.600000,9331951.273967,6891.500000,0.053011,12104.954677,0.129884,0.777100,0.000000,0.000000,43.730000,56.270000,1.641200,0.001100,0.067069,62.140000,37.860000,0.801500,-0.001000,-0.124611,44.490000,55.510000,binance_kline_quote_asset_volume,0.000000,0.000000,0.000000,0.000000,OK
18,2026-06-07 22:00:00 UTC,EPICUSDT,0.714200,0.720000,0.706200,0.717200,0.003100,0.434113,0.420050,1.932232,66.214061,6287,1371,27.888527,366708.500000,41424.400000,12.734837,262469.444610,29613.965680,12.717745,218227.200000,156206.666810,106262.777800,59.514229,12926831.600000,9231050.445560,-80264.000000,-0.617079,-100900.828407,-1.081240,0.784800,0.007700,0.990863,43.970000,56.030000,1.641900,0.000700,0.042652,62.150000,37.850000,0.810600,0.009100,1.135371,44.770000,55.230000,binance_kline_quote_asset_volume,0.000000,0.000000,0.000000,0.000000,OK
19,2026-06-07 22:15:00 UTC,EPICUSDT,0.717200,0.720000,0.703000,0.707400,-0.009800,-1.366425,-1.366425,2.370329,59.968088,6860,573,9.114045,390484.400000,23775.900000,6.483597,278149.383070,15679.938460,5.974005,184648.000000,131515.730380,146633.652690,47.282410,12902635.100000,9263923.106307,-24196.500000,-0.187180,32872.660747,0.356110,0.786400,0.001600,0.203874,44.020000,55.980000,1.640400,-0.001500,-0.091358,62.130000,37.870000,0.812300,0.001700,0.209721,44.820000,55.180000,binance_kline_quote_asset_volume,0.000000,0.000000,0.000000,0.000000,OK
20,2026-06-07 22:30:00 UTC,EPICUSDT,0.707300,0.710200,0.696800,0.709600,0.002200,0.310998,0.325180,1.894528,60.860663,6934,74,1.078717,296840.200000,-93644.200000,-23.981547,209079.425720,-69069.957350,-24.831965,169563.500000,119491.965140,89587.460580,57.151470,12857973.900000,9093917.633960,-44661.200000,-0.346140,-170005.472346,-1.835135,0.796900,0.010500,1.335198,44.350000,55.650000,1.651300,0.010900,0.664472,62.280000,37.720000,0.816200,0.003900,0.480118,44.940000,55.060000,binance_kline_quote_asset_volume,0.000000,0.000000,0.000000,0.000000,OK
21,2026-06-07 22:45:00 UTC,EPICUSDT,0.709700,0.710000,0.697600,0.698000,-0.011600,-1.634724,-1.648584,1.747217,54.021194,4363,-2571,-37.078166,128412.100000,-168428.100000,-56.740327,90153.976560,-118925.449160,-56.880513,54470.600000,38222.473060,51931.503500,42.396880,12846469.100000,9119601.659932,-11504.800000,-0.089476,25684.025971,0.282431,0.791800,-0.005100,-0.639980,44.190000,55.810000,1.654300,0.003000,0.181675,62.330000,37.670000,0.811900,-0.004300,-0.526832,44.810000,55.190000,binance_kline_quote_asset_volume,0.000000,0.000000,0.000000,0.000000,OK
22,2026-06-07 23:00:00 UTC,EPICUSDT,0.698000,0.708300,0.696800,0.699000,0.001000,0.143266,0.143266,1.647564,54.495941,5212,849,19.459088,167359.000000,38946.900000,30.329618,117475.551440,27321.574880,30.305457,83653.500000,58730.167690,58745.383750,49.993524,12846574.800000,8968193.867880,105.700000,0.000823,-151407.792052,-1.660246,0.794000,0.002200,0.277848,44.260000,55.740000,1.653300,-0.001000,-0.060449,62.310000,37.690000,0.815500,0.003600,0.443404,44.920000,55.080000,binance_kline_quote_asset_volume,0.000000,0.000000,0.000000,0.000000,OK
23,2026-06-07 23:15:00 UTC,EPICUSDT,0.699100,0.702500,0.696200,0.699500,0.000500,0.071531,0.057216,0.901159,54.747536,4422,-790,-15.157329,129529.000000,-37830.000000,-22.604103,90551.207710,-26924.343730,-22.919104,72676.400000,50816.638310,39734.569400,56.119228,12837040.000000,8976897.912582,-9534.800000,-0.074221,8704.044702,0.097055,0.792100,-0.001900,-0.239295,44.200000,55.800000,1.655900,0.002600,0.157261,62.350000,37.650000,0.814200,-0.001300,-0.159411,44.880000,55.120000,binance_kline_quote_asset_volume,0.000000,0.000000,0.000000,0.000000,OK
24,2026-06-07 23:30:00 UTC,EPICUSDT,0.699600,0.699700,0.690300,0.696400,-0.003100,-0.443174,-0.457404,1.343625,52.798371,4812,390,8.819539,185027.700000,55498.700000,42.846544,128506.194800,37954.987090,41.915495,90002.200000,62516.362010,65989.832790,48.648520,12830276.300000,8970532.091909,-6763.700000,-0.052689,-6365.820674,-0.070913,0.785700,-0.006400,-0.807979,44.000000,56.000000,1.657100,0.001200,0.072468,62.370000,37.630000,0.808600,-0.005600,-0.687792,44.710000,55.290000,binance_kline_quote_asset_volume,0.000000,0.000000,0.000000,0.000000,OK
25,2026-06-07 23:45:00 UTC,EPICUSDT,0.695800,0.708000,0.692800,0.705400,0.009000,1.292361,1.379707,2.184536,57.526287,5706,894,18.578554,293157.300000,108129.600000,58.439682,204890.678810,76384.484010,59.440313,177602.400000,124147.344190,80743.334620,60.591992,12828173.500000,8915219.982543,-2102.800000,-0.016389,-55312.109366,-0.616598,0.784800,-0.000900,-0.114548,43.970000,56.030000,1.648600,-0.008500,-0.512944,62.240000,37.760000,0.808600,0.000000,0.000000,44.710000,55.290000,binance_kline_quote_asset_volume,0.000000,0.000000,0.000000,0.000000,OK
26,2026-06-08 00:00:00 UTC,EPICUSDT,0.705500,0.706000,0.697000,0.702400,-0.003000,-0.425291,-0.439405,1.275691,55.529641,5482,-224,-3.925692,193578.300000,-99579.000000,-33.967771,135609.043840,-69281.634970,-33.813952,97885.200000,68579.641660,67029.402180,50.571584,12851448.600000,9060271.263000,23275.100000,0.181437,145051.280457,1.627007,0.784400,-0.000400,-0.050968,43.960000,56.040000,1.648700,0.000100,0.006066,62.250000,37.750000,0.799900,-0.008700,-1.075934,44.440000,55.560000,binance_kline_quote_asset_volume,0.000000,0.000000,0.000000,0.000000,OK
27,2026-06-08 00:15:00 UTC,EPICUSDT,0.702400,0.704200,0.698200,0.701200,-0.001200,-0.170843,-0.170843,0.854214,54.711630,3891,-1591,-29.022255,136875.100000,-56703.200000,-29.292126,96003.238490,-39605.805350,-29.205873,59882.000000,42014.687650,53988.550840,43.763823,12833448.000000,9013267.151741,-18000.600000,-0.140067,-47004.111259,-0.518794,0.785700,0.001300,0.165732,44.000000,56.000000,1.648600,-0.000100,-0.006065,62.240000,37.760000,0.805700,0.005800,0.725091,44.620000,55.380000,binance_kline_quote_asset_volume,0.000000,0.000000,0.000000,0.000000,OK
28,2026-06-08 00:30:00 UTC,EPICUSDT,0.701200,0.708600,0.697200,0.707900,0.006700,0.955505,0.955505,1.625784,58.396657,4684,793,20.380365,193180.800000,56305.700000,41.136554,135775.674090,39772.435600,41.428223,109218.700000,76767.697900,59007.976190,56.540097,12819396.100000,8986324.236512,-14051.900000,-0.109494,-26942.915229,-0.298925,0.785700,0.000000,0.000000,44.000000,56.000000,1.652700,0.004100,0.248696,62.300000,37.700000,0.811300,0.005600,0.695048,44.790000,55.210000,binance_kline_quote_asset_volume,0.000000,0.000000,0.000000,0.000000,OK
29,2026-06-08 00:45:00 UTC,EPICUSDT,0.708000,0.709600,0.700000,0.702600,-0.005300,-0.748693,-0.762712,1.355932,54.611175,4202,-482,-10.290350,167123.700000,-26057.100000,-13.488452,117806.253980,-17969.420110,-13.234639,71217.300000,50207.715740,67598.538240,42.618888,12831863.200000,9074621.411650,12467.100000,0.097252,88297.175138,0.982573,0.773000,-0.012700,-1.616393,43.600000,56.400000,1.648700,-0.004000,-0.242028,62.250000,37.750000,0.799900,-0.011400,-1.405152,44.440000,55.560000,binance_kline_quote_asset_volume,0.000000,0.000000,0.000000,0.000000,OK
30,2026-06-08 01:00:00 UTC,EPICUSDT,0.702600,0.712700,0.700300,0.708500,0.005900,0.839738,0.839738,1.764873,57.884128,4977,775,18.443598,219811.600000,52687.900000,31.526289,155251.449610,37445.195630,31.785406,130636.700000,92309.276690,62942.172920,59.457916,12849089.600000,9027770.352960,17226.400000,0.134247,-46851.058690,-0.516287,0.766500,-0.006500,-0.840880,43.390000,56.610000,1.649000,0.000300,0.018196,62.250000,37.750000,0.797900,-0.002000,-0.250031,44.380000,55.620000,binance_kline_quote_asset_volume,0.000000,0.000000,0.000000,0.000000,OK
31,2026-06-08 01:15:00 UTC,EPICUSDT,0.708400,0.710000,0.701800,0.710000,0.001500,0.211715,0.225861,1.157538,58.699526,3894,-1083,-21.760096,148486.800000,-71324.800000,-32.448151,104846.313380,-50405.136230,-32.466773,66511.900000,46986.731000,57859.582380,44.814862,12837336.100000,9095986.280608,-11753.500000,-0.091473,68215.927648,0.755623,0.759300,-0.007200,-0.939335,43.160000,56.840000,1.653100,0.004100,0.248636,62.310000,37.690000,0.787000,-0.010900,-1.366086,44.040000,55.960000,binance_kline_quote_asset_volume,0.000000,0.000000,0.000000,0.000000,OK
32,2026-06-08 01:30:00 UTC,EPICUSDT,0.709800,0.783700,0.708800,0.779200,0.069200,9.746479,9.777402,10.552268,78.948586,43753,39859,1023.600411,2943840.400000,2795353.600000,1882.560335,2216563.874120,2111717.560740,2014.107595,1797115.600000,1351797.930130,864765.943990,60.986193,12831258.200000,9108851.172392,-6077.900000,-0.047345,12864.891784,0.141435,0.756500,-0.002800,-0.368761,43.070000,56.930000,1.654400,0.001300,0.078640,62.330000,37.670000,0.787600,0.000600,0.076239,44.060000,55.940000,binance_kline_quote_asset_volume,0.000000,0.000000,0.000000,0.000000,OK
33,2026-06-08 01:45:00 UTC,EPICUSDT,0.779300,0.800000,0.750400,0.776300,-0.002900,-0.372177,-0.384961,6.364686,77.239492,36555,-7198,-16.451443,1781475.900000,-1162364.500000,-39.484630,1376230.324020,-840333.550100,-37.911542,953660.600000,738112.217450,638118.106570,53.632899,12655372.800000,9831260.804849,-175885.400000,-1.370757,722409.632457,7.930853,0.735500,-0.021000,-2.775942,42.380000,57.620000,1.673500,0.019100,1.154497,62.600000,37.400000,0.795700,0.008100,1.028441,44.310000,55.690000,binance_kline_quote_asset_volume,0.000000,0.000000,0.000000,0.000000,OK
34,2026-06-08 02:00:00 UTC,EPICUSDT,0.776300,0.799200,0.765600,0.791400,0.015100,1.945124,1.945124,4.328224,79.703319,26800,-9755,-26.685816,1306408.600000,-475067.300000,-26.667063,1019784.148480,-356446.175540,-25.900183,688983.500000,537735.248990,482048.899490,52.730301,12562144.300000,9738174.261360,-93228.500000,-0.736671,-93086.543489,-0.946842,0.748600,0.013100,1.781101,42.810000,57.190000,1.662600,-0.010900,-0.651330,62.440000,37.560000,0.810000,0.014300,1.797160,44.750000,55.250000,binance_kline_quote_asset_volume,0.000000,0.000000,0.000000,0.000000,OK
35,2026-06-08 02:15:00 UTC,EPICUSDT,0.791700,0.799500,0.770600,0.784000,-0.007400,-0.935052,-0.972591,3.650373,75.395916,23042,-3758,-14.022388,1057543.400000,-248865.200000,-19.049568,832437.142290,-187347.006190,-18.371241,508678.300000,400724.274510,431712.867780,48.138683,12546602.900000,9923646.984739,-15541.400000,-0.123716,185472.723379,1.904594,0.766200,0.017600,2.351055,43.380000,56.620000,1.601700,-0.060900,-3.662938,61.560000,38.440000,0.820200,0.010200,1.259259,45.060000,54.940000,binance_kline_quote_asset_volume,0.000000,0.000000,0.000000,0.000000,OK
36,2026-06-08 02:30:00 UTC,EPICUSDT,0.784000,0.826200,0.687500,0.704300,-0.079700,-10.165816,-10.165816,17.691327,46.345272,77107,54065,234.636750,4907868.900000,3850325.500000,364.082032,3713425.551420,2880988.409130,346.090805,2597053.600000,1973607.557190,1739817.994230,53.147896,12543914.400000,9855839.846211,-2688.500000,-0.021428,-67807.138527,-0.683288,0.776800,0.010600,1.383451,43.720000,56.280000,1.591100,-0.010600,-0.661797,61.410000,38.590000,0.836200,0.016000,1.950744,45.540000,54.460000,binance_kline_quote_asset_volume,0.000000,0.000000,0.000000,0.000000,OK
37,2026-06-08 02:45:00 UTC,EPICUSDT,0.704200,0.708500,0.608600,0.615800,-0.088500,-12.565668,-12.553252,14.186311,31.726757,115451,38344,49.728300,6301726.700000,1393857.800000,28.400469,4047079.840070,333654.288650,8.985081,3256487.400000,2092045.484920,1955034.355150,51.692716,11711608.500000,8241557.864542,-832305.900000,-6.635137,-1614281.981669,-16.378939,0.792800,0.016000,2.059732,44.220000,55.780000,1.590300,-0.000800,-0.050280,61.390000,38.610000,0.843300,0.007100,0.849079,45.750000,54.250000,binance_kline_quote_asset_volume,0.000000,0.000000,0.000000,0.000000,OK
38,2026-06-08 03:00:00 UTC,EPICUSDT,0.615800,0.627100,0.580200,0.592200,-0.023600,-3.832413,-3.832413,7.616109,29.091531,64391,-51060,-44.226555,2635167.900000,-3666558.800000,-58.183399,1580585.652160,-2466494.187910,-60.945034,1314874.000000,788683.219790,791902.432370,49.898164,11330357.600000,6987449.887099,-381250.900000,-3.255325,-1254107.977443,-15.216880,0.848400,0.055600,7.013118,45.900000,54.100000,1.599800,0.009500,0.597372,61.540000,38.460000,0.879700,0.036400,4.316376,46.800000,53.200000,binance_kline_quote_asset_volume,0.000000,0.000000,0.000000,0.000000,OK
39,2026-06-08 03:15:00 UTC,EPICUSDT,0.592600,0.655100,0.573500,0.646900,0.054700,9.236744,9.163010,13.769828,41.268129,72742,8351,12.969204,3889432.000000,1254264.100000,47.597123,2404814.988880,824229.336720,52.147085,2147912.900000,1327519.902670,1077295.086210,55.202579,11344488.600000,6702157.781567,14131.000000,0.124718,-285292.105532,-4.082922,0.864300,0.015900,1.874116,46.360000,53.640000,1.579400,-0.020400,-1.275159,61.230000,38.770000,0.876900,-0.002800,-0.318290,46.720000,53.280000,binance_kline_quote_asset_volume,0.000000,0.000000,0.000000,0.000000,OK
40,2026-06-08 03:30:00 UTC,EPICUSDT,0.647000,0.661400,0.577100,0.582700,-0.064200,-9.924254,-9.938176,13.029366,33.908320,49104,-23638,-32.495670,2046797.700000,-1842634.300000,-47.375409,1274924.710930,-1129890.277950,-46.984499,1053971.000000,656717.914020,618206.796910,51.510329,11113401.000000,7185289.622331,-231087.600000,-2.037003,483131.840764,7.208601,0.877600,0.013300,1.538818,46.740000,53.260000,1.491400,-0.088000,-5.571736,59.860000,40.140000,0.898600,0.021700,2.474627,47.330000,52.670000,binance_kline_quote_asset_volume,0.000000,0.000000,0.000000,0.000000,OK
41,2026-06-08 03:45:00 UTC,EPICUSDT,0.582200,0.648300,0.550000,0.616800,0.034100,5.852068,5.942975,16.884232,40.026410,97662,48558,98.888074,4555786.600000,2508988.900000,122.581186,2757466.246970,1482541.536040,116.284634,2386201.500000,1445866.626380,1311599.620590,52.434608,10944247.100000,6376504.145170,-169153.900000,-1.522071,-808785.477161,-11.256129,0.869500,-0.008100,-0.922972,46.510000,53.490000,1.505200,0.013800,0.925305,60.080000,39.920000,0.883600,-0.015000,-1.669263,46.910000,53.090000,binance_kline_quote_asset_volume,0.000000,0.000000,0.000000,0.000000,OK
42,2026-06-08 04:00:00 UTC,EPICUSDT,0.616700,0.631800,0.582900,0.614200,-0.002600,-0.421530,-0.405383,7.929301,39.724463,44190,-53472,-54.752104,1719534.900000,-2836251.700000,-62.256026,1047530.860390,-1709935.386580,-62.011109,881391.200000,537170.901830,510359.958560,51.279721,11067577.100000,6849723.467190,123330.000000,1.126893,473219.322020,7.421297,0.834500,-0.035000,-4.025302,45.490000,54.510000,1.494000,-0.011200,-0.744087,59.900000,40.100000,0.868100,-0.015500,-1.754187,46.470000,53.530000,binance_kline_quote_asset_volume,0.000000,0.000000,0.000000,0.000000,OK
43,2026-06-08 04:15:00 UTC,EPICUSDT,0.614300,0.624600,0.563500,0.602700,-0.011500,-1.872354,-1.888328,9.946280,38.346557,36130,-8060,-18.239421,1647830.500000,-71704.400000,-4.169988,975367.776030,-72163.084360,-6.888874,815198.900000,481429.333670,493938.442360,49.358749,11085612.900000,6815994.301803,18035.800000,0.162961,-33729.165387,-0.492416,0.824800,-0.009700,-1.162373,45.200000,54.800000,1.480500,-0.013500,-0.903614,59.690000,40.310000,0.855600,-0.012500,-1.439926,46.110000,53.890000,binance_kline_quote_asset_volume,0.000000,0.000000,0.000000,0.000000,OK
44,2026-06-08 04:30:00 UTC,EPICUSDT,0.602800,0.630500,0.578000,0.584700,-0.018000,-2.986560,-3.002654,8.709356,36.228345,48821,12691,35.125934,1903966.800000,256136.300000,15.543850,1144222.890130,168855.114100,17.311943,888165.400000,534199.051490,610023.838640,46.686625,11253224.800000,6742932.300160,167611.900000,1.511977,-73062.001643,-1.071920,0.840600,0.015800,1.915616,45.670000,54.330000,1.526400,0.045900,3.100304,60.420000,39.580000,0.863200,0.007600,0.888266,46.330000,53.670000,binance_kline_quote_asset_volume,0.000000,0.000000,0.000000,0.000000,OK
45,2026-06-08 04:45:00 UTC,EPICUSDT,0.584500,0.611200,0.578800,0.583800,-0.000900,-0.153925,-0.119760,5.543199,36.120907,27816,-21005,-43.024518,1430026.400000,-473940.400000,-24.892262,848466.815230,-295756.074900,-25.847768,710992.800000,423175.438190,425291.377040,49.875308,11200097.500000,6555913.903075,-53127.300000,-0.472107,-187018.397085,-2.773547,0.844700,0.004100,0.487747,45.790000,54.210000,1.517800,-0.008600,-0.563417,60.280000,39.720000,0.883600,0.020400,2.363299,46.910000,53.090000,binance_kline_quote_asset_volume,0.000000,0.000000,0.000000,0.000000,OK
46,2026-06-08 05:00:00 UTC,EPICUSDT,0.583700,0.594800,0.578700,0.593400,0.009600,1.644399,1.661813,2.758266,38.225324,18364,-9452,-33.980443,747449.400000,-682577.000000,-47.731776,439278.686890,-409188.128340,-48.226769,355086.800000,208767.306350,230511.380540,47.525025,11058443.300000,6464765.953180,-141654.200000,-1.264759,-91147.949895,-1.390316,0.850100,0.005400,0.639280,45.950000,54.050000,1.505900,-0.011900,-0.784030,60.090000,39.910000,0.879700,-0.003900,-0.441376,46.800000,53.200000,binance_kline_quote_asset_volume,0.000000,0.000000,0.000000,0.000000,OK
47,2026-06-08 05:15:00 UTC,EPICUSDT,0.593200,0.593300,0.578900,0.588900,-0.004500,-0.758342,-0.724882,2.427512,37.600026,10195,-8169,-44.483773,466237.900000,-281211.500000,-37.622814,273897.888360,-165380.798530,-37.648264,208772.400000,122721.970030,151175.918330,44.805738,11041380.900000,6547775.821734,-17062.400000,-0.154293,83009.868554,1.284035,0.850100,0.000000,0.000000,45.950000,54.050000,1.498000,-0.007900,-0.524603,59.970000,40.030000,0.883900,0.004200,0.477435,46.920000,53.080000,binance_kline_quote_asset_volume,0.000000,0.000000,0.000000,0.000000,OK
48,2026-06-08 05:30:00 UTC,EPICUSDT,0.589100,0.595500,0.583800,0.593300,0.004400,0.747156,0.712952,1.986080,38.656669,8562,-1633,-16.017656,454531.900000,-11706.000000,-2.510735,268231.535780,-5666.352580,-2.068783,210189.900000,123988.969230,144242.566550,46.224605,10979868.800000,6469382.396838,-61512.100000,-0.557105,-78393.424896,-1.197253,0.857000,0.006900,0.811669,46.150000,53.850000,1.499300,0.001300,0.086782,59.990000,40.010000,0.888900,0.005000,0.565675,47.060000,52.940000,binance_kline_quote_asset_volume,0.000000,0.000000,0.000000,0.000000,OK
49,2026-06-08 05:45:00 UTC,EPICUSDT,0.593100,0.608800,0.589000,0.605000,0.011700,1.972021,2.006407,3.338392,41.493701,11195,2633,30.752161,620198.900000,165667.000000,36.447827,368908.269580,100676.733800,37.533519,351396.000000,209015.573160,159892.696420,56.657871,10899159.500000,6470516.009440,-80709.300000,-0.735066,1133.612603,0.017523,0.851500,-0.005500,-0.641774,45.990000,54.010000,1.505300,0.006000,0.400187,60.090000,39.910000,0.888600,-0.000300,-0.033750,47.050000,52.950000,binance_kline_quote_asset_volume,0.000000,0.000000,0.000000,0.000000,OK
50,2026-06-08 06:00:00 UTC,EPICUSDT,0.604800,0.632900,0.603700,0.612100,0.007100,1.173554,1.207011,4.828042,43.210127,30176,18981,169.548906,1671754.900000,1051556.000000,169.551413,1035987.258510,667078.988930,180.825165,678037.900000,419574.561800,616412.696710,40.499973,10781091.100000,6527879.721471,-118068.400000,-1.083280,57363.712030,0.886540,0.859100,0.007600,0.892543,46.210000,53.790000,1.503800,-0.001500,-0.099648,60.060000,39.940000,0.885400,-0.003200,-0.360117,46.960000,53.040000,binance_kline_quote_asset_volume,0.000000,0.000000,0.000000,0.000000,OK
51,2026-06-08 06:15:00 UTC,EPICUSDT,0.612000,0.632000,0.605100,0.614500,0.002400,0.392093,0.408497,4.395425,43.810218,17445,-12731,-42.189157,1076986.200000,-594768.700000,-35.577506,670600.042160,-365387.216350,-35.269470,559843.900000,348853.521250,321746.520910,52.021100,10575548.700000,6475190.083929,-205542.400000,-1.906508,-52689.637541,-0.807148,0.857700,-0.001400,-0.162961,46.170000,53.830000,1.510100,0.006300,0.418939,60.160000,39.840000,0.887100,0.001700,0.192004,47.010000,52.990000,binance_kline_quote_asset_volume,0.000000,0.000000,0.000000,0.000000,OK
52,2026-06-08 06:30:00 UTC,EPICUSDT,0.614600,0.615200,0.598000,0.604600,-0.009900,-1.611066,-1.627075,2.798568,41.845917,10649,-6796,-38.956721,644749.500000,-432236.700000,-40.133913,390913.360360,-279686.681800,-41.706929,361358.900000,219098.711930,171814.648430,56.047896,10307209.300000,6338646.972937,-268339.400000,-2.537357,-136543.110992,-2.108712,0.864600,0.006900,0.804477,46.370000,53.630000,1.478200,-0.031900,-2.112443,59.650000,40.350000,0.888600,0.001500,0.169090,47.050000,52.950000,binance_kline_quote_asset_volume,0.000000,0.000000,0.000000,0.000000,OK
53,2026-06-08 06:45:00 UTC,EPICUSDT,0.604300,0.606200,0.586600,0.587900,-0.016700,-2.762157,-2.713884,3.243422,38.694218,10101,-548,-5.146023,757913.900000,113164.400000,17.551685,450722.766740,59809.406380,15.299914,334566.300000,199109.656200,251613.110540,44.175638,10193644.400000,6173947.498882,-113564.900000,-1.101801,-164699.474055,-2.598338,0.855600,-0.009000,-1.040944,46.110000,53.890000,1.475800,-0.002400,-0.162360,59.610000,40.390000,0.880100,-0.008500,-0.956561,46.810000,53.190000,binance_kline_quote_asset_volume,0.000000,0.000000,0.000000,0.000000,OK
54,2026-06-08 07:00:00 UTC,EPICUSDT,0.587900,0.595000,0.571000,0.581300,-0.006600,-1.122640,-1.122640,4.082327,37.492377,14860,4759,47.114147,1902896.700000,1144982.800000,151.070300,1111232.473840,660509.707100,146.544563,949456.700000,554806.692410,556425.781430,49.927149,10141194.700000,5966587.316361,-52449.700000,-0.514533,-207360.182521,-3.358632,0.848400,-0.007200,-0.841515,45.900000,54.100000,1.482700,0.006900,0.467543,59.720000,40.280000,0.868800,-0.011300,-1.283945,46.490000,53.510000,binance_kline_quote_asset_volume,0.000000,0.000000,0.000000,0.000000,OK
55,2026-06-08 07:15:00 UTC,EPICUSDT,0.580900,0.582300,0.576900,0.580500,-0.000800,-0.137623,-0.068859,0.929592,37.340980,5305,-9555,-64.300135,424885.900000,-1478010.800000,-77.671626,246106.035300,-865126.438540,-77.852876,236768.300000,137126.678430,108979.356870,55.718535,10061506.400000,5844729.067760,-79688.300000,-0.785788,-121858.248601,-2.042344,0.869200,0.020800,2.451674,46.500000,53.500000,1.521900,0.039200,2.643825,60.350000,39.650000,0.875800,0.007000,0.805709,46.690000,53.310000,binance_kline_quote_asset_volume,0.000000,0.000000,0.000000,0.000000,OK
56,2026-06-08 07:30:00 UTC,EPICUSDT,0.580700,0.603200,0.578900,0.592900,0.012400,2.136090,2.100913,4.184605,41.297789,11431,6126,115.475966,882854.900000,457969.000000,107.786349,525937.636040,279831.600740,113.703673,436995.900000,259812.527510,266125.108530,49.399874,10011393.600000,5811425.169917,-50112.800000,-0.498065,-33303.897843,-0.569811,0.870600,0.001400,0.161068,46.540000,53.460000,1.530000,0.008100,0.532229,60.470000,39.530000,0.883200,0.007400,0.844942,46.900000,53.100000,binance_kline_quote_asset_volume,0.000000,0.000000,0.000000,0.000000,OK
57,2026-06-08 07:45:00 UTC,EPICUSDT,0.592800,0.593600,0.572000,0.582100,-0.010800,-1.821555,-1.804993,3.643725,38.988468,14428,2997,26.218179,905779.200000,22924.300000,2.596610,525303.274930,-634.361110,-0.120615,384091.100000,222392.673200,302910.601730,42.336053,9948534.100000,5909429.255400,-62859.500000,-0.627880,98004.085483,1.686404,0.853600,-0.017000,-1.952676,46.050000,53.950000,1.551500,0.021500,1.405229,60.810000,39.190000,0.865300,-0.017900,-2.026721,46.390000,53.610000,binance_kline_quote_asset_volume,0.000000,0.000000,0.000000,0.000000,OK
58,2026-06-08 08:00:00 UTC,EPICUSDT,0.582100,0.585200,0.576500,0.582400,0.000300,0.051538,0.051538,1.494589,39.090356,6602,-7826,-54.241752,313277.100000,-592502.100000,-65.413525,181964.008460,-343339.266470,-65.360199,129822.800000,75413.788450,106550.220010,41.444343,9911694.600000,5776558.013310,-36839.500000,-0.370301,-132871.242090,-2.248462,0.873700,0.020100,2.354733,46.630000,53.370000,1.525600,-0.025900,-1.669352,60.410000,39.590000,0.880800,0.015500,1.791286,46.830000,53.170000,binance_kline_quote_asset_volume,0.000000,0.000000,0.000000,0.000000,OK
59,2026-06-08 08:15:00 UTC,EPICUSDT,0.582700,0.593400,0.576000,0.589200,0.006800,1.167582,1.115497,2.986099,41.476077,8234,1632,24.719782,614475.300000,301198.200000,96.144340,359665.999820,177701.991360,97.657769,367758.600000,215308.898310,144357.101510,59.863567,9920944.700000,5782598.020697,9250.100000,0.093325,6040.007388,0.104561,0.860800,-0.012900,-1.476479,46.260000,53.740000,1.521800,-0.003800,-0.249082,60.350000,39.650000,0.867100,-0.013700,-1.555404,46.440000,53.560000,binance_kline_quote_asset_volume,0.000000,0.000000,0.000000,0.000000,OK
60,2026-06-08 08:30:00 UTC,EPICUSDT,0.589200,0.602600,0.587900,0.587900,-0.001300,-0.220638,-0.220638,2.494908,41.144288,6705,-1529,-18.569347,697319.800000,82844.500000,13.482153,416329.506290,56663.506470,15.754480,351289.600000,209969.663190,206359.843100,50.433529,9900122.300000,5835132.083620,-20822.400000,-0.209883,52534.062923,0.908485,0.848800,-0.012000,-1.394052,45.910000,54.090000,1.512500,-0.009300,-0.611118,60.200000,39.800000,0.852200,-0.014900,-1.718372,46.010000,53.990000,binance_kline_quote_asset_volume,0.000000,0.000000,0.000000,0.000000,OK
61,2026-06-08 08:45:00 UTC,EPICUSDT,0.588100,0.590900,0.581800,0.583400,-0.004500,-0.765436,-0.799184,1.547356,39.952864,3448,-3257,-48.575690,277379.700000,-419940.100000,-60.222024,162685.416600,-253644.089690,-60.923880,146522.300000,86028.268360,76657.148240,52.880135,9862867.200000,5802687.825902,-37255.100000,-0.376309,-32444.257718,-0.556016,0.863600,0.014800,1.743638,46.340000,53.660000,1.495200,-0.017300,-1.143802,59.920000,40.080000,0.860800,0.008600,1.009153,46.260000,53.740000,binance_kline_quote_asset_volume,0.000000,0.000000,0.000000,0.000000,OK
62,2026-06-08 09:00:00 UTC,EPICUSDT,0.583600,0.585300,0.579800,0.582400,-0.001000,-0.171409,-0.205620,0.942426,39.677899,3289,-159,-4.611369,294182.800000,16803.100000,6.057797,171262.913070,8577.496470,5.272443,157640.800000,91816.223360,79446.689710,53.611270,9810761.700000,5724622.128763,-52105.500000,-0.528300,-78065.697138,-1.345337,0.851200,-0.012400,-1.435850,45.980000,54.020000,1.495400,0.000200,0.013376,59.930000,40.070000,0.855300,-0.005500,-0.638941,46.100000,53.900000,binance_kline_quote_asset_volume,0.000000,0.000000,0.000000,0.000000,OK
63,2026-06-08 09:15:00 UTC,EPICUSDT,0.582600,0.582600,0.562700,0.562700,-0.019700,-3.382555,-3.415723,3.415723,34.622666,7427,4138,125.813317,894736.700000,600553.900000,204.143104,510309.374830,339046.461760,197.968408,395601.100000,225512.560730,284796.814100,44.191342,9798134.400000,5708393.101440,-12627.300000,-0.128709,-16229.027323,-0.283495,0.847400,-0.003800,-0.446429,45.870000,54.130000,1.480700,-0.014700,-0.983015,59.690000,40.310000,0.843700,-0.011600,-1.356249,45.760000,54.240000,binance_kline_quote_asset_volume,0.000000,0.000000,0.000000,0.000000,OK
64,2026-06-08 09:30:00 UTC,EPICUSDT,0.562700,0.566700,0.535000,0.542800,-0.019900,-3.536520,-3.536520,5.633553,30.408097,18564,11137,149.952875,1601790.400000,707053.700000,79.023661,879923.081820,369613.706990,72.429339,736493.200000,404757.586760,475165.495060,45.999201,9678060.300000,5450212.142643,-120074.100000,-1.225479,-258180.958797,-4.522831,0.863100,0.015700,1.852726,46.330000,53.680000,1.459000,-0.021700,-1.465523,59.330000,40.670000,0.857400,0.013700,1.623800,46.160000,53.840000,binance_kline_quote_asset_volume,0.000000,0.000000,0.000000,0.000000,OK
65,2026-06-08 09:45:00 UTC,EPICUSDT,0.542500,0.562200,0.520400,0.542200,-0.000600,-0.110538,-0.055300,7.705069,30.288381,40944,22380,120.555915,3072729.000000,1470938.600000,91.830904,1658627.528530,778704.446710,88.496877,1646470.700000,889190.277990,769437.250540,53.610004,9554076.300000,5191045.798175,-123984.000000,-1.281083,-259166.344468,-4.755161,0.852500,-0.010600,-1.228131,46.020000,53.980000,1.459400,0.000400,0.027416,59.340000,40.660000,0.822200,-0.035200,-4.105435,45.120000,54.880000,binance_kline_quote_asset_volume,0.000000,0.000000,0.000000,0.000000,OK
66,2026-06-08 10:00:00 UTC,EPICUSDT,0.542200,0.550000,0.511200,0.519700,-0.022500,-4.149760,-4.149760,7.156031,26.133357,20011,-20933,-51.125928,1751975.300000,-1320753.700000,-42.983084,934898.515750,-723729.012780,-43.634210,889786.200000,475003.413590,459895.102160,50.808019,9591632.300000,5206495.123377,37556.000000,0.393089,15449.325202,0.297615,0.828500,-0.024000,-2.815249,45.310000,54.690000,1.454300,-0.005100,-0.349459,59.260000,40.740000,0.792100,-0.030100,-3.660910,44.200000,55.800000,binance_kline_quote_asset_volume,0.000000,0.000000,0.000000,0.000000,OK
67,2026-06-08 10:15:00 UTC,EPICUSDT,0.519600,0.555000,0.488000,0.531300,0.011600,2.232057,2.251732,12.894534,31.361254,53863,33852,169.166958,4017834.300000,2265859.000000,129.331675,2098331.903120,1163433.387370,124.444885,1990114.200000,1038740.579750,1059591.323370,49.503159,9491662.200000,4925720.404096,-99970.100000,-1.042264,-280774.719281,-5.392778,0.870600,0.042100,5.081473,46.540000,53.460000,1.442800,-0.011500,-0.790758,59.060000,40.940000,0.818800,0.026700,3.370787,45.020000,54.980000,binance_kline_quote_asset_volume,0.000000,0.000000,0.000000,0.000000,OK
68,2026-06-08 10:30:00 UTC,EPICUSDT,0.531300,0.565600,0.514500,0.536000,0.004700,0.884623,0.884623,9.617918,33.417445,38367,-15496,-28.769285,2425394.300000,-1592440.000000,-39.634288,1314272.005010,-784059.898110,-37.365867,1245618.800000,675678.414470,638593.590540,51.410850,9247058.300000,4939778.543860,-244603.900000,-2.577040,14058.139764,0.285403,0.885700,0.015100,1.734436,46.970000,53.030000,1.473200,0.030400,2.107014,59.570000,40.430000,0.825800,0.007000,0.854910,45.230000,54.770000,binance_kline_quote_asset_volume,0.000000,0.000000,0.000000,0.000000,OK
69,2026-06-08 10:45:00 UTC,EPICUSDT,0.536200,0.542500,0.519100,0.521600,-0.014400,-2.686567,-2.722865,4.364043,30.411498,14753,-23614,-61.547684,879146.800000,-1546247.500000,-63.752417,466352.137110,-847919.867900,-64.516315,461693.800000,245328.209900,221023.927210,52.605787,9270227.000000,4977678.330483,23168.700000,0.250552,37899.786623,0.767237,0.883200,-0.002500,-0.282263,46.900000,53.100000,1.494000,0.020800,1.411892,59.900000,40.100000,0.822200,-0.003600,-0.435941,45.120000,54.880000,binance_kline_quote_asset_volume,0.000000,0.000000,0.000000,0.000000,OK
70,2026-06-08 11:00:00 UTC,EPICUSDT,0.521600,0.555200,0.519100,0.549400,0.027800,5.329755,5.329755,6.921012,41.375185,17264,2511,17.020267,1022501.600000,143354.800000,16.306128,545281.277140,78929.140030,16.924794,526716.300000,281445.231010,263836.046130,51.614688,9314487.600000,4856573.834640,44260.600000,0.477449,-121104.495843,-2.432951,0.853600,-0.029600,-3.351449,46.050000,53.950000,1.462800,-0.031200,-2.088353,59.400000,40.600000,0.800800,-0.021400,-2.602773,44.470000,55.530000,binance_kline_quote_asset_volume,0.000000,0.000000,0.000000,0.000000,OK
71,2026-06-08 11:15:00 UTC,EPICUSDT,0.549600,0.564000,0.536800,0.539200,-0.010200,-1.856571,-1.892285,4.949054,38.950411,15054,-2210,-12.801205,735284.700000,-287216.900000,-28.089628,401926.040000,-143355.237140,-26.290145,365381.700000,199913.143100,202012.896900,49.738789,9274395.500000,5088860.810850,-40092.100000,-0.430427,232286.976210,4.782939,0.862200,0.008600,1.007498,46.300000,53.700000,1.498800,0.036000,2.461034,59.980000,40.020000,0.800200,-0.000600,-0.074925,44.450000,55.550000,binance_kline_quote_asset_volume,0.000000,0.000000,0.000000,0.000000,OK
72,2026-06-08 11:30:00 UTC,EPICUSDT,0.539300,0.547200,0.521000,0.524800,-0.014400,-2.670623,-2.688670,4.858149,35.763848,13130,-1924,-12.780656,874173.500000,138888.800000,18.889119,464338.300120,62412.260120,15.528295,381198.700000,202672.300550,261665.999570,43.647552,9299082.500000,5014065.284000,24687.000000,0.266184,-74795.526850,-1.469789,0.860100,-0.002100,-0.243563,46.240000,53.760000,1.495600,-0.003200,-0.213504,59.930000,40.070000,0.803800,0.003600,0.449888,44.560000,55.440000,binance_kline_quote_asset_volume,0.000000,0.000000,0.000000,0.000000,OK
73,2026-06-08 11:45:00 UTC,EPICUSDT,0.524800,0.530100,0.520500,0.521600,-0.003200,-0.609756,-0.609756,1.829268,35.077086,7411,-5719,-43.556740,406142.300000,-468031.200000,-53.539852,213030.028660,-251308.271460,-54.121805,214238.000000,112436.846160,100593.182500,52.779811,9336310.000000,4899971.656050,37227.500000,0.400335,-114093.627950,-2.275472,0.856300,-0.003800,-0.441809,46.130000,53.870000,1.489300,-0.006300,-0.421236,59.830000,40.170000,0.812300,0.008500,1.057477,44.820000,55.180000,binance_kline_quote_asset_volume,0.000000,0.000000,0.000000,0.000000,OK
74,2026-06-08 12:00:00 UTC,EPICUSDT,0.521900,0.533400,0.520100,0.528300,0.006700,1.284509,1.226289,2.548381,37.771479,9505,2094,28.255296,502642.900000,96500.600000,23.760293,265578.338800,52548.310140,24.667091,272613.800000,144071.149160,121507.189640,54.248080,9340698.300000,4878485.128009,4388.300000,0.047003,-21486.528040,-0.438503,0.844300,-0.012000,-1.401378,45.780000,54.220000,1.491200,0.001900,0.127577,59.860000,40.140000,0.791500,-0.020800,-2.560630,44.180000,55.820000,binance_kline_quote_asset_volume,0.000000,0.000000,0.000000,0.000000,OK
75,2026-06-08 12:15:00 UTC,EPICUSDT,0.528600,0.538200,0.525000,0.529400,0.001100,0.208215,0.151343,2.497162,38.224773,9923,418,4.397685,466581.700000,-36061.200000,-7.174318,248199.148180,-17379.190620,-6.543904,256565.500000,136530.403140,111668.745040,55.008409,9359474.000000,4952097.693400,18775.700000,0.201010,73612.565391,1.508923,0.839600,-0.004700,-0.556674,45.640000,54.360000,1.481300,-0.009900,-0.663895,59.700000,40.300000,0.793100,0.001600,0.202148,44.230000,55.770000,binance_kline_quote_asset_volume,0.000000,0.000000,0.000000,0.000000,OK
76,2026-06-08 12:30:00 UTC,EPICUSDT,0.529200,0.532800,0.525700,0.527300,-0.002100,-0.396675,-0.359033,1.341648,37.660758,5916,-4007,-40.380933,326609.200000,-139972.500000,-29.999569,172776.206940,-75422.941240,-30.388074,151170.900000,79959.483490,92816.723450,46.279221,9305190.400000,4926531.630705,-54283.600000,-0.579986,-25566.062695,-0.516267,0.842300,0.002700,0.321582,45.720000,54.280000,1.495300,0.014000,0.945116,59.920000,40.080000,0.789900,-0.003200,-0.403480,44.130000,55.870000,binance_kline_quote_asset_volume,0.000000,0.000000,0.000000,0.000000,OK
77,2026-06-08 12:45:00 UTC,EPICUSDT,0.527300,0.527600,0.521600,0.525700,-0.001600,-0.303433,-0.303433,1.137872,37.210259,5042,-874,-14.773496,251066.500000,-75542.700000,-23.129385,131566.358990,-41209.847950,-23.851576,103574.400000,54283.028360,77283.330630,41.259049,9295034.800000,4901271.850040,-10155.600000,-0.109139,-25259.780665,-0.512729,0.844300,0.002000,0.237445,45.780000,54.220000,1.502300,0.007000,0.468133,60.040000,39.960000,0.786400,-0.003500,-0.443094,44.020000,55.980000,binance_kline_quote_asset_volume,0.000000,0.000000,0.000000,0.000000,OK
78,2026-06-08 13:00:00 UTC,EPICUSDT,0.525800,0.532500,0.521800,0.532200,0.006500,1.236447,1.217193,2.034994,40.332870,5442,400,7.933360,327701.600000,76635.100000,30.523825,172259.300460,40692.941470,30.929595,166733.300000,87713.709900,84545.590560,50.919579,9292655.000000,4880353.351814,-2379.800000,-0.025603,-20918.498226,-0.426797,0.849100,0.004800,0.568518,45.920000,54.080000,1.502600,0.000300,0.019969,60.040000,39.960000,0.787600,0.001200,0.152594,44.060000,55.940000,binance_kline_quote_asset_volume,0.000000,0.000000,0.000000,0.000000,OK
79,2026-06-08 13:15:00 UTC,EPICUSDT,0.532000,0.545400,0.531000,0.544500,0.012300,2.311161,2.349624,2.706767,45.823437,7796,2354,43.256156,626923.600000,299222.000000,91.309289,337612.380260,165353.079800,95.990800,350809.000000,189083.470730,148528.909530,56.006083,9281411.200000,4936040.939711,-11243.800000,-0.120997,55687.587897,1.141056,0.853600,0.004500,0.529973,46.050000,53.950000,1.513500,0.010900,0.725409,60.220000,39.780000,0.792800,0.005200,0.660234,44.220000,55.780000,binance_kline_quote_asset_volume,0.000000,0.000000,0.000000,0.000000,OK
80,2026-06-08 13:30:00 UTC,EPICUSDT,0.544300,0.560800,0.543500,0.559700,0.015200,2.791552,2.829322,3.178394,51.734214,10545,2749,35.261673,719891.800000,92968.200000,14.829271,397429.610690,59817.230430,17.717724,304688.600000,168322.060460,229107.550230,42.352672,9284360.400000,5056989.732103,2949.200000,0.031775,120948.792392,2.450320,0.858700,0.005100,0.597470,46.200000,53.800000,1.509400,-0.004100,-0.270895,60.150000,39.850000,0.805700,0.012900,1.627144,44.620000,55.380000,binance_kline_quote_asset_volume,0.000000,0.000000,0.000000,0.000000,OK
81,2026-06-08 13:45:00 UTC,EPICUSDT,0.559700,0.578600,0.532500,0.532500,-0.027200,-4.859746,-4.859746,8.236555,42.746595,20561,10016,94.983404,1664142.700000,944250.900000,131.165670,922051.835620,524622.224930,132.003809,806617.700000,446907.880880,475143.954740,48.468846,9291015.900000,5200181.599230,6655.500000,0.071685,143191.867127,2.831563,0.853600,-0.005100,-0.593921,46.050000,53.950000,1.534100,0.024700,1.636412,60.540000,39.460000,0.804700,-0.001000,-0.124116,44.590000,55.410000,binance_kline_quote_asset_volume,0.000000,0.000000,0.000000,0.000000,OK
82,2026-06-08 14:00:00 UTC,EPICUSDT,0.532500,0.542700,0.516000,0.530000,-0.002500,-0.469484,-0.469484,5.014085,42.023959,18902,-1659,-8.068674,1477262.200000,-186880.500000,-11.229836,780508.077980,-141543.757640,-15.350954,704920.300000,372656.785470,407851.292510,47.745410,9258583.500000,4935906.593224,-32432.400000,-0.349073,-264275.006006,-5.082034,0.881800,0.028200,3.303655,46.860000,53.140000,1.513700,-0.020400,-1.329770,60.220000,39.780000,0.813600,0.008900,1.106002,44.860000,55.140000,binance_kline_quote_asset_volume,0.000000,0.000000,0.000000,0.000000,OK
83,2026-06-08 14:15:00 UTC,EPICUSDT,0.530000,0.530400,0.485000,0.486100,-0.043900,-8.283019,-8.283019,8.566038,31.843844,23161,4259,22.532007,2429635.000000,952372.800000,64.468772,1221057.088850,440549.010870,56.443876,1066443.200000,535853.612620,685203.476230,43.884403,9171986.300000,4884999.903380,-86597.200000,-0.935318,-50906.689844,-1.031354,0.879300,-0.002500,-0.283511,46.790000,53.210000,1.531400,0.017700,1.169320,60.500000,39.500000,0.820800,0.007200,0.884956,45.080000,54.920000,binance_kline_quote_asset_volume,0.000000,0.000000,0.000000,0.000000,OK
84,2026-06-08 14:30:00 UTC,EPICUSDT,0.486300,0.501200,0.466600,0.472900,-0.013200,-2.715491,-2.755501,7.114950,29.527631,25743,2582,11.148051,2736761.100000,307126.100000,12.640833,1327544.049960,106486.961110,8.720883,1447036.700000,703922.929750,623621.120210,53.024450,9107687.100000,4430491.312839,-64299.200000,-0.701039,-454508.590541,-9.304168,0.902900,0.023600,2.683953,47.450000,52.550000,1.515200,-0.016200,-1.057856,60.240000,39.760000,0.817900,-0.002900,-0.353314,44.990000,55.010000,binance_kline_quote_asset_volume,0.000000,0.000000,0.000000,0.000000,OK
85,2026-06-08 14:45:00 UTC,EPICUSDT,0.472800,0.473200,0.452100,0.460900,-0.012000,-2.537534,-2.516920,4.462775,27.564729,27825,2082,8.087635,3545213.100000,808452.000000,29.540467,1636073.606350,308529.556390,23.240627,1747596.800000,806142.542700,829931.063650,49.273000,9095874.800000,4306896.717800,-11812.300000,-0.129696,-123594.595039,-2.789636,0.930900,0.028000,3.101119,48.210000,51.790000,1.554700,0.039500,2.606917,60.860000,39.140000,0.839900,0.022000,2.689815,45.650000,54.350000,binance_kline_quote_asset_volume,0.000000,0.000000,0.000000,0.000000,OK
86,2026-06-08 15:00:00 UTC,EPICUSDT,0.460700,0.470800,0.450000,0.470200,0.009300,2.017791,2.062079,4.514869,31.372365,22319,-5506,-19.787960,2585489.700000,-959723.400000,-27.070965,1185372.610910,-450700.995440,-27.547721,1179179.300000,541772.778210,643599.832700,45.704850,9456674.300000,4354829.722175,360799.500000,3.966628,47933.004375,1.112936,0.923800,-0.007100,-0.762703,48.020000,51.980000,1.511400,-0.043300,-2.785103,60.180000,39.820000,0.819800,-0.020100,-2.393142,45.050000,54.950000,binance_kline_quote_asset_volume,0.000000,0.000000,0.000000,0.000000,OK
87,2026-06-08 15:15:00 UTC,EPICUSDT,0.470200,0.504400,0.441500,0.442300,-0.027900,-5.933645,-5.933645,13.377286,26.817912,50260,27941,125.189301,5124388.200000,2538898.500000,98.197974,2380714.845960,1195342.235050,100.841054,2452475.700000,1141029.194260,1239685.651700,47.928008,9314070.100000,4370161.690920,-142604.200000,-1.507974,15331.968745,0.352068,0.918300,-0.005500,-0.595367,47.870000,52.130000,1.526400,0.015000,0.992457,60.420000,39.580000,0.823500,0.003700,0.451330,45.160000,54.840000,binance_kline_quote_asset_volume,0.000000,0.000000,0.000000,0.000000,OK
88,2026-06-08 15:30:00 UTC,EPICUSDT,0.442300,0.474100,0.433700,0.450700,0.008400,1.899163,1.899163,9.134072,30.107773,32930,-17330,-34.480700,3761351.600000,-1363036.600000,-26.599011,1690488.899670,-690225.946290,-28.992382,1917056.100000,862516.281460,827972.618210,51.021706,9386229.900000,4151529.484770,72159.800000,0.774740,-218632.206150,-5.002840,0.922300,0.004000,0.435587,47.980000,52.020000,1.489900,-0.036500,-2.391247,59.840000,40.160000,0.836200,0.012700,1.542198,45.540000,54.460000,binance_kline_quote_asset_volume,0.000000,0.000000,0.000000,0.000000,OK
89,2026-06-08 15:45:00 UTC,EPICUSDT,0.450700,0.473000,0.450700,0.465100,0.014400,3.195030,3.195030,4.947859,35.463816,30019,-2911,-8.839964,2166986.000000,-1594365.600000,-42.388103,1005204.538560,-685284.361110,-40.537643,1110174.000000,515076.890390,490127.648170,51.241003,9414232.300000,4234450.328659,28002.400000,0.298335,82920.843889,1.997356,0.944000,0.021700,2.352814,48.560000,51.440000,1.504900,0.015000,1.006779,60.080000,39.920000,0.838900,0.002700,0.322889,45.620000,54.380000,binance_kline_quote_asset_volume,0.000000,0.000000,0.000000,0.000000,OK
90,2026-06-08 16:00:00 UTC,EPICUSDT,0.465100,0.477400,0.448100,0.454200,-0.010900,-2.343582,-2.343582,6.299720,33.378686,27911,-2108,-7.022219,2220798.800000,53812.800000,2.483302,1029649.280390,24444.741830,2.431818,1104506.300000,513184.739520,516464.540870,49.840732,9346990.700000,4347947.702331,-67241.600000,-0.714255,113497.373672,2.680333,0.919000,-0.025000,-2.648305,47.890000,52.110000,1.471000,-0.033900,-2.252641,59.530000,40.470000,0.833900,-0.005000,-0.596019,45.470000,54.530000,binance_kline_quote_asset_volume,0.000000,0.000000,0.000000,0.000000,OK
91,2026-06-08 16:15:00 UTC,EPICUSDT,0.454100,0.456400,0.448000,0.451900,-0.002300,-0.506385,-0.484475,1.849813,32.938599,11000,-16911,-60.589015,815608.200000,-1405190.600000,-63.274107,368715.922350,-660933.358040,-64.190144,420557.400000,190374.864200,178341.058150,51.631853,9275083.300000,4204395.259890,-71907.400000,-0.769311,-143552.442441,-3.301614,0.945900,0.026900,2.927095,48.610000,51.390000,1.433900,-0.037100,-2.522094,58.910000,41.090000,0.846700,0.012800,1.534956,45.850000,54.150000,binance_kline_quote_asset_volume,0.000000,0.000000,0.000000,0.000000,OK
92,2026-06-08 16:30:00 UTC,EPICUSDT,0.451800,0.452800,0.446400,0.447600,-0.004300,-0.951538,-0.929615,1.416556,32.086831,7712,-3288,-29.890909,908444.900000,92836.700000,11.382512,408082.667530,39366.745180,10.676714,343016.400000,154211.566550,253871.100980,37.789296,9268755.500000,4189613.273268,-6327.800000,-0.068224,-14781.986622,-0.351584,0.941400,-0.004500,-0.475737,48.490000,51.510000,1.469900,0.036000,2.510635,59.510000,40.490000,0.839600,-0.007100,-0.838550,45.640000,54.360000,binance_kline_quote_asset_volume,0.000000,0.000000,0.000000,0.000000,OK
93,2026-06-08 16:45:00 UTC,EPICUSDT,0.447500,0.472200,0.447300,0.464100,0.016500,3.686327,3.709497,5.564246,38.643418,17968,10256,132.987552,1353205.700000,444760.800000,48.958478,624822.306600,216739.639070,53.111699,723709.400000,333865.127770,290957.178830,53.433612,9207068.700000,4121083.950120,-61686.800000,-0.665535,-68529.323148,-1.635696,0.957700,0.016300,1.731464,48.920000,51.080000,1.543900,0.074000,5.034356,60.690000,39.310000,0.838900,-0.000700,-0.083373,45.620000,54.380000,binance_kline_quote_asset_volume,0.000000,0.000000,0.000000,0.000000,OK
94,2026-06-08 17:00:00 UTC,EPICUSDT,0.464100,0.476200,0.461200,0.471500,0.007400,1.594484,1.594484,3.232062,41.376954,12230,-5738,-31.934550,803913.800000,-549291.900000,-40.591900,377198.367010,-247623.939590,-39.631098,359588.200000,168680.841730,208517.525280,44.719399,9132607.500000,4241471.422071,-74461.200000,-0.808739,120387.471951,2.921257,0.916800,-0.040900,-4.270648,47.830000,52.170000,1.521800,-0.022100,-1.431440,60.350000,39.650000,0.821500,-0.017400,-2.074145,45.100000,54.900000,binance_kline_quote_asset_volume,0.000000,0.000000,0.000000,0.000000,OK
95,2026-06-08 17:15:00 UTC,EPICUSDT,0.471500,0.478400,0.468000,0.468800,-0.002700,-0.572641,-0.572641,2.205726,40.665082,10474,-1756,-14.358136,707142.400000,-96771.400000,-12.037534,334525.312760,-42673.054250,-11.313160,331404.300000,156851.832960,177673.479800,46.887882,9019938.100000,4283591.333934,-112669.400000,-1.233705,42119.911863,0.993050,0.922700,0.005900,0.643543,47.990000,52.010000,1.514300,-0.007500,-0.492837,60.230000,39.770000,0.820200,-0.001300,-0.158247,45.060000,54.940000,binance_kline_quote_asset_volume,0.000000,0.000000,0.000000,0.000000,OK
96,2026-06-08 17:30:00 UTC,EPICUSDT,0.468600,0.472500,0.462600,0.467200,-0.001600,-0.341297,-0.298762,2.112676,40.223446,8234,-2240,-21.386290,535561.100000,-171581.300000,-24.264038,250547.482650,-83977.830110,-25.103580,259504.400000,121490.445910,129057.036740,48.489989,8970670.600000,4205987.271915,-49267.500000,-0.546207,-77604.062019,-1.811659,0.922000,-0.000700,-0.075864,47.970000,52.030000,1.497700,-0.016600,-1.096216,59.960000,40.040000,0.819500,-0.000700,-0.085345,45.040000,54.960000,binance_kline_quote_asset_volume,0.000000,0.000000,0.000000,0.000000,OK
97,2026-06-08 17:45:00 UTC,EPICUSDT,0.467400,0.467700,0.459700,0.462400,-0.004800,-1.027397,-1.069748,1.711596,38.859962,5889,-2345,-28.479475,465119.000000,-70442.100000,-13.152953,215903.214770,-34644.267880,-13.827426,258744.500000,120182.812380,95720.402390,55.665133,8933432.300000,4177272.943480,-37238.300000,-0.415112,-28714.328435,-0.682701,0.915000,-0.007000,-0.759219,47.780000,52.220000,1.508100,0.010400,0.694398,60.130000,39.870000,0.810300,-0.009200,-1.122636,44.760000,55.240000,binance_kline_quote_asset_volume,0.000000,0.000000,0.000000,0.000000,OK
98,2026-06-08 18:00:00 UTC,EPICUSDT,0.462400,0.469800,0.458500,0.462600,0.000200,0.043253,0.043253,2.443772,38.952818,8549,2660,45.168959,600157.300000,135038.300000,29.033065,278254.230680,62351.015910,28.879151,312679.200000,145046.889410,133207.341270,52.127470,8895185.600000,4113133.821440,-38246.700000,-0.428130,-64139.122040,-1.535430,0.895400,-0.019600,-2.142077,47.240000,52.760000,1.505500,-0.002600,-0.172402,60.090000,39.910000,0.792400,-0.017900,-2.209058,44.210000,55.790000,binance_kline_quote_asset_volume,0.000000,0.000000,0.000000,0.000000,OK
99,2026-06-08 18:15:00 UTC,EPICUSDT,0.462700,0.465500,0.457500,0.459600,-0.003000,-0.648508,-0.669981,1.728982,38.020051,5298,-3251,-38.027840,353766.600000,-246390.700000,-41.054354,163348.946710,-114905.283970,-41.295072,183130.800000,84619.097160,78729.849550,51.802659,8851846.000000,4100627.219494,-43339.600000,-0.487225,-12506.601946,-0.304065,0.879000,-0.016400,-1.831584,46.780000,53.220000,1.510100,0.004600,0.305546,60.160000,39.840000,0.781300,-0.011100,-1.400808,43.860000,56.140000,binance_kline_quote_asset_volume,0.000000,0.000000,0.000000,0.000000,OK
100,2026-06-08 18:30:00 UTC,EPICUSDT,0.459600,0.461500,0.458500,0.460400,0.000800,0.174064,0.174064,0.652742,38.443365,895,-4403,-83.106833,65883.100000,-287883.500000,-81.376676,30323.201950,-133025.744760,-81.436549,32146.500000,14798.516440,15524.685510,48.802618,8835116.600000,4060315.572998,-16729.400000,-0.188993,-40311.646496,-0.983061,0.842600,-0.036400,-4.141069,45.730000,54.270000,1.506200,-0.003900,-0.258261,60.100000,39.900000,0.757800,-0.023500,-3.007808,43.110000,56.890000,binance_kline_quote_asset_volume,0.000000,0.000000,0.000000,0.000000,OK

==================================================================================================================================LAST CANDLE SNAPSHOT — FULL DATA NEEDED FOR V3.2.1
==================================================================================================================================Candle Index        : 100
Time                : 2026-06-08 18:30:00 UTC
Close Time          : 2026-06-08 18:44:59 UTC
Symbol              : EPICUSDT

[PRICE / RSI]
Open                : 0.45960000
High                : 0.46150000
Low                 : 0.45850000
Close               : 0.46040000
Close Change        : 0.00080000
Close Change %      : 0.1741%
Candle Body %       : 0.1741%
Price Range %       : 0.6527%
RSI(14)            : 38.44

[TRADES / VOLUME / QUOTE VOLUME]
Number of Trades    : 895
Trades Change       : -4403
Trades Change %     : -83.1068%
Volume              : 65883.10000000
Volume Change       : -287883.50000000
Volume Change %     : -81.3767%
Quote Volume        : 30323.20195000
Quote Volume Change : -133025.74476000
Quote Volume Chg %  : -81.4365%
Quote Volume Source : binance_kline_quote_asset_volume
Taker Buy Base Vol  : 32146.50000000
Taker Buy Quote Vol : 14798.51644000
Taker Sell Quote Vol: 15524.68551000
Taker Buy Quote %   : 48.8026%

[OPEN INTEREST]
Open Interest       : 8835116.60000000
OI Change           : -16729.40000000
OI Change %         : -0.1890%
OI Value            : 4060315.57299779
OI Value Change     : -40311.64649589
OI Value Change %   : -0.9831%

[TOP ACCOUNT L/S]
Top Acco L/S Ratio  : 0.84260000
Top Acco L/S Change : -0.03640000
Top Acco Chg %      : -4.1411%
Top Acco Long %     : 45.7300
Top Acco Short %    : 54.2700

[TOP POSITION L/S]
Top Posit L/S Ratio : 1.50620000
Top Posit L/S Change: -0.00390000
Top Posit Chg %     : -0.2583%
Top Posit Long %    : 60.1000
Top Posit Short %   : 39.9000

[GLOBAL L/S]
Global L/S Ratio    : 0.75780000
Global L/S Change   : -0.02350000
Global Chg %        : -3.0078%
Global Long %       : 43.1100
Global Short %      : 56.8900

[DATA QUALITY / TIMESTAMP MATCH]
OI Match Delta Min     : 0.0
Acco Match Delta Min   : 0.0
Posit Match Delta Min  : 0.0
Global Match Delta Min : 0.0
Data Quality           : OK

====================================================================================================
تمت الطباعة: 100 شمعة. كل صف في الجدول = شمعة واحدة.
RSI للسياق فقط. القرار البنيوي يعتمد على OI → Trades/Quote → L/S → Price Acceptance.
====================================================================================================

[Program finished]
