####################################################################################################
FETCHING BINANCE FUTURES DATA ...
####################################################################################################
SYMBOL     : ESPORTSUSDT
PERIOD     : 15m
LIMIT      : 100
RSI_PERIOD : 14
PRINT MODE : CSV_STYLE
NOTE       : EACH OUTPUT ROW = ONE ACTUAL KLINE CANDLE
####################################################################################################

============================================================================================================================================
ANALYSIS-READY CANDLE DATA FOR V3.2.1 | CSV STYLE | EACH ROW = ONE 15m CANDLE
============================================================================================================================================
candle_index,time,symbol,open,high,low,close,close_change,close_change_pct,candle_body_pct,price_range_pct,rsi,number_of_trades,trades_change,trades_change_pct,volume,volume_change,volume_change_pct,quote_volume,quote_volume_change,quote_volume_change_pct,taker_buy_base_volume,taker_buy_quote_volume,taker_sell_quote_volume,taker_buy_quote_pct,oi,oi_value,oi_change,oi_change_pct,oi_value_change,oi_value_change_pct,acco_ls_ratio,acco_ls_change,acco_ls_change_pct,acco_long_pct,acco_short_pct,posit_ls_ratio,posit_ls_change,posit_ls_change_pct,posit_long_pct,posit_short_pct,global_ls_ratio,global_ls_change,global_ls_change_pct,global_long_pct,global_short_pct,quote_volume_source,oi_match_delta_min,acco_match_delta_min,posit_match_delta_min,global_match_delta_min,data_quality1,2026-06-10 20:00:00 UTC,ESPORTSUSDT,0.106770,0.109260,0.103540,0.104400,0.000000,0.000000,-2.219725,5.357310,55.526992,26586,0.000000,0.000000,9194665.000000,0.000000,0.000000,973230.575010,0.000000,0.000000,4958221.000000,525336.282280,447894.292730,53.978604,86173744.000000,9206770.924675,0.000000,0.000000,0.000000,0.000000,1.330500,0.000000,0.000000,57.090000,42.910000,1.285400,0.000000,0.000000,56.240000,43.760000,1.324000,0.000000,0.000000,56.970000,43.030000,binance_kline_quote_asset_volume,0.000000,0.000000,0.000000,0.000000,OK
2,2026-06-10 20:15:00 UTC,ESPORTSUSDT,0.104420,0.104890,0.101510,0.101640,-0.002760,-2.643678,-2.662325,3.236928,49.254517,20725,-5861,-22.045437,7065734.000000,-2128931.000000,-23.153981,729823.179120,-243407.395890,-25.010250,3454188.000000,356643.243680,373179.935440,48.867075,85906624.000000,8966643.907797,-267120.000000,-0.309978,-240127.016878,-2.608157,1.311600,-0.018900,-1.420519,56.740000,43.260000,1.274300,-0.011100,-0.863544,56.030000,43.970000,1.293100,-0.030900,-2.333837,56.390000,43.610000,binance_kline_quote_asset_volume,0.000000,0.000000,0.000000,0.000000,OK
3,2026-06-10 20:30:00 UTC,ESPORTSUSDT,0.101650,0.104610,0.101420,0.102980,0.001340,1.318379,1.308411,3.138219,52.084545,24256,3531,17.037394,9823325.000000,2757591.000000,39.027665,1010683.494550,280860.315430,38.483337,5694548.000000,585983.070260,424700.424290,57.978890,85306216.000000,8666495.634720,-600408.000000,-0.698908,-300148.273077,-3.347387,1.292500,-0.019100,-1.456237,56.380000,43.620000,1.268600,-0.005700,-0.447304,55.920000,44.080000,1.266000,-0.027100,-2.095739,55.870000,44.130000,binance_kline_quote_asset_volume,0.000000,0.000000,0.000000,0.000000,OK
4,2026-06-10 20:45:00 UTC,ESPORTSUSDT,0.102980,0.105660,0.101780,0.103920,0.000940,0.912799,0.912799,3.767722,54.021656,20850,-3406,-14.041887,7855012.000000,-1968313.000000,-20.037136,813687.001260,-196996.493290,-19.491413,3830953.000000,397306.049910,416380.951350,48.827872,85176355.000000,8757808.119957,-129861.000000,-0.152229,91312.485237,1.053626,1.298900,0.006400,0.495164,56.500000,43.500000,1.262300,-0.006300,-0.496610,55.800000,44.200000,1.295700,0.029700,2.345972,56.440000,43.560000,binance_kline_quote_asset_volume,0.000000,0.000000,0.000000,0.000000,OK
5,2026-06-10 21:00:00 UTC,ESPORTSUSDT,0.103910,0.104830,0.099090,0.099320,-0.004600,-4.426482,-4.417284,5.524011,44.533526,16808,-4042,-19.386091,7739600.000000,-115412.000000,-1.469278,790472.194030,-23214.807230,-2.853039,3338663.000000,341700.257020,448771.937010,43.227359,84954270.000000,8826832.757727,-222085.000000,-0.260736,69024.637770,0.788150,1.314800,0.015900,1.224113,56.800000,43.200000,1.257500,-0.004800,-0.380258,55.700000,44.300000,1.309500,0.013800,1.065061,56.700000,43.300000,binance_kline_quote_asset_volume,0.000000,0.000000,0.000000,0.000000,OK
6,2026-06-10 21:15:00 UTC,ESPORTSUSDT,0.099360,0.099820,0.091890,0.092110,-0.007210,-7.259364,-7.296699,7.981079,34.349938,34339,17531,104.301523,18522157.000000,10782557.000000,139.316722,1776683.697990,986211.503960,124.762327,8242821.000000,791230.335840,985453.362150,44.534114,85483480.000000,8482525.720400,529210.000000,0.622935,-344307.037327,-3.900686,1.297800,-0.017000,-1.292972,56.480000,43.520000,1.247400,-0.010100,-0.803181,55.500000,44.500000,1.294100,-0.015400,-1.176021,56.410000,43.590000,binance_kline_quote_asset_volume,0.000000,0.000000,0.000000,0.000000,OK
7,2026-06-10 21:30:00 UTC,ESPORTSUSDT,0.092130,0.094890,0.087670,0.091740,-0.000370,-0.401694,-0.423315,7.836752,33.921255,49192,14853,43.254026,25534267.000000,7012110.000000,37.857956,2308130.381760,531446.683770,29.912285,13226998.000000,1197706.085210,1110424.296550,51.890746,87266804.000000,8037272.648400,1783324.000000,2.086162,-445253.072000,-5.249062,1.298900,0.001100,0.084759,56.500000,43.500000,1.208400,-0.039000,-3.126503,54.720000,45.280000,1.256800,-0.037300,-2.882312,55.690000,44.310000,binance_kline_quote_asset_volume,0.000000,0.000000,0.000000,0.000000,OK
8,2026-06-10 21:45:00 UTC,ESPORTSUSDT,0.091740,0.095950,0.091660,0.095240,0.003500,3.815130,3.815130,4.676259,41.374545,30743,-18449,-37.504066,9700312.000000,-15833955.000000,-62.010611,911417.838650,-1396712.543110,-60.512723,5006768.000000,470065.847980,441351.990670,51.575230,86783076.000000,7970157.699840,-483728.000000,-0.554309,-67114.948560,-0.835046,1.354000,0.055100,4.242051,57.520000,42.480000,1.266800,0.058400,4.832837,55.890000,44.110000,1.313200,0.056400,4.487588,56.770000,43.230000,binance_kline_quote_asset_volume,0.000000,0.000000,0.000000,0.000000,OK
9,2026-06-10 22:00:00 UTC,ESPORTSUSDT,0.095240,0.095650,0.091500,0.092650,-0.002590,-2.719446,-2.719446,4.357413,37.962192,18964,-11779,-38.314413,7621601.000000,-2078711.000000,-21.429321,713513.051570,-197904.787080,-21.713947,3786370.000000,354504.359530,359008.692040,49.684355,86207272.000000,8210380.585280,-575804.000000,-0.663498,240222.885440,3.014029,1.362900,0.008900,0.657312,57.680000,42.320000,1.263900,-0.002900,-0.228923,55.830000,44.170000,1.321300,0.008100,0.616814,56.920000,43.080000,binance_kline_quote_asset_volume,0.000000,0.000000,0.000000,0.000000,OK
10,2026-06-10 22:15:00 UTC,ESPORTSUSDT,0.092640,0.093810,0.088560,0.088660,-0.003990,-4.306530,-4.296200,5.667098,33.393051,17265,-1699,-8.959080,8152445.000000,530844.000000,6.964993,744858.270790,31345.219220,4.393083,3663673.000000,335656.359600,409201.911190,45.063118,86559418.000000,8057160.966826,352146.000000,0.408488,-153219.618454,-1.866170,1.338100,-0.024800,-1.819649,57.230000,42.770000,1.251800,-0.012100,-0.957354,55.590000,44.410000,1.299400,-0.021900,-1.657459,56.510000,43.490000,binance_kline_quote_asset_volume,0.000000,0.000000,0.000000,0.000000,OK
11,2026-06-10 22:30:00 UTC,ESPORTSUSDT,0.088660,0.092350,0.088540,0.091840,0.003180,3.586736,3.586736,4.297316,39.629625,17330,65,0.376484,7482486.000000,-669959.000000,-8.217890,679387.268370,-65471.002420,-8.789726,4281938.000000,388776.913630,290610.354740,57.224639,86596217.000000,7678702.185970,36799.000000,0.042513,-378458.780855,-4.697173,1.359600,0.021500,1.606756,57.620000,42.380000,1.245400,-0.006400,-0.511264,55.460000,44.540000,1.320700,0.021300,1.639218,56.910000,43.090000,binance_kline_quote_asset_volume,0.000000,0.000000,0.000000,0.000000,OK
12,2026-06-10 22:45:00 UTC,ESPORTSUSDT,0.091790,0.096870,0.090510,0.094660,0.002820,3.070557,3.126702,6.928859,44.584833,21935,4605,26.572418,11264982.000000,3782496.000000,50.551327,1057141.398150,377754.129780,55.602180,5921578.000000,555841.839060,501299.559090,52.579706,86556403.000000,7922695.393985,-39814.000000,-0.045977,243993.208014,3.177532,1.378700,0.019100,1.404825,57.960000,42.040000,1.253600,0.008200,0.658423,55.630000,44.370000,1.343600,0.022900,1.733929,57.330000,42.670000,binance_kline_quote_asset_volume,0.000000,0.000000,0.000000,0.000000,OK
13,2026-06-10 23:00:00 UTC,ESPORTSUSDT,0.094670,0.097890,0.093500,0.096830,0.002170,2.292415,2.281610,4.637161,48.114086,18095,-3840,-17.506269,8498287.000000,-2766695.000000,-24.560137,811981.256010,-245160.142140,-23.190856,4815343.000000,460462.630200,351518.625810,56.708530,86930520.000000,8228843.023200,374117.000000,0.432223,306147.629215,3.864185,1.400400,0.021700,1.573946,58.340000,41.660000,1.254400,0.000800,0.063816,55.640000,44.360000,1.377600,0.034000,2.530515,57.940000,42.060000,binance_kline_quote_asset_volume,0.000000,0.000000,0.000000,0.000000,OK
14,2026-06-10 23:15:00 UTC,ESPORTSUSDT,0.096890,0.097660,0.093860,0.094230,-0.002600,-2.685118,-2.745381,3.921973,44.460442,12077,-6018,-33.257806,5249589.000000,-3248698.000000,-38.227680,503446.701380,-308534.554630,-37.997743,2401175.000000,230342.280580,273104.420800,45.753062,87300643.000000,8453821.494374,370123.000000,0.425769,224978.471174,2.734023,1.392900,-0.007500,-0.535561,58.210000,41.790000,1.257700,0.003300,0.263074,55.710000,44.290000,1.377600,0.000000,0.000000,57.940000,42.060000,binance_kline_quote_asset_volume,0.000000,0.000000,0.000000,0.000000,OK
15,2026-06-10 23:30:00 UTC,ESPORTSUSDT,0.094240,0.094510,0.090810,0.091420,-0.002810,-2.982065,-2.992360,3.926146,40.849975,17416,5339,44.207999,7795618.000000,2546029.000000,48.499587,720704.203780,217257.502400,43.154022,4022451.000000,372067.389700,348636.814080,51.625533,87446053.000000,8238292.653130,145410.000000,0.166562,-215528.841244,-2.549484,1.403800,0.010900,0.782540,58.400000,41.600000,1.248100,-0.009600,-0.763298,55.520000,44.480000,1.375900,-0.001700,-0.123403,57.910000,42.090000,binance_kline_quote_asset_volume,0.000000,0.000000,0.000000,0.000000,OK
16,2026-06-10 23:45:00 UTC,ESPORTSUSDT,0.091430,0.095950,0.090740,0.092400,0.000980,1.071975,1.060921,5.698348,42.600632,20685,3269,18.770096,10192244.000000,2396626.000000,30.743246,943797.606810,223093.403030,30.954919,5141146.000000,475439.220740,468358.386070,50.375125,87541434.000000,8006539.553640,95381.000000,0.109074,-231753.099490,-2.813121,1.421300,0.017500,1.246616,58.700000,41.300000,1.236400,-0.011700,-0.937425,55.290000,44.710000,1.382700,0.006800,0.494222,58.030000,41.970000,binance_kline_quote_asset_volume,0.000000,0.000000,0.000000,0.000000,OK
17,2026-06-11 00:00:00 UTC,ESPORTSUSDT,0.092390,0.094220,0.091300,0.093120,0.000720,0.779221,0.790129,3.160515,43.914016,15005,-5680,-27.459512,6768770.000000,-3423474.000000,-33.589011,629787.982900,-314009.623910,-33.270865,3250567.000000,302513.273600,327274.709300,48.034145,88173951.000000,8185271.636583,632517.000000,0.722534,178732.082943,2.232326,1.416600,-0.004700,-0.330683,58.620000,41.380000,1.223000,-0.013400,-1.083792,55.020000,44.980000,1.386600,0.003900,0.282057,58.100000,41.900000,binance_kline_quote_asset_volume,0.000000,0.000000,0.000000,0.000000,OK
18,2026-06-11 00:15:00 UTC,ESPORTSUSDT,0.093120,0.094390,0.091720,0.092860,-0.000260,-0.279210,-0.279210,2.867268,43.526700,13276,-1729,-11.522826,5378050.000000,-1390720.000000,-20.546126,500091.547810,-129696.435090,-20.593666,2997735.000000,278923.220460,221168.327350,55.774432,88046393.000000,8194477.796510,-127558.000000,-0.144666,9206.159927,0.112472,1.429000,0.012400,0.875335,58.830000,41.170000,1.236000,0.013000,1.062960,55.280000,44.720000,1.396900,0.010300,0.742824,58.280000,41.720000,binance_kline_quote_asset_volume,0.000000,0.000000,0.000000,0.000000,OK
19,2026-06-11 00:30:00 UTC,ESPORTSUSDT,0.092860,0.093490,0.091000,0.091250,-0.001610,-1.733793,-1.733793,2.681456,41.108819,11640,-1636,-12.322989,3866705.000000,-1511345.000000,-28.102100,355458.635450,-144632.912360,-28.921287,1579579.000000,145272.744360,210185.891090,40.869100,88256475.000000,8191966.009500,210082.000000,0.238604,-2511.787010,-0.030652,1.451600,0.022600,1.581526,59.210000,40.790000,1.249900,0.013900,1.124595,55.550000,44.450000,1.405000,0.008100,0.579855,58.420000,41.580000,binance_kline_quote_asset_volume,0.000000,0.000000,0.000000,0.000000,OK
20,2026-06-11 00:45:00 UTC,ESPORTSUSDT,0.091200,0.092950,0.090020,0.090880,-0.000370,-0.405479,-0.350877,3.212719,40.551319,11508,-132,-1.134021,5988009.000000,2121304.000000,54.860766,545924.043310,190465.407860,53.583002,3083736.000000,281132.673800,264791.369510,51.496665,88429698.000000,8066703.844859,173223.000000,0.196272,-125262.164641,-1.529086,1.468500,0.016900,1.164233,59.490000,40.510000,1.247200,-0.002700,-0.216017,55.500000,44.500000,1.426000,0.021000,1.494662,58.780000,41.220000,binance_kline_quote_asset_volume,0.000000,0.000000,0.000000,0.000000,OK
21,2026-06-11 01:00:00 UTC,ESPORTSUSDT,0.090890,0.091460,0.090000,0.091170,0.000290,0.319102,0.308065,1.606337,41.224125,7489,-4019,-34.923531,3295464.000000,-2692545.000000,-44.965614,298577.797260,-247346.246050,-45.307813,1649582.000000,149547.388070,149030.409190,50.086574,88363281.000000,8026663.308892,-66417.000000,-0.075107,-40040.535966,-0.496368,1.480200,0.011700,0.796731,59.680000,40.320000,1.255800,0.008600,0.689545,55.670000,44.330000,1.429000,0.003000,0.210379,58.830000,41.170000,binance_kline_quote_asset_volume,0.000000,0.000000,0.000000,0.000000,OK
22,2026-06-11 01:15:00 UTC,ESPORTSUSDT,0.091140,0.091960,0.090010,0.090200,-0.000970,-1.063946,-1.031380,2.139566,39.609380,8455,966,12.898918,3501435.000000,205971.000000,6.250137,318123.858190,19546.060930,6.546388,1706361.000000,155056.864040,163066.994150,48.741036,88573653.000000,8068174.051770,210372.000000,0.238076,41510.742878,0.517161,1.463700,-0.016500,-1.114714,59.410000,40.590000,1.256600,0.000800,0.063704,55.680000,44.320000,1.412000,-0.017000,-1.189643,58.540000,41.460000,binance_kline_quote_asset_volume,0.000000,0.000000,0.000000,0.000000,OK
23,2026-06-11 01:30:00 UTC,ESPORTSUSDT,0.090250,0.091510,0.086650,0.087950,-0.002250,-2.494457,-2.548476,5.385042,36.079140,11213,2758,32.619752,7550413.000000,4048978.000000,115.637674,671167.849140,353043.990950,110.976898,3056233.000000,272180.154790,398987.694350,40.553217,88655190.000000,7996698.138000,81537.000000,0.092056,-71475.913770,-0.885900,1.480800,0.017100,1.168272,59.690000,40.310000,1.254500,-0.002100,-0.167118,55.640000,44.360000,1.445000,0.033000,2.337110,59.100000,40.900000,binance_kline_quote_asset_volume,0.000000,0.000000,0.000000,0.000000,OK
24,2026-06-11 01:45:00 UTC,ESPORTSUSDT,0.087940,0.093540,0.086770,0.090150,0.002200,2.501421,2.513077,7.698431,41.563376,17111,5898,52.599661,9814196.000000,2263783.000000,29.982241,883899.439660,212731.590520,31.695736,5566801.000000,501083.434370,382816.005290,56.690095,88830086.000000,7805499.656820,174896.000000,0.197277,-191198.481180,-2.390968,1.509400,0.028600,1.931388,60.150000,39.850000,1.234800,-0.019700,-1.570347,55.250000,44.750000,1.453400,0.008400,0.581315,59.240000,40.760000,binance_kline_quote_asset_volume,0.000000,0.000000,0.000000,0.000000,OK
25,2026-06-11 02:00:00 UTC,ESPORTSUSDT,0.090140,0.091290,0.089370,0.091270,0.001120,1.242374,1.253606,2.130020,44.188658,10250,-6861,-40.097014,4646966.000000,-5167230.000000,-52.650569,419262.382240,-464637.057420,-52.566733,2346726.000000,211956.671200,207305.711040,50.554660,89365299.000000,8058962.663820,535213.000000,0.602513,253463.007000,3.247236,1.486300,-0.023100,-1.530409,59.780000,40.220000,1.249000,0.014200,1.149984,55.540000,44.460000,1.436100,-0.017300,-1.190312,58.950000,41.050000,binance_kline_quote_asset_volume,0.000000,0.000000,0.000000,0.000000,OK
26,2026-06-11 02:15:00 UTC,ESPORTSUSDT,0.091260,0.095100,0.090370,0.090860,-0.000410,-0.449217,-0.438308,5.182994,43.419656,15589,5339,52.087805,6036374.000000,1389408.000000,29.899250,555960.843510,136698.461270,32.604514,3009874.000000,277501.898870,278458.944640,49.913929,89883027.000000,8188302.413508,517728.000000,0.579339,129339.749688,1.604918,1.516400,0.030100,2.025163,60.260000,39.740000,1.868100,0.619100,49.567654,65.130000,34.870000,1.433700,-0.002400,-0.167119,58.910000,41.090000,binance_kline_quote_asset_volume,0.000000,0.000000,0.000000,0.000000,OK
27,2026-06-11 02:30:00 UTC,ESPORTSUSDT,0.090860,0.091970,0.089710,0.091700,0.000840,0.924499,0.924499,2.487343,45.511837,9054,-6535,-41.920585,3665122.000000,-2371252.000000,-39.282722,332824.735560,-223136.107950,-40.135220,1789788.000000,162586.283000,170238.452560,48.850421,89173882.000000,8102326.434177,-709145.000000,-0.788964,-85975.979331,-1.049985,1.532900,0.016500,1.088103,60.520000,39.480000,1.884300,0.016200,0.867191,65.330000,34.670000,1.463700,0.030000,2.092488,59.410000,40.590000,binance_kline_quote_asset_volume,0.000000,0.000000,0.000000,0.000000,OK
28,2026-06-11 02:45:00 UTC,ESPORTSUSDT,0.091720,0.092960,0.090720,0.090890,-0.000810,-0.883315,-0.904928,2.442215,43.828837,8399,-655,-7.234372,4325603.000000,660481.000000,18.020710,397893.109700,65068.374140,19.550342,1807713.000000,166352.828460,231540.281240,41.808422,89249812.000000,8184207.760400,75930.000000,0.085148,81881.326223,1.010590,1.530400,-0.002500,-0.163090,60.480000,39.520000,1.895500,0.011200,0.594385,65.460000,34.540000,1.460000,-0.003700,-0.252784,59.350000,40.650000,binance_kline_quote_asset_volume,0.000000,0.000000,0.000000,0.000000,OK
29,2026-06-11 03:00:00 UTC,ESPORTSUSDT,0.090880,0.092620,0.090550,0.091930,0.001040,1.144240,1.155370,2.277729,46.561266,6355,-2044,-24.336231,2481655.000000,-1843948.000000,-42.628692,227538.239040,-170354.870660,-42.814230,1296918.000000,118934.826140,108603.412900,52.270259,88937051.000000,8083488.565390,-312761.000000,-0.350433,-100719.195010,-1.230653,1.530400,0.000000,0.000000,60.480000,39.520000,1.893400,-0.002100,-0.110789,65.440000,34.560000,1.480800,0.020800,1.424658,59.690000,40.310000,binance_kline_quote_asset_volume,0.000000,0.000000,0.000000,0.000000,OK
30,2026-06-11 03:15:00 UTC,ESPORTSUSDT,0.091930,0.092110,0.090510,0.090640,-0.001290,-1.403242,-1.403242,1.740455,43.720339,5315,-1040,-16.365067,2109237.000000,-372418.000000,-15.006840,192350.154860,-35188.084180,-15.464690,973760.000000,88841.960820,103508.194040,46.187621,88853408.000000,8166271.493874,-83643.000000,-0.094047,82782.928484,1.024099,1.525300,-0.005100,-0.333246,60.400000,39.600000,1.908400,0.015000,0.792226,65.620000,34.380000,1.498800,0.018000,1.215559,59.980000,40.020000,binance_kline_quote_asset_volume,0.000000,0.000000,0.000000,0.000000,OK
31,2026-06-11 03:30:00 UTC,ESPORTSUSDT,0.090600,0.091560,0.090010,0.090980,0.000340,0.375110,0.419426,1.710817,44.678423,8145,2830,53.245532,3308418.000000,1199181.000000,56.853782,300628.425990,108278.271130,56.292271,1481159.000000,134632.668430,165995.757560,44.783745,88722335.000000,8040427.007664,-131073.000000,-0.147516,-125844.486210,-1.541027,1.533600,0.008300,0.544155,60.530000,39.470000,1.915000,0.006600,0.345839,65.690000,34.310000,1.487600,-0.011200,-0.747264,59.800000,40.200000,binance_kline_quote_asset_volume,0.000000,0.000000,0.000000,0.000000,OK
32,2026-06-11 03:45:00 UTC,ESPORTSUSDT,0.091010,0.091570,0.089150,0.089580,-0.001400,-1.538800,-1.571256,2.659048,41.542411,7789,-356,-4.370780,3257054.000000,-51364.000000,-1.552524,294280.767950,-6347.658040,-2.111463,1447605.000000,130987.417370,163293.350580,44.511036,88738088.000000,8072503.865360,15753.000000,0.017755,32076.857696,0.398945,1.520200,-0.013400,-0.873761,60.320000,39.680000,1.932600,0.017600,0.919060,65.900000,34.100000,1.488800,0.001200,0.080667,59.820000,40.180000,binance_kline_quote_asset_volume,0.000000,0.000000,0.000000,0.000000,OK
33,2026-06-11 04:00:00 UTC,ESPORTSUSDT,0.089610,0.090860,0.089000,0.089590,0.000010,0.011163,-0.022319,2.075661,41.573957,7697,-92,-1.181153,2960900.000000,-296154.000000,-9.092695,265973.271510,-28307.496440,-9.619214,1528919.000000,137575.593140,128397.678370,51.725345,88229199.000000,7900924.770450,-508889.000000,-0.573473,-171579.094910,-2.125476,1.572000,0.051800,3.407446,61.120000,38.880000,1.948200,0.015600,0.807203,66.080000,33.920000,1.518300,0.029500,1.981462,60.290000,39.710000,binance_kline_quote_asset_volume,0.000000,0.000000,0.000000,0.000000,OK
34,2026-06-11 04:15:00 UTC,ESPORTSUSDT,0.089560,0.090630,0.089020,0.090460,0.000870,0.971091,1.004913,1.797678,44.385804,6751,-946,-12.290503,2217171.000000,-743729.000000,-25.118342,198806.259510,-67167.012000,-25.253294,1279628.000000,114814.283310,83991.976200,57.751845,88342258.000000,7907236.352045,113059.000000,0.128142,6311.581595,0.079884,1.534200,-0.037800,-2.404580,60.540000,39.460000,1.955700,0.007500,0.384971,66.170000,33.830000,1.500600,-0.017700,-1.165778,60.010000,39.990000,binance_kline_quote_asset_volume,0.000000,0.000000,0.000000,0.000000,OK
35,2026-06-11 04:30:00 UTC,ESPORTSUSDT,0.090450,0.092250,0.089600,0.091970,0.001510,1.669246,1.680486,2.929795,48.975718,7449,698,10.339209,3247610.000000,1030439.000000,46.475396,294635.466110,95829.206600,48.202309,1819289.000000,165267.253590,129368.212520,56.092111,88529134.000000,7995066.091540,186876.000000,0.211536,87829.739495,1.110751,1.536100,0.001900,0.123843,60.570000,39.430000,1.945400,-0.010300,-0.526666,66.050000,33.950000,1.508200,0.007600,0.506464,60.130000,39.870000,binance_kline_quote_asset_volume,0.000000,0.000000,0.000000,0.000000,OK
36,2026-06-11 04:45:00 UTC,ESPORTSUSDT,0.092040,0.095980,0.091940,0.095810,0.003840,4.175275,4.096045,4.389396,58.382371,14288,6839,91.810981,6216851.000000,2969241.000000,91.428497,584203.947130,289568.481020,98.280253,3509346.000000,329619.308530,254584.638600,56.421958,88566146.000000,8153399.400760,37012.000000,0.041808,158333.309220,1.980388,1.518900,-0.017200,-1.119719,60.300000,39.700000,1.950700,0.005300,0.272438,66.110000,33.890000,1.496300,-0.011900,-0.789020,59.940000,40.060000,binance_kline_quote_asset_volume,0.000000,0.000000,0.000000,0.000000,OK
37,2026-06-11 05:00:00 UTC,ESPORTSUSDT,0.095810,0.096350,0.093040,0.095050,-0.000760,-0.793237,-0.793237,3.454754,56.175034,14618,330,2.309630,7842379.000000,1625528.000000,26.147128,742917.667880,158713.720750,27.167519,3243297.000000,307334.045550,435583.622330,41.368520,89019577.000000,8526295.085060,453431.000000,0.511969,372895.684300,4.573500,1.540000,0.021100,1.389163,60.630000,39.370000,1.958300,0.007600,0.389604,66.200000,33.800000,1.525300,0.029000,1.938114,60.400000,39.600000,binance_kline_quote_asset_volume,0.000000,0.000000,0.000000,0.000000,OK
38,2026-06-11 05:15:00 UTC,ESPORTSUSDT,0.095040,0.096410,0.092860,0.094080,-0.000970,-1.020516,-1.010101,3.735269,53.399984,10543,-4075,-27.876591,5076355.000000,-2766024.000000,-35.270216,479735.879910,-263181.787970,-35.425431,2178895.000000,206014.019130,273721.860780,42.943217,88646247.000000,8425394.070127,-373330.000000,-0.419380,-100901.014933,-1.183410,1.551000,0.011000,0.714286,60.800000,39.200000,1.972900,0.014600,0.745545,66.360000,33.640000,1.523300,-0.002000,-0.131122,60.370000,39.630000,binance_kline_quote_asset_volume,0.000000,0.000000,0.000000,0.000000,OK
39,2026-06-11 05:30:00 UTC,ESPORTSUSDT,0.094050,0.096640,0.093470,0.096560,0.002480,2.636054,2.668793,3.370548,58.979461,8759,-1784,-16.921180,3351895.000000,-1724460.000000,-33.970437,318639.568610,-161096.311300,-33.580209,1600864.000000,152316.900310,166322.668300,47.802255,88517817.000000,8327738.519797,-128430.000000,-0.144879,-97655.550331,-1.159062,1.556900,0.005900,0.380400,60.890000,39.110000,1.976400,0.003500,0.177404,66.400000,33.600000,1.521400,-0.001900,-0.124729,60.340000,39.660000,binance_kline_quote_asset_volume,0.000000,0.000000,0.000000,0.000000,OK
40,2026-06-11 05:45:00 UTC,ESPORTSUSDT,0.096570,0.096800,0.094810,0.095210,-0.001350,-1.398094,-1.408305,2.060681,55.111214,7493,-1266,-14.453705,2762650.000000,-589245.000000,-17.579459,264476.323140,-54163.245470,-16.998280,1170809.000000,112163.761900,152312.561240,42.409755,88963849.000000,8584907.340797,446032.000000,0.503890,257168.821000,3.088099,1.561500,0.004600,0.295459,60.960000,39.040000,1.966600,-0.009800,-0.495851,66.290000,33.710000,1.538100,0.016700,1.097673,60.600000,39.400000,binance_kline_quote_asset_volume,0.000000,0.000000,0.000000,0.000000,OK
41,2026-06-11 06:00:00 UTC,ESPORTSUSDT,0.095180,0.095600,0.092410,0.095510,0.000300,0.315093,0.346711,3.351544,55.804895,11162,3669,48.965701,5975588.000000,3212938.000000,116.299133,563364.095420,298887.772280,113.011164,2987334.000000,281931.790370,281432.305050,50.044331,89048892.000000,8478345.007320,85043.000000,0.095593,-106562.333477,-1.241275,1.584000,0.022500,1.440922,61.300000,38.700000,1.964600,-0.002000,-0.101698,66.270000,33.730000,1.558200,0.020100,1.306807,60.910000,39.090000,binance_kline_quote_asset_volume,0.000000,0.000000,0.000000,0.000000,OK
42,2026-06-11 06:15:00 UTC,ESPORTSUSDT,0.095530,0.096010,0.093160,0.093490,-0.002020,-2.114962,-2.135455,2.983356,50.181713,6828,-4334,-38.828167,3031306.000000,-2944282.000000,-49.271837,286275.936280,-277088.159140,-49.184561,1374655.000000,129903.415620,156372.520660,45.376994,89360159.000000,8533939.864580,311267.000000,0.349546,55594.857260,0.655728,1.562100,-0.021900,-1.382576,60.970000,39.030000,1.967800,0.003200,0.162883,66.310000,33.690000,1.539400,-0.018800,-1.206520,60.620000,39.380000,binance_kline_quote_asset_volume,0.000000,0.000000,0.000000,0.000000,OK
43,2026-06-11 06:30:00 UTC,ESPORTSUSDT,0.093470,0.095240,0.093090,0.094310,0.000820,0.877099,0.898684,2.300203,52.283671,9214,2386,34.944347,4459509.000000,1428203.000000,47.115105,420599.885640,134323.949360,46.921146,2470482.000000,232976.844160,187623.041480,55.391561,89510973.000000,8366590.646310,150814.000000,0.168771,-167349.218270,-1.960984,1.582000,0.019900,1.273926,61.270000,38.730000,1.952000,-0.015800,-0.802927,66.120000,33.880000,1.563400,0.024000,1.559049,60.990000,39.010000,binance_kline_quote_asset_volume,0.000000,0.000000,0.000000,0.000000,OK
44,2026-06-11 06:45:00 UTC,ESPORTSUSDT,0.094310,0.100750,0.094300,0.098160,0.003850,4.082282,4.082282,6.839147,60.673484,25468,16254,176.405470,10998438.000000,6538929.000000,146.628900,1084262.156480,663662.270840,157.789456,5334167.000000,525573.740860,558688.415620,48.472940,90265736.000000,8510752.759600,754763.000000,0.843207,144162.113290,1.723069,1.575300,-0.006700,-0.423515,61.170000,38.830000,1.941400,-0.010600,-0.543033,66.000000,34.000000,1.570700,0.007300,0.466931,61.100000,38.900000,binance_kline_quote_asset_volume,0.000000,0.000000,0.000000,0.000000,OK
45,2026-06-11 07:00:00 UTC,ESPORTSUSDT,0.098150,0.099160,0.094400,0.096250,-0.001910,-1.945803,-1.935813,4.849720,55.463352,14966,-10502,-41.236061,6780840.000000,-4217598.000000,-38.347245,655208.108410,-429054.048070,-39.571062,2904921.000000,280675.817040,374532.291370,42.837659,90733702.000000,8906420.188320,467966.000000,0.518431,395667.428720,4.649030,1.604800,0.029500,1.872659,61.610000,38.390000,1.960200,0.018800,0.968373,66.220000,33.780000,1.643400,0.072700,4.628510,62.170000,37.830000,binance_kline_quote_asset_volume,0.000000,0.000000,0.000000,0.000000,OK
46,2026-06-11 07:15:00 UTC,ESPORTSUSDT,0.096230,0.096810,0.095090,0.096020,-0.000230,-0.238961,-0.218227,1.787384,54.852515,7936,-7030,-46.973139,3306711.000000,-3474129.000000,-51.234493,317561.814980,-337646.293430,-51.532679,1493008.000000,143434.814060,174127.000920,45.167526,90620919.000000,8715781.339414,-112783.000000,-0.124301,-190638.848906,-2.140465,1.617800,0.013000,0.810070,61.800000,38.200000,1.971800,0.011600,0.591776,66.350000,33.650000,1.637100,-0.006300,-0.383352,62.080000,37.920000,binance_kline_quote_asset_volume,0.000000,0.000000,0.000000,0.000000,OK
47,2026-06-11 07:30:00 UTC,ESPORTSUSDT,0.096020,0.097460,0.094100,0.095740,-0.000280,-0.291606,-0.291606,3.499271,54.071778,11750,3814,48.059476,4537986.000000,1231275.000000,37.235640,434465.661320,116903.846340,36.812942,2299521.000000,220198.082530,214267.578790,50.682505,90878369.000000,8726140.991380,257450.000000,0.284096,10359.651966,0.118861,1.633700,0.015900,0.982816,62.030000,37.970000,1.977100,0.005300,0.268790,66.410000,33.590000,1.658200,0.021100,1.288864,62.380000,37.620000,binance_kline_quote_asset_volume,0.000000,0.000000,0.000000,0.000000,OK
48,2026-06-11 07:45:00 UTC,ESPORTSUSDT,0.095740,0.099660,0.094400,0.098730,0.002990,3.123042,3.123042,5.494046,60.532049,16546,4796,40.817021,6177707.000000,1639721.000000,36.133232,599853.346000,165387.684680,38.066917,3229741.000000,313649.906130,286203.439870,52.287765,91385280.000000,8751054.412800,506911.000000,0.557791,24913.421420,0.285503,1.637800,0.004100,0.250964,62.090000,37.910000,1.958400,-0.018700,-0.945830,66.200000,33.800000,1.656700,-0.001500,-0.090460,62.360000,37.640000,binance_kline_quote_asset_volume,0.000000,0.000000,0.000000,0.000000,OK
49,2026-06-11 08:00:00 UTC,ESPORTSUSDT,0.098750,0.103990,0.098730,0.100190,0.001460,1.478781,1.458228,5.326582,63.250310,21924,5378,32.503324,8766587.000000,2588880.000000,41.906811,882265.840740,282412.494740,47.080257,4152396.000000,417999.578210,464266.262530,47.377962,92068205.000000,9089178.509697,682925.000000,0.747303,338124.096897,3.863810,1.630200,-0.007600,-0.464037,61.980000,38.020000,1.964900,0.006500,0.331904,66.270000,33.730000,1.649000,-0.007700,-0.464779,62.250000,37.750000,binance_kline_quote_asset_volume,0.000000,0.000000,0.000000,0.000000,OK
50,2026-06-11 08:15:00 UTC,ESPORTSUSDT,0.100180,0.100710,0.096880,0.097780,-0.002410,-2.405430,-2.395688,3.823118,56.351122,11769,-10155,-46.319102,3926924.000000,-4839663.000000,-55.205783,388680.626750,-493585.213990,-55.945180,1339605.000000,132536.958980,256143.667770,34.099193,91497828.000000,9174487.213560,-570377.000000,-0.619516,85308.703863,0.938574,1.610300,-0.019900,-1.220709,61.690000,38.310000,1.990500,0.025600,1.302865,66.560000,33.440000,1.622600,-0.026400,-1.600970,61.870000,38.130000,binance_kline_quote_asset_volume,0.000000,0.000000,0.000000,0.000000,OK
51,2026-06-11 08:30:00 UTC,ESPORTSUSDT,0.097800,0.100320,0.097660,0.099830,0.002050,2.096543,2.075665,2.719836,60.316352,11456,-313,-2.659529,3932551.000000,5627.000000,0.143293,390330.280810,1649.654060,0.424424,2069161.000000,205233.584310,185096.696500,52.579468,90891543.000000,8887375.074540,-606285.000000,-0.662622,-287112.139020,-3.129463,1.624700,0.014400,0.894243,61.900000,38.100000,2.017900,0.027400,1.376539,66.860000,33.140000,1.608200,-0.014400,-0.887465,61.660000,38.340000,binance_kline_quote_asset_volume,0.000000,0.000000,0.000000,0.000000,OK
52,2026-06-11 08:45:00 UTC,ESPORTSUSDT,0.099810,0.101570,0.099200,0.099900,0.000070,0.070119,0.090171,2.374512,60.448478,7868,-3588,-31.319832,2677212.000000,-1255339.000000,-31.921747,269106.887390,-121223.393420,-31.056620,1167942.000000,117371.626840,151735.260550,43.615244,91146849.000000,9091454.302595,255306.000000,0.280891,204079.228055,2.296282,1.624000,-0.000700,-0.043085,61.890000,38.110000,2.024800,0.006900,0.341940,66.940000,33.060000,1.610300,0.002100,0.130581,61.690000,38.310000,binance_kline_quote_asset_volume,0.000000,0.000000,0.000000,0.000000,OK
53,2026-06-11 09:00:00 UTC,ESPORTSUSDT,0.099870,0.102140,0.099520,0.100650,0.000750,0.750751,0.781015,2.623410,61.911716,7469,-399,-5.071174,2501735.000000,-175477.000000,-6.554468,251877.258630,-17229.628760,-6.402522,1392797.000000,140313.651180,111563.607450,55.707154,91393715.000000,9124266.860722,246866.000000,0.270844,32812.558127,0.360916,1.617800,-0.006200,-0.381773,61.800000,38.200000,2.025600,0.000800,0.039510,66.950000,33.050000,1.611000,0.000700,0.043470,61.700000,38.300000,binance_kline_quote_asset_volume,0.000000,0.000000,0.000000,0.000000,OK
54,2026-06-11 09:15:00 UTC,ESPORTSUSDT,0.100640,0.104970,0.100530,0.101370,0.000720,0.715350,0.725358,4.411765,63.314847,12198,4729,63.315035,3932269.000000,1430534.000000,57.181676,405513.301190,153636.042560,60.996393,1967561.000000,203010.266540,202503.034650,50.062542,91512392.000000,9203646.516651,118677.000000,0.129852,79379.655929,0.869984,1.619900,0.002100,0.129806,61.830000,38.170000,2.026400,0.000800,0.039494,66.960000,33.040000,1.608900,-0.002100,-0.130354,61.670000,38.330000,binance_kline_quote_asset_volume,0.000000,0.000000,0.000000,0.000000,OK
55,2026-06-11 09:30:00 UTC,ESPORTSUSDT,0.101320,0.101860,0.099830,0.101060,-0.000310,-0.305810,-0.256613,2.003553,62.251511,6987,-5211,-42.720118,1823480.000000,-2108789.000000,-53.627791,184068.843640,-221444.457550,-54.608433,903162.000000,91195.283330,92873.560310,49.544117,91240385.000000,9238088.981250,-272007.000000,-0.297235,34442.464599,0.374226,1.641300,0.021400,1.321069,62.140000,37.860000,2.033000,0.006600,0.325701,67.030000,32.970000,1.615100,0.006200,0.385356,61.760000,38.240000,binance_kline_quote_asset_volume,0.000000,0.000000,0.000000,0.000000,OK
56,2026-06-11 09:45:00 UTC,ESPORTSUSDT,0.101030,0.101420,0.099860,0.100740,-0.000320,-0.316644,-0.287043,1.544096,61.110593,6055,-932,-13.339058,1497515.000000,-325965.000000,-17.875984,150627.318870,-33441.524770,-18.167944,680648.000000,68468.899220,82158.419650,45.455831,91368915.000000,9225424.323878,128530.000000,0.140870,-12664.657372,-0.137092,1.628100,-0.013200,-0.804241,61.950000,38.050000,2.030300,-0.002700,-0.132809,67.000000,33.000000,1.608900,-0.006200,-0.383877,61.670000,38.330000,binance_kline_quote_asset_volume,0.000000,0.000000,0.000000,0.000000,OK
57,2026-06-11 10:00:00 UTC,ESPORTSUSDT,0.100750,0.103780,0.100520,0.103210,0.002470,2.451856,2.441687,3.235732,66.252023,8064,2009,33.179191,2547451.000000,1049936.000000,70.111885,260283.734630,109656.415760,72.799819,1292252.000000,132098.491040,128185.243590,50.751727,91430348.000000,9209778.954040,61433.000000,0.067236,-15645.369838,-0.169590,1.640600,0.012500,0.767766,62.130000,37.870000,2.029100,-0.001200,-0.059105,66.990000,33.010000,1.614400,0.005500,0.341848,61.750000,38.250000,binance_kline_quote_asset_volume,0.000000,0.000000,0.000000,0.000000,OK
58,2026-06-11 10:15:00 UTC,ESPORTSUSDT,0.103220,0.103990,0.102230,0.102680,-0.000530,-0.513516,-0.523154,1.705096,64.288002,7709,-355,-4.402282,2496711.000000,-50740.000000,-1.991795,258007.259750,-2276.474880,-0.874613,1173445.000000,121434.544010,136572.715740,47.066328,91589058.000000,9446117.179310,158710.000000,0.173586,236338.225270,2.566166,1.631600,-0.009000,-0.548580,62.000000,38.000000,2.036200,0.007100,0.349909,67.060000,32.940000,1.630200,0.015800,0.978692,61.980000,38.020000,binance_kline_quote_asset_volume,0.000000,0.000000,0.000000,0.000000,OK
59,2026-06-11 10:30:00 UTC,ESPORTSUSDT,0.102720,0.103920,0.101530,0.101860,-0.000820,-0.798598,-0.837227,2.326713,61.262056,6941,-768,-9.962382,2329268.000000,-167443.000000,-6.706543,239020.203700,-18987.056050,-7.359117,1036272.000000,106530.688380,132489.515320,44.569742,91792235.000000,9425226.689800,203177.000000,0.221835,-20890.489510,-0.221154,1.645500,0.013900,0.851924,62.200000,37.800000,2.029300,-0.006900,-0.338867,66.990000,33.010000,1.635000,0.004800,0.294442,62.050000,37.950000,binance_kline_quote_asset_volume,0.000000,0.000000,0.000000,0.000000,OK
60,2026-06-11 10:45:00 UTC,ESPORTSUSDT,0.101920,0.102190,0.098390,0.100640,-0.001220,-1.197722,-1.255887,3.728414,56.965928,8867,1926,27.748163,3306174.000000,976906.000000,41.940472,330758.627320,91738.423620,38.381033,1393373.000000,139262.111020,191496.516300,42.103848,91696658.000000,9340221.583880,-95577.000000,-0.104123,-85005.105920,-0.901889,1.664500,0.019000,1.154664,62.470000,37.530000,2.030000,0.000700,0.034495,67.000000,33.000000,1.649000,0.014000,0.856269,62.250000,37.750000,binance_kline_quote_asset_volume,0.000000,0.000000,0.000000,0.000000,OK
61,2026-06-11 11:00:00 UTC,ESPORTSUSDT,0.100660,0.101620,0.099750,0.101080,0.000440,0.437202,0.417246,1.857739,58.106979,6711,-2156,-24.314875,1944694.000000,-1361480.000000,-41.179926,195896.163360,-134862.463960,-40.773680,922581.000000,92961.970810,102934.192550,47.454717,91534084.000000,9221143.622160,-162574.000000,-0.177295,-119077.961720,-1.274894,1.646200,-0.018300,-1.099429,62.210000,37.790000,2.039900,0.009900,0.487685,67.100000,32.900000,1.619900,-0.029100,-1.764706,61.830000,38.170000,binance_kline_quote_asset_volume,0.000000,0.000000,0.000000,0.000000,OK
62,2026-06-11 11:15:00 UTC,ESPORTSUSDT,0.101100,0.106940,0.100620,0.104780,0.003700,3.660467,3.639960,6.251236,66.218541,17138,10427,155.371778,7362780.000000,5418086.000000,278.608665,766647.360630,570751.197270,291.353944,3935393.000000,409348.856570,357298.504060,53.394674,91491109.000000,9249751.119900,-42975.000000,-0.046950,28607.497740,0.310238,1.653900,0.007700,0.467744,62.320000,37.680000,2.035400,-0.004500,-0.220599,67.060000,32.940000,1.624000,0.004100,0.253102,61.890000,38.110000,binance_kline_quote_asset_volume,0.000000,0.000000,0.000000,0.000000,OK
63,2026-06-11 11:30:00 UTC,ESPORTSUSDT,0.104780,0.105330,0.102220,0.102860,-0.001920,-1.832411,-1.832411,2.968124,59.752975,12833,-4305,-25.119617,3985541.000000,-3377239.000000,-45.869074,411723.459990,-354923.900640,-46.295588,1525612.000000,157502.899780,254220.560210,38.254536,91994065.000000,9632698.546150,502956.000000,0.549732,382947.426250,4.140084,1.604200,-0.049700,-3.005018,61.600000,38.400000,2.052600,0.017200,0.845043,67.240000,32.760000,1.593400,-0.030600,-1.884236,61.440000,38.560000,binance_kline_quote_asset_volume,0.000000,0.000000,0.000000,0.000000,OK
64,2026-06-11 11:45:00 UTC,ESPORTSUSDT,0.102910,0.104920,0.100850,0.104830,0.001970,1.915225,1.865708,3.954912,63.672326,15967,3134,24.421414,4303988.000000,318447.000000,7.990057,439745.564160,28022.104170,6.806050,2156178.000000,220533.125380,219212.438780,50.150165,91876560.000000,9448538.573354,-117505.000000,-0.127731,-184159.972796,-1.911821,1.633000,0.028800,1.795287,62.020000,37.980000,2.034400,-0.018200,-0.886680,67.040000,32.960000,1.618500,0.025100,1.575248,61.810000,38.190000,binance_kline_quote_asset_volume,0.000000,0.000000,0.000000,0.000000,OK
65,2026-06-11 12:00:00 UTC,ESPORTSUSDT,0.104920,0.107700,0.102790,0.105200,0.000370,0.352952,0.266870,4.679756,64.374051,21331,5364,33.594288,6038053.000000,1734065.000000,40.289727,633152.372710,193406.808550,43.981526,3197925.000000,335281.226060,297871.146650,52.954271,91711773.000000,9506117.866173,-164787.000000,-0.179357,57579.292819,0.609399,1.626100,-0.006900,-0.422535,61.920000,38.080000,2.061800,0.027400,1.346834,67.340000,32.660000,1.599400,-0.019100,-1.180105,61.530000,38.470000,binance_kline_quote_asset_volume,0.000000,0.000000,0.000000,0.000000,OK
66,2026-06-11 12:15:00 UTC,ESPORTSUSDT,0.105220,0.108620,0.103580,0.103730,-0.001470,-1.397338,-1.416081,4.789964,59.459844,12832,-8499,-39.843420,4860429.000000,-1177624.000000,-19.503373,515556.922780,-117595.449930,-18.573009,2573109.000000,273057.141570,242499.781210,52.963529,91869477.000000,9664668.980400,157704.000000,0.171956,158551.114227,1.667885,1.617800,-0.008300,-0.510424,61.800000,38.200000,2.074400,0.012600,0.611117,67.470000,32.530000,1.613000,0.013600,0.850319,61.730000,38.270000,binance_kline_quote_asset_volume,0.000000,0.000000,0.000000,0.000000,OK
67,2026-06-11 12:30:00 UTC,ESPORTSUSDT,0.103720,0.112040,0.103360,0.109150,0.005420,5.225104,5.235249,8.368685,68.889840,21209,8377,65.282107,8937258.000000,4076829.000000,83.877966,967435.822340,451878.899560,87.648692,5313590.000000,575150.115440,392285.706900,59.450984,92762879.000000,9621132.975054,893402.000000,0.972469,-43536.005346,-0.450466,1.626100,0.008300,0.513042,61.920000,38.080000,2.099500,0.025100,1.209988,67.740000,32.260000,1.631600,0.018600,1.153131,62.000000,38.000000,binance_kline_quote_asset_volume,0.000000,0.000000,0.000000,0.000000,OK
68,2026-06-11 12:45:00 UTC,ESPORTSUSDT,0.109090,0.109640,0.103510,0.104980,-0.004170,-3.820431,-3.767531,5.619213,57.758156,16930,-4279,-20.175397,6546873.000000,-2390385.000000,-26.746291,694936.382530,-272499.439810,-28.167185,2868264.000000,303387.098200,391549.284330,43.656816,93995269.000000,10217453.051879,1232390.000000,1.328538,596320.076825,6.198023,1.605500,-0.020600,-1.266835,61.620000,38.380000,2.100600,0.001100,0.052393,67.750000,32.250000,1.606900,-0.024700,-1.513851,61.640000,38.360000,binance_kline_quote_asset_volume,0.000000,0.000000,0.000000,0.000000,OK
69,2026-06-11 13:00:00 UTC,ESPORTSUSDT,0.104940,0.106890,0.103990,0.106370,0.001390,1.324062,1.362683,2.763484,60.074079,10394,-6536,-38.606025,2856259.000000,-3690614.000000,-56.372164,302028.215250,-392908.167280,-56.538725,1502550.000000,159009.721170,143018.494080,52.647307,93759350.000000,9840714.161852,-235919.000000,-0.250990,-376738.890026,-3.687209,1.619200,0.013700,0.853317,61.820000,38.180000,2.107100,0.006500,0.309435,67.820000,32.180000,1.617100,0.010200,0.634763,61.790000,38.210000,binance_kline_quote_asset_volume,0.000000,0.000000,0.000000,0.000000,OK
70,2026-06-11 13:15:00 UTC,ESPORTSUSDT,0.106370,0.110250,0.105650,0.110020,0.003650,3.431419,3.431419,4.324528,65.433302,9835,-559,-5.378103,3900187.000000,1043928.000000,36.548786,418657.484580,116629.269330,38.615356,2107224.000000,226287.012800,192370.471780,54.050631,93722266.000000,9969237.434420,-37084.000000,-0.039552,128523.272568,1.306036,1.646900,0.027700,1.710721,62.220000,37.780000,2.121900,0.014800,0.702387,67.970000,32.030000,1.639200,0.022100,1.366644,62.110000,37.890000,binance_kline_quote_asset_volume,0.000000,0.000000,0.000000,0.000000,OK
71,2026-06-11 13:30:00 UTC,ESPORTSUSDT,0.110020,0.111400,0.108490,0.110000,-0.000020,-0.018179,-0.018179,2.644974,65.381515,17945,8110,82.460600,5536205.000000,1636018.000000,41.947168,607685.627990,189028.143410,45.151024,2735146.000000,300461.069650,307224.558340,49.443504,94300079.000000,10377723.693950,577813.000000,0.616516,408486.259530,4.097467,1.599400,-0.047500,-2.884207,61.530000,38.470000,2.126700,0.004800,0.226212,68.020000,31.980000,1.599400,-0.039800,-2.428014,61.530000,38.470000,binance_kline_quote_asset_volume,0.000000,0.000000,0.000000,0.000000,OK
72,2026-06-11 13:45:00 UTC,ESPORTSUSDT,0.110000,0.110440,0.106260,0.106600,-0.003400,-3.090909,-3.090909,3.800000,57.106912,10056,-7889,-43.962106,3238804.000000,-2297401.000000,-41.497759,350142.838750,-257542.789240,-42.380925,1428120.000000,154536.169140,195606.669610,44.135179,94413763.000000,10378904.966590,113684.000000,0.120556,1181.272640,0.011383,1.617100,0.017700,1.106665,61.790000,38.210000,2.134900,0.008200,0.385574,68.100000,31.900000,1.628100,0.028700,1.794423,61.950000,38.050000,binance_kline_quote_asset_volume,0.000000,0.000000,0.000000,0.000000,OK
73,2026-06-11 14:00:00 UTC,ESPORTSUSDT,0.106560,0.109980,0.106450,0.109460,0.002860,2.682927,2.721471,3.312688,61.518692,9717,-339,-3.371122,2731354.000000,-507450.000000,-15.667821,295705.196210,-54437.642540,-15.547267,1504319.000000,162996.620730,132708.575480,55.121324,94198240.000000,10031773.446336,-215523.000000,-0.228275,-347131.520254,-3.344587,1.636400,0.019300,1.193495,62.070000,37.930000,2.145800,0.010900,0.510563,68.210000,31.790000,1.637100,0.009000,0.552792,62.080000,37.920000,binance_kline_quote_asset_volume,0.000000,0.000000,0.000000,0.000000,OK
74,2026-06-11 14:15:00 UTC,ESPORTSUSDT,0.109460,0.110990,0.107850,0.109490,0.000030,0.027407,0.027407,2.868628,61.563351,9575,-142,-1.461356,3012674.000000,281320.000000,10.299654,330558.746020,34853.549810,11.786587,1348996.000000,148258.729060,182300.016960,44.850947,94226682.000000,10301940.714016,28442.000000,0.030194,270167.267680,2.693116,1.639900,0.003500,0.213884,62.120000,37.880000,2.148900,0.003100,0.144468,68.240000,31.760000,1.614400,-0.022700,-1.386598,61.750000,38.250000,binance_kline_quote_asset_volume,0.000000,0.000000,0.000000,0.000000,OK
75,2026-06-11 14:30:00 UTC,ESPORTSUSDT,0.109440,0.114770,0.108220,0.113290,0.003800,3.470637,3.517909,5.985015,66.816621,17434,7859,82.078329,6884535.000000,3871861.000000,128.519083,768071.205970,437512.459950,132.355433,3528175.000000,394084.589630,373986.616340,51.308340,94375548.000000,10321853.684760,148866.000000,0.157987,19912.970744,0.193293,1.645500,0.005600,0.341484,62.200000,37.800000,2.142700,-0.006200,-0.288520,68.180000,31.820000,1.624000,0.009600,0.594648,61.890000,38.110000,binance_kline_quote_asset_volume,0.000000,0.000000,0.000000,0.000000,OK
76,2026-06-11 14:45:00 UTC,ESPORTSUSDT,0.113380,0.125000,0.113040,0.124860,0.011570,10.212728,10.125243,10.548598,77.085598,48163,30729,176.259034,19276741.000000,12392206.000000,180.000625,2305615.406040,1537544.200070,200.182508,11050981.000000,1318946.317160,986669.088880,57.205825,94677709.000000,10685353.694276,302161.000000,0.320169,363500.009516,3.521654,1.613700,-0.031800,-1.932543,61.740000,38.260000,2.151800,0.009100,0.424698,68.270000,31.730000,1.604800,-0.019200,-1.182266,61.610000,38.390000,binance_kline_quote_asset_volume,0.000000,0.000000,0.000000,0.000000,OK
77,2026-06-11 15:00:00 UTC,ESPORTSUSDT,0.124870,0.130000,0.121110,0.124370,-0.000490,-0.392440,-0.400416,7.119404,76.012744,77115,28952,60.112535,21471545.000000,2194804.000000,11.385763,2709137.148830,403521.742790,17.501694,9805485.000000,1238304.790060,1470832.358770,45.708457,95887428.000000,11958839.342716,1209719.000000,1.277723,1273485.648440,11.918049,1.536100,-0.077600,-4.808824,60.570000,39.430000,2.082400,-0.069400,-3.225207,67.560000,32.440000,1.569400,-0.035400,-2.205882,61.080000,38.920000,binance_kline_quote_asset_volume,0.000000,0.000000,0.000000,0.000000,OK
78,2026-06-11 15:15:00 UTC,ESPORTSUSDT,0.124260,0.132940,0.123000,0.128950,0.004580,3.682560,3.774344,7.999356,78.960292,52602,-24513,-31.787590,12086134.000000,-9385411.000000,-43.710925,1552343.949670,-1156793.199160,-42.699691,6543927.000000,840281.351570,712062.598100,54.129844,94499038.000000,11741740.774105,-1388390.000000,-1.447937,-217098.568611,-1.815382,1.531000,-0.005100,-0.332010,60.490000,39.510000,2.110000,0.027600,1.325394,67.850000,32.150000,1.554300,-0.015100,-0.962151,60.850000,39.150000,binance_kline_quote_asset_volume,0.000000,0.000000,0.000000,0.000000,OK
79,2026-06-11 15:30:00 UTC,ESPORTSUSDT,0.128950,0.131930,0.127320,0.128190,-0.000760,-0.589376,-0.589376,3.575029,77.263658,31071,-21531,-40.931904,8119348.000000,-3966786.000000,-32.820967,1052142.879960,-500201.069710,-32.222309,3379329.000000,438381.179450,613761.700510,41.665556,94840743.000000,12233507.439570,341705.000000,0.361596,491766.665465,4.188192,1.513200,-0.017800,-1.162639,60.210000,39.790000,2.111900,0.001900,0.090047,67.870000,32.130000,1.556200,0.001900,0.122242,60.880000,39.120000,binance_kline_quote_asset_volume,0.000000,0.000000,0.000000,0.000000,OK
80,2026-06-11 15:45:00 UTC,ESPORTSUSDT,0.128230,0.130790,0.125290,0.127520,-0.000670,-0.522662,-0.553693,4.289168,75.719006,27257,-3814,-12.275112,6949761.000000,-1169587.000000,-14.404937,890612.007280,-161530.872680,-15.352561,3508172.000000,450405.502990,440206.504290,50.572584,94541602.000000,12103280.176329,-299141.000000,-0.315414,-130227.263241,-1.064513,1.496900,-0.016300,-1.077187,59.950000,40.050000,2.091300,-0.020600,-0.975425,67.650000,32.350000,1.540000,-0.016200,-1.040997,60.630000,39.370000,binance_kline_quote_asset_volume,0.000000,0.000000,0.000000,0.000000,OK
81,2026-06-11 16:00:00 UTC,ESPORTSUSDT,0.127350,0.128650,0.118590,0.119560,-0.007960,-6.242158,-6.117000,7.899490,60.296067,43879,16622,60.982500,11164987.000000,4215226.000000,60.652820,1371224.921400,480612.914120,53.964343,5036959.000000,618597.897090,752627.024310,45.112796,94720652.000000,12062675.032200,179050.000000,0.189388,-40605.144129,-0.335489,1.506300,0.009400,0.627964,60.100000,39.900000,2.085100,-0.006200,-0.296466,67.590000,32.410000,1.538100,-0.001900,-0.123377,60.600000,39.400000,binance_kline_quote_asset_volume,0.000000,0.000000,0.000000,0.000000,OK
82,2026-06-11 16:15:00 UTC,ESPORTSUSDT,0.119590,0.124980,0.118740,0.124110,0.004550,3.805621,3.779580,5.217828,64.719686,28610,-15269,-34.797967,7331270.000000,-3833717.000000,-34.336959,896896.658810,-474328.262590,-34.591572,4169107.000000,509471.371460,387425.287350,56.803799,94351035.000000,11266271.217811,-369617.000000,-0.390218,-796403.814389,-6.602216,1.549100,0.042800,2.841399,60.770000,39.230000,2.100600,0.015500,0.743370,67.750000,32.250000,1.532900,-0.005200,-0.338079,60.520000,39.480000,binance_kline_quote_asset_volume,0.000000,0.000000,0.000000,0.000000,OK
83,2026-06-11 16:30:00 UTC,ESPORTSUSDT,0.124100,0.138470,0.123690,0.137210,0.013100,10.555153,10.564061,11.909750,73.778111,67012,38402,134.225795,19072289.000000,11741019.000000,160.149865,2553758.674300,1656862.015490,184.732767,10678523.000000,1425242.746960,1128515.927340,55.809610,94167203.000000,11699333.300720,-183832.000000,-0.194838,433062.082909,3.843881,1.527800,-0.021300,-1.374992,60.440000,39.560000,2.107300,0.006700,0.318956,67.820000,32.180000,1.535500,0.002600,0.169613,60.560000,39.440000,binance_kline_quote_asset_volume,0.000000,0.000000,0.000000,0.000000,OK
84,2026-06-11 16:45:00 UTC,ESPORTSUSDT,0.137210,0.138760,0.132540,0.132570,-0.004640,-3.381678,-3.381678,4.533197,67.196969,43785,-23227,-34.660956,11087239.000000,-7985050.000000,-41.867287,1508943.407700,-1044815.266600,-40.912843,5239473.000000,713716.518450,795226.889250,47.299091,94303912.000000,12894798.179657,136709.000000,0.145177,1195464.878937,10.218231,1.525300,-0.002500,-0.163634,60.400000,39.600000,2.090900,-0.016400,-0.778247,67.650000,32.350000,1.530400,-0.005100,-0.332139,60.480000,39.520000,binance_kline_quote_asset_volume,0.000000,0.000000,0.000000,0.000000,OK
85,2026-06-11 17:00:00 UTC,ESPORTSUSDT,0.132630,0.138480,0.130880,0.138040,0.005470,4.126122,4.079017,5.730227,70.533922,41390,-2395,-5.469910,18974823.000000,7887584.000000,71.141102,2574015.577180,1065072.169480,70.583970,9833327.000000,1333581.120450,1240434.456730,51.809365,93996547.000000,12461122.235790,-307365.000000,-0.325930,-433675.943867,-3.363185,1.540000,0.014700,0.963745,60.630000,39.370000,2.093000,0.002100,0.100435,67.670000,32.330000,1.556900,0.026500,1.731573,60.890000,39.110000,binance_kline_quote_asset_volume,0.000000,0.000000,0.000000,0.000000,OK
86,2026-06-11 17:15:00 UTC,ESPORTSUSDT,0.138030,0.155990,0.136840,0.154920,0.016880,12.228340,12.236470,13.873796,77.978664,75685,34295,82.858178,20458341.000000,1483518.000000,7.818350,3013537.252360,439521.675180,17.075331,11651512.000000,1715050.123180,1298487.129180,56.911529,94739126.000000,13075894.170520,742579.000000,0.790007,614771.934730,4.933520,1.510700,-0.029300,-1.902597,60.170000,39.830000,2.128100,0.035100,1.677019,68.030000,31.970000,1.536800,-0.020100,-1.291027,60.580000,39.420000,binance_kline_quote_asset_volume,0.000000,0.000000,0.000000,0.000000,OK
87,2026-06-11 17:30:00 UTC,ESPORTSUSDT,0.154860,0.161280,0.150600,0.156010,0.001090,0.703589,0.742606,6.896552,78.358893,96309,20624,27.249785,22474135.000000,2015794.000000,9.853165,3525028.676530,511491.424170,16.973124,10558807.000000,1657308.199460,1867720.477070,47.015453,94543243.000000,14637314.405503,-195883.000000,-0.206760,1561420.234983,11.941212,1.412000,-0.098700,-6.533395,58.540000,41.460000,2.109900,-0.018200,-0.855223,67.840000,32.160000,1.506300,-0.030500,-1.984643,60.100000,39.900000,binance_kline_quote_asset_volume,0.000000,0.000000,0.000000,0.000000,OK
88,2026-06-11 17:45:00 UTC,ESPORTSUSDT,0.156050,0.169600,0.156000,0.166660,0.010650,6.826485,6.799103,8.715155,81.686169,91644,-4665,-4.843784,18480150.000000,-3993985.000000,-17.771474,3016681.994990,-508346.681540,-14.421065,9482195.000000,1549518.289450,1467163.705540,51.364986,93613058.000000,14605905.292395,-930185.000000,-0.983873,-31409.113108,-0.214582,1.408500,-0.003500,-0.247875,58.480000,41.520000,2.122800,0.012900,0.611403,67.980000,32.020000,1.489400,-0.016900,-1.121954,59.830000,40.170000,binance_kline_quote_asset_volume,0.000000,0.000000,0.000000,0.000000,OK
89,2026-06-11 18:00:00 UTC,ESPORTSUSDT,0.166630,0.169900,0.156230,0.165580,-0.001080,-0.648026,-0.630139,8.203805,80.337252,118073,26429,28.838767,21034231.000000,2554081.000000,13.820672,3444061.345410,427379.350420,14.167199,10738200.000000,1759510.933960,1684550.411450,51.088258,94346257.000000,15702991.015080,733199.000000,0.783223,1097085.722685,7.511248,1.391200,-0.017300,-1.228257,58.180000,41.820000,2.088500,-0.034300,-1.615790,67.620000,32.380000,1.505600,0.016200,1.087686,60.090000,39.910000,binance_kline_quote_asset_volume,0.000000,0.000000,0.000000,0.000000,OK
90,2026-06-11 18:15:00 UTC,ESPORTSUSDT,0.165580,0.172950,0.161380,0.165320,-0.000260,-0.157024,-0.157024,6.987559,79.994774,87928,-30145,-25.530816,14579136.000000,-6455095.000000,-30.688524,2434691.616220,-1009369.729190,-29.307542,7228771.000000,1208282.830590,1226408.785630,49.627757,94682581.000000,15677541.761980,336324.000000,0.356478,-25449.253100,-0.162066,1.381000,-0.010200,-0.733180,58.000000,42.000000,2.028100,-0.060400,-2.892028,66.980000,33.020000,1.493100,-0.012500,-0.830234,59.890000,40.110000,binance_kline_quote_asset_volume,0.000000,0.000000,0.000000,0.000000,OK91,2026-06-11 18:30:00 UTC,ESPORTSUSDT,0.165230,0.167710,0.160800,0.167540,0.002220,1.342850,1.398051,4.182049,80.749388,48101,-39827,-45.295014,7067398.000000,-7511738.000000,-51.523890,1162938.474090,-1271753.142130,-52.234670,3312766.000000,545814.053510,617124.420580,46.934044,94404134.000000,15566003.114362,-278447.000000,-0.294085,-111538.647618,-0.711455,1.365200,-0.015800,-1.144098,57.720000,42.280000,2.019700,-0.008400,-0.414181,66.880000,33.120000,1.480800,-0.012300,-0.823789,59.690000,40.310000,binance_kline_quote_asset_volume,0.000000,0.000000,0.000000,0.000000,OK
92,2026-06-11 18:45:00 UTC,ESPORTSUSDT,0.167550,0.177690,0.166760,0.175050,0.007510,4.482512,4.476276,6.523426,83.075207,67252,19151,39.814141,11382725.000000,4315327.000000,61.059629,1976755.113230,813816.639140,69.979337,5827689.000000,1012669.212200,964085.901030,51.228865,94383466.000000,15811723.222337,-20668.000000,-0.021893,245720.107975,1.578569,1.337000,-0.028200,-2.065631,57.210000,42.790000,2.009900,-0.009800,-0.485221,66.780000,33.220000,1.457000,-0.023800,-1.607239,59.300000,40.700000,binance_kline_quote_asset_volume,0.000000,0.000000,0.000000,0.000000,OK
93,2026-06-11 19:00:00 UTC,ESPORTSUSDT,0.175050,0.190260,0.173510,0.185240,0.010190,5.821194,5.821194,9.568695,85.614811,84713,17461,25.963540,17456791.000000,6074066.000000,53.362143,3181579.977660,1204824.864430,60.949627,9191777.000000,1677641.792810,1503938.184850,52.729832,93993375.000000,16466699.366250,-390091.000000,-0.413304,654976.143913,4.142345,1.320200,-0.016800,-1.256545,56.900000,43.100000,2.013800,0.003900,0.194040,66.820000,33.180000,1.466100,0.009100,0.624571,59.450000,40.550000,binance_kline_quote_asset_volume,0.000000,0.000000,0.000000,0.000000,OK
94,2026-06-11 19:15:00 UTC,ESPORTSUSDT,0.185250,0.188000,0.163400,0.179650,-0.005590,-3.017707,-3.022942,13.279352,78.643304,133394,48681,57.465796,23523669.000000,6066878.000000,34.753684,4142714.444190,961134.466530,30.209345,11439594.000000,2015524.762880,2127189.681310,48.652274,94144244.000000,17391640.888211,150869.000000,0.160510,924941.521961,5.617043,1.318000,-0.002200,-0.166641,56.860000,43.140000,2.007200,-0.006600,-0.327739,66.750000,33.250000,1.471600,0.005500,0.375145,59.540000,40.460000,binance_kline_quote_asset_volume,0.000000,0.000000,0.000000,0.000000,OK
95,2026-06-11 19:30:00 UTC,ESPORTSUSDT,0.179750,0.186410,0.175300,0.185710,0.006060,3.373226,3.315716,6.180807,80.497336,93788,-39606,-29.690991,12607681.000000,-10915988.000000,-46.404275,2287298.010530,-1855416.433660,-44.787457,6418699.000000,1165860.592400,1121437.418130,50.971084,93010818.000000,16724025.915588,-1133426.000000,-1.203925,-667614.972623,-3.838712,1.308900,-0.009100,-0.690440,56.690000,43.310000,2.029500,0.022300,1.111000,66.990000,33.010000,1.452800,-0.018800,-1.277521,59.230000,40.770000,binance_kline_quote_asset_volume,0.000000,0.000000,0.000000,0.000000,OK96,2026-06-11 19:45:00 UTC,ESPORTSUSDT,0.185710,0.194710,0.177210,0.182370,-0.003340,-1.798503,-1.798503,9.423294,76.552741,108944,15156,16.159850,16963697.000000,4356016.000000,34.550493,3142900.322950,855602.312420,37.406683,8346217.000000,1547926.967550,1594973.355400,49.251545,93182843.000000,17254875.767878,172025.000000,0.184952,530849.852291,3.174175,1.292000,-0.016900,-1.291161,56.370000,43.630000,2.007400,-0.022100,-1.088938,66.750000,33.250000,1.437200,-0.015600,-1.073789,58.970000,41.030000,binance_kline_quote_asset_volume,0.000000,0.000000,0.000000,0.000000,OK
97,2026-06-11 20:00:00 UTC,ESPORTSUSDT,0.182420,0.193820,0.182140,0.191390,0.009020,4.945989,4.917224,6.402807,79.477534,78592,-30352,-27.860185,11291239.000000,-5672458.000000,-33.438808,2130431.024400,-1012469.298550,-32.214490,5824814.000000,1099649.320590,1030781.703810,51.616284,93509568.000000,17087938.456320,326725.000000,0.350628,-166937.311558,-0.967479,1.327200,0.035200,2.724458,57.030000,42.970000,1.981800,-0.025600,-1.275281,66.460000,33.540000,1.475900,0.038700,2.692736,59.610000,40.390000,binance_kline_quote_asset_volume,0.000000,0.000000,0.000000,0.000000,OK
98,2026-06-11 20:15:00 UTC,ESPORTSUSDT,0.191380,0.194910,0.177000,0.186840,-0.004550,-2.377345,-2.372244,9.358345,74.433685,85780,7188,9.145969,14132302.000000,2841063.000000,25.161659,2636773.806050,506342.781650,23.767152,6325898.000000,1182839.294560,1453934.511490,44.859339,93337961.000000,17877560.097124,-171607.000000,-0.183518,789621.640804,4.620930,1.340800,0.013600,1.024714,57.280000,42.720000,1.985500,0.003700,0.186699,66.500000,33.500000,1.488800,0.012900,0.874043,59.820000,40.180000,binance_kline_quote_asset_volume,0.000000,0.000000,0.000000,0.000000,OK
99,2026-06-11 20:30:00 UTC,ESPORTSUSDT,0.186840,0.191370,0.184690,0.190710,0.003870,2.071291,2.071291,3.575252,75.838215,47386,-38394,-44.758685,5866172.000000,-8266130.000000,-58.491037,1104472.362010,-1532301.444040,-58.112738,2932117.000000,552830.623640,551641.738370,50.053821,92559403.000000,17269733.411740,-778558.000000,-0.834128,-607826.685384,-3.399942,1.337000,-0.003800,-0.283413,57.210000,42.790000,1.993200,0.007700,0.387812,66.590000,33.410000,1.478900,-0.009900,-0.664965,59.660000,40.340000,binance_kline_quote_asset_volume,0.000000,0.000000,0.000000,0.000000,OK
100,2026-06-11 20:45:00 UTC,ESPORTSUSDT,0.190700,0.197430,0.188010,0.195020,0.004310,2.259976,2.265338,4.939696,77.331803,62533,15147,31.965137,8912286.000000,3046114.000000,51.926776,1716122.039330,611649.677320,55.379356,4644117.000000,895112.631790,821009.407540,52.159031,92687329.000000,17661080.224980,127926.000000,0.138210,391346.813240,2.266085,1.323400,-0.013600,-1.017203,56.960000,43.040000,1.987900,-0.005300,-0.265904,66.530000,33.470000,1.460600,-0.018300,-1.237406,59.360000,40.640000,binance_kline_quote_asset_volume,0.000000,0.000000,0.000000,0.000000,OK

==================================================================================================================================LAST CANDLE SNAPSHOT — FULL DATA NEEDED FOR V3.2.1
==================================================================================================================================Candle Index        : 100
Time                : 2026-06-11 20:45:00 UTC
Close Time          : 2026-06-11 20:59:59 UTC
Symbol              : ESPORTSUSDT

[PRICE / RSI]
Open                : 0.19070000
High                : 0.19743000
Low                 : 0.18801000
Close               : 0.19502000
Close Change        : 0.00431000
Close Change %      : 2.2600%
Candle Body %       : 2.2653%
Price Range %       : 4.9397%
RSI(14)            : 77.33

[TRADES / VOLUME / QUOTE VOLUME]
Number of Trades    : 62533
Trades Change       : 15147
Trades Change %     : 31.9651%
Volume              : 8912286.00000000
Volume Change       : 3046114.00000000
Volume Change %     : 51.9268%
Quote Volume        : 1716122.03933000
Quote Volume Change : 611649.67732000
Quote Volume Chg %  : 55.3794%
Quote Volume Source : binance_kline_quote_asset_volume
Taker Buy Base Vol  : 4644117.00000000
Taker Buy Quote Vol : 895112.63179000
Taker Sell Quote Vol: 821009.40754000
Taker Buy Quote %   : 52.1590%

[OPEN INTEREST]
Open Interest       : 92687329.00000000
OI Change           : 127926.00000000
OI Change %         : 0.1382%
OI Value            : 17661080.22497959
OI Value Change     : 391346.81323959
OI Value Change %   : 2.2661%

[TOP ACCOUNT L/S]
Top Acco L/S Ratio  : 1.32340000
Top Acco L/S Change : -0.01360000
Top Acco Chg %      : -1.0172%
Top Acco Long %     : 56.9600
Top Acco Short %    : 43.0400

[TOP POSITION L/S]
Top Posit L/S Ratio : 1.98790000
Top Posit L/S Change: -0.00530000
Top Posit Chg %     : -0.2659%
Top Posit Long %    : 66.5300
Top Posit Short %   : 33.4700

[GLOBAL L/S]
Global L/S Ratio    : 1.46060000
Global L/S Change   : -0.01830000
Global Chg %        : -1.2374%
Global Long %       : 59.3600
Global Short %      : 40.6400

[DATA QUALITY / TIMESTAMP MATCH]
OI Match Delta Min     : 0.0
Acco Match Delta Min   : 0.0
Posit Match Delta Min  : 0.0
Global Match Delta Min : 0.0
Data Quality           : OK

====================================================================================================
تمت الطباعة: 100 شمعة. كل صف في الجدول = شمعة واحدة.
RSI للسياق فقط. القرار البنيوي يعتمد على OI → Trades/Quote → L/S → Price Acceptance.
====================================================================================================

[Program finished]
