####################################################################################################
FETCHING BINANCE FUTURES DATA ...
####################################################################################################
SYMBOL     : 1000000BOBUSDT
PERIOD     : 15m
LIMIT      : 100
RSI_PERIOD : 14

========================================================================================================================================================================================================================================================================================================================================================================
BINANCE FUTURES MERGED DATA (L.S + OI + RSI + TRADES) | ROW = ONE CANDLE
========================================================================================================================================================================================================================================================================================================================================================================
Time                  Symbol      Close         RSI       Trades      OI              OI Chg        OI Chg %    Acco L/S    Acco Chg    Acco Chg%   Acco L%     Acco S%     Posit L/S   Posit Chg   Posit Chg%  Posit L%    Posit S%    Global L/S  Global Chg  Global Chg% Global L%   Global S%
------------------------------------------------------------------------------------------------------------------------------------------------------------------------------------------------------------------------------------------------------------------------------------------------------------------------------------------------------------------------
2026-05-02 13:15:00 UTC1000000BOBUSDT0.012680      49.12     103         60992860.000000 0.000000      0.00        6.137800    0.000000    0.00        85.99       14.01       1.570500    0.000000    0.00        61.10       38.90       6.418400    0.000000    0.00        86.52       13.48
2026-05-02 13:30:00 UTC1000000BOBUSDT0.012650      46.49     138         61025275.000000 32415.000000  0.05        6.107300    -0.030500   -0.50       85.93       14.07       1.569300    -0.001200   -0.08       61.08       38.92       6.446000    0.027600    0.43        86.57       13.43
2026-05-02 13:45:00 UTC1000000BOBUSDT0.012640      45.61     74          61040100.000000 14825.000000  0.02        6.194200    0.086900    1.42        86.10       13.90       1.568900    -0.000400   -0.03       61.07       38.93       6.570000    0.124000    1.92        86.79       13.21
2026-05-02 14:00:00 UTC1000000BOBUSDT0.012660      47.74     210         61027684.000000 -12416.000000 -0.02       6.199400    0.005200    0.08        86.11       13.89       1.569300    0.000400    0.03        61.08       38.92       6.593000    0.023000    0.35        86.83       13.17
2026-05-02 14:15:00 UTC1000000BOBUSDT0.012750      56.06     250         60994744.000000 -32940.000000 -0.05       6.241100    0.041700    0.67        86.19       13.81       1.567900    -0.001400   -0.09       61.06       38.94       6.616100    0.023100    0.35        86.87       13.13
2026-05-02 14:30:00 UTC1000000BOBUSDT0.012760      56.88     308         61029836.000000 35092.000000  0.06        6.230700    -0.010400   -0.17       86.17       13.83       1.566400    -0.001500   -0.10       61.04       38.96       6.541500    -0.074600   -1.13       86.74       13.26
2026-05-02 14:45:00 UTC1000000BOBUSDT0.012790      59.34     186         61118196.000000 88360.000000  0.14        6.230700    0.000000    0.00        86.17       13.83       1.564800    -0.001600   -0.10       61.01       38.99       6.513100    -0.028400   -0.43       86.69       13.31
2026-05-02 15:00:00 UTC1000000BOBUSDT0.012790      59.34     252         61214488.000000 96292.000000  0.16        6.168500    -0.062200   -1.00       86.05       13.95       1.562300    -0.002500   -0.16       60.97       39.03       6.457100    -0.056000   -0.86       86.59       13.41
2026-05-02 15:15:00 UTC1000000BOBUSDT0.012800      60.22     148         61178476.000000 -36012.000000 -0.06       6.215000    0.046500    0.75        86.14       13.86       1.561000    -0.001300   -0.08       60.95       39.05       6.490600    0.033500    0.52        86.65       13.35
2026-05-02 15:30:00 UTC1000000BOBUSDT0.012820      61.98     112         61159107.000000 -19369.000000 -0.03       6.153100    -0.061900   -1.00       86.02       13.98       1.559400    -0.001600   -0.10       60.93       39.07       6.468300    -0.022300   -0.34       86.61       13.39
2026-05-02 15:45:00 UTC1000000BOBUSDT0.012870      66.04     169         61161763.000000 2656.000000   0.00        6.178800    0.025700    0.42        86.07       13.93       1.557200    -0.002200   -0.14       60.89       39.11       6.524500    0.056200    0.87        86.71       13.29
2026-05-02 16:00:00 UTC1000000BOBUSDT0.012920      69.54     355         61178253.000000 16490.000000  0.03        6.183900    0.005100    0.08        86.08       13.92       1.544800    -0.012400   -0.80       60.70       39.30       6.507500    -0.017000   -0.26       86.68       13.32
2026-05-02 16:15:00 UTC1000000BOBUSDT0.012960      72.02     248         61150159.000000 -28094.000000 -0.05       6.230700    0.046800    0.76        86.17       13.83       1.537100    -0.007700   -0.50       60.59       39.41       6.501900    -0.005600   -0.09       86.67       13.33
2026-05-02 16:30:00 UTC1000000BOBUSDT0.012870      60.14     4624        61233870.000000 83711.000000  0.14        6.225400    -0.005300   -0.09       86.16       13.84       1.536200    -0.000900   -0.06       60.57       39.43       6.485000    -0.016900   -0.26       86.64       13.36
2026-05-02 16:45:00 UTC1000000BOBUSDT0.012850      57.85     385         60868845.000000 -365025.000000-0.60       6.256900    0.031500    0.51        86.22       13.78       1.521200    -0.015000   -0.98       60.34       39.66       6.446000    -0.039000   -0.60       86.57       13.43
2026-05-02 17:00:00 UTC1000000BOBUSDT0.012870      59.51     426         60794671.000000 -74174.000000 -0.12       6.326000    0.069100    1.10        86.35       13.65       1.524000    0.002800    0.18        60.38       39.62       6.468300    0.022300    0.35        86.61       13.39
2026-05-02 17:15:00 UTC1000000BOBUSDT0.012890      61.15     253         60402987.000000 -391684.000000-0.64       6.342100    0.016100    0.25        86.38       13.62       1.540200    0.016200    1.06        60.63       39.37       6.547200    0.078900    1.22        86.75       13.25
2026-05-02 17:30:00 UTC1000000BOBUSDT0.012840      55.13     219         60460059.000000 57072.000000  0.09        6.256900    -0.085200   -1.34       86.22       13.78       1.541400    0.001200    0.08        60.65       39.35       6.496300    -0.050900   -0.78       86.66       13.34
2026-05-02 17:45:00 UTC1000000BOBUSDT0.012830      53.98     202         60500178.000000 40119.000000  0.07        6.230700    -0.026200   -0.42       86.17       13.83       1.537900    -0.003500   -0.23       60.60       39.40       6.518800    0.022500    0.35        86.70       13.30
2026-05-02 18:00:00 UTC1000000BOBUSDT0.012810      51.67     291         60458505.000000 -41673.000000 -0.07       6.293900    0.063200    1.01        86.29       13.71       1.537100    -0.000800   -0.05       60.58       39.42       6.558600    0.039800    0.61        86.77       13.23
2026-05-02 18:15:00 UTC1000000BOBUSDT0.012800      50.50     127         60379557.000000 -78948.000000 -0.13       6.331400    0.037500    0.60        86.36       13.64       1.534300    -0.002800   -0.18       60.54       39.46       6.530100    -0.028500   -0.43       86.72       13.28
2026-05-02 18:30:00 UTC1000000BOBUSDT0.012770      47.07     134         60399441.000000 19884.000000  0.03        6.299300    -0.032100   -0.51       86.30       13.70       1.536400    0.002100    0.14        60.57       39.43       6.524500    -0.005600   -0.09       86.71       13.29
2026-05-02 18:45:00 UTC1000000BOBUSDT0.012810      51.78     124         60397237.000000 -2204.000000  -0.00       6.299300    0.000000    0.00        86.30       13.70       1.536300    -0.000100   -0.01       60.57       39.43       6.518800    -0.005700   -0.09       86.70       13.30
2026-05-02 19:00:00 UTC1000000BOBUSDT0.012880      58.69     201         60406273.000000 9036.000000   0.01        6.246400    -0.052900   -0.84       86.20       13.80       1.535300    -0.001000   -0.07       60.56       39.44       6.518800    0.000000    0.00        86.70       13.30
2026-05-02 19:15:00 UTC1000000BOBUSDT0.012860      56.21     114         60440657.000000 34384.000000  0.06        6.241100    -0.005300   -0.08       86.19       13.81       1.536600    0.001300    0.08        60.58       39.42       6.401900    -0.116900   -1.79       86.49       13.51
2026-05-02 19:30:00 UTC1000000BOBUSDT0.012920      61.47     107         60452103.000000 11446.000000  0.02        6.220200    -0.020900   -0.33       86.15       13.85       1.535700    -0.000900   -0.06       60.56       39.44       6.418400    0.016500    0.26        86.52       13.48
2026-05-02 19:45:00 UTC1000000BOBUSDT0.012890      57.74     83          60458951.000000 6848.000000   0.01        6.209800    -0.010400   -0.17       86.13       13.87       1.536100    0.000400    0.03        60.57       39.43       6.396400    -0.022000   -0.34       86.48       13.52
2026-05-02 20:00:00 UTC1000000BOBUSDT0.012900      58.64     126         60446776.000000 -12175.000000 -0.02       6.199400    -0.010400   -0.17       86.11       13.89       1.534900    -0.001200   -0.08       60.55       39.45       6.407400    0.011000    0.17        86.50       13.50
2026-05-02 20:15:00 UTC1000000BOBUSDT0.012870      54.86     322         60463132.000000 16356.000000  0.03        6.178800    -0.020600   -0.33       86.07       13.93       1.536000    0.001100    0.07        60.57       39.43       6.380100    -0.027300   -0.43       86.45       13.55
2026-05-02 20:30:00 UTC1000000BOBUSDT0.012840      51.29     132         60314594.000000 -148538.000000-0.25       6.241100    0.062300    1.01        86.19       13.81       1.511600    -0.024400   -1.59       60.18       39.82       6.581500    0.201400    3.16        86.81       13.19
2026-05-02 20:45:00 UTC1000000BOBUSDT0.012870      54.48     106         60306155.000000 -8439.000000  -0.01       6.256900    0.015800    0.25        86.22       13.78       1.512900    0.001300    0.09        60.21       39.79       6.587300    0.005800    0.09        86.82       13.18
2026-05-02 21:00:00 UTC1000000BOBUSDT0.012910      58.39     248         60298266.000000 -7889.000000  -0.01       6.241100    -0.015800   -0.25       86.19       13.81       1.513300    0.000400    0.03        60.21       39.79       6.616100    0.028800    0.44        86.87       13.13
2026-05-02 21:15:00 UTC1000000BOBUSDT0.012930      60.22     136         60356639.000000 58373.000000  0.10        6.235900    -0.005200   -0.08       86.18       13.82       1.514900    0.001600    0.11        60.24       39.76       6.535800    -0.080300   -1.21       86.73       13.27
2026-05-02 21:30:00 UTC1000000BOBUSDT0.012900      56.21     189         60312355.000000 -44284.000000 -0.07       6.189100    -0.046800   -0.75       86.09       13.91       1.512400    -0.002500   -0.17       60.20       39.80       6.490600    -0.045200   -0.69       86.65       13.35
2026-05-02 21:45:00 UTC1000000BOBUSDT0.012950      60.89     134         60263612.000000 -48743.000000 -0.08       6.168500    -0.020600   -0.33       86.05       13.95       1.512600    0.000200    0.01        60.20       39.80       6.530100    0.039500    0.61        86.72       13.28
2026-05-02 22:00:00 UTC1000000BOBUSDT0.012980      63.41     195         60274947.000000 11335.000000  0.02        6.189100    0.020600    0.33        86.09       13.91       1.513500    0.000900    0.06        60.21       39.79       6.530100    0.000000    0.00        86.72       13.28
2026-05-02 22:15:00 UTC1000000BOBUSDT0.012890      52.47     123         60330291.000000 55344.000000  0.09        6.122500    -0.066600   -1.08       85.96       14.04       1.514500    0.001000    0.07        60.23       39.77       6.473800    -0.056300   -0.86       86.62       13.38
2026-05-02 22:30:00 UTC1000000BOBUSDT0.012890      52.47     113         60308499.000000 -21792.000000 -0.04       6.102300    -0.020200   -0.33       85.92       14.08       1.516300    0.001800    0.12        60.26       39.74       6.457100    -0.016700   -0.26       86.59       13.41
2026-05-02 22:45:00 UTC1000000BOBUSDT0.012870      50.24     72          60290383.000000 -18116.000000 -0.03       6.117400    0.015100    0.25        85.95       14.05       1.516800    0.000500    0.03        60.27       39.73       6.473800    0.016700    0.26        86.62       13.38
2026-05-02 23:00:00 UTC1000000BOBUSDT0.012870      50.24     117         60267783.000000 -22600.000000 -0.04       6.148000    0.030600    0.50        86.01       13.99       1.515400    -0.001400   -0.09       60.24       39.76       6.496300    0.022500    0.35        86.66       13.34
2026-05-02 23:15:00 UTC1000000BOBUSDT0.012950      58.44     173         60278858.000000 11075.000000  0.02        6.102300    -0.045700   -0.74       85.92       14.08       1.515500    0.000100    0.01        60.25       39.75       6.412900    -0.083400   -1.28       86.51       13.49
2026-05-02 23:30:00 UTC1000000BOBUSDT0.012940      57.18     89          60327034.000000 48176.000000  0.08        6.017500    -0.084800   -1.39       85.75       14.25       1.525600    0.010100    0.67        60.41       39.59       6.209800    -0.203100   -3.17       86.13       13.87
2026-05-02 23:45:00 UTC1000000BOBUSDT0.012900      52.28     128         60299164.000000 -27870.000000 -0.05       6.012600    -0.004900   -0.08       85.74       14.26       1.525700    0.000100    0.01        60.41       39.59       6.215000    0.005200    0.08        86.14       13.86
2026-05-03 00:00:00 UTC1000000BOBUSDT0.012900      52.28     194         60400962.000000 101798.000000 0.17        6.122500    0.109900    1.83        85.96       14.04       1.527600    0.001900    0.12        60.44       39.56       6.267400    0.052400    0.84        86.24       13.76
2026-05-03 00:15:00 UTC1000000BOBUSDT0.012910      53.44     59          60408852.000000 7890.000000   0.01        6.122500    0.000000    0.00        85.96       14.04       1.527500    -0.000100   -0.01       60.44       39.56       6.380100    0.112700    1.80        86.45       13.55
2026-05-03 00:30:00 UTC1000000BOBUSDT0.012930      55.75     78          60402520.000000 -6332.000000  -0.01       6.072100    -0.050400   -0.82       85.86       14.14       1.528100    0.000600    0.04        60.45       39.55       6.304600    -0.075500   -1.18       86.31       13.69
2026-05-03 00:45:00 UTC1000000BOBUSDT0.012930      55.75     60          60395559.000000 -6961.000000  -0.01       6.102300    0.030200    0.50        85.92       14.08       1.528100    0.000000    0.00        60.44       39.56       6.326000    0.021400    0.34        86.35       13.65
2026-05-03 01:00:00 UTC1000000BOBUSDT0.012780      38.95     322         60374080.000000 -21479.000000 -0.04       6.178800    0.076500    1.25        86.07       13.93       1.528700    0.000600    0.04        60.45       39.55       6.374600    0.048600    0.77        86.44       13.56
2026-05-03 01:15:00 UTC1000000BOBUSDT0.012760      37.34     113         60300991.000000 -73089.000000 -0.12       6.418400    0.239600    3.88        86.52       13.48       1.532300    0.003600    0.24        60.51       39.49       6.598800    0.224200    3.52        86.84       13.16
2026-05-03 01:30:00 UTC1000000BOBUSDT0.012770      38.71     118         60310383.000000 9392.000000   0.02        6.440500    0.022100    0.34        86.56       13.44       1.533100    0.000800    0.05        60.52       39.48       6.604600    0.005800    0.09        86.85       13.15
2026-05-03 01:45:00 UTC1000000BOBUSDT0.012770      38.71     160         60312413.000000 2030.000000   0.00        6.434900    -0.005600   -0.09       86.55       13.45       1.534000    0.000900    0.06        60.54       39.46       6.598800    -0.005800   -0.09       86.84       13.16
2026-05-03 02:00:00 UTC1000000BOBUSDT0.012770      38.71     205         60269720.000000 -42693.000000 -0.07       6.479400    0.044500    0.69        86.63       13.37       1.532500    -0.001500   -0.10       60.51       39.49       6.692300    0.093500    1.42        87.00       13.00
2026-05-03 02:15:00 UTC1000000BOBUSDT0.012720      34.06     103         60225656.000000 -44064.000000 -0.07       6.446000    -0.033400   -0.52       86.57       13.43       1.535800    0.003300    0.22        60.56       39.44       6.651100    -0.041200   -0.62       86.93       13.07
2026-05-03 02:30:00 UTC1000000BOBUSDT0.012700      32.39     91          60204512.000000 -21144.000000 -0.04       6.473800    0.027800    0.43        86.62       13.38       1.536300    0.000500    0.03        60.57       39.43       6.668700    0.017600    0.26        86.96       13.04
2026-05-03 02:45:00 UTC1000000BOBUSDT0.012720      35.79     76          60221951.000000 17439.000000  0.03        6.473800    0.000000    0.00        86.62       13.38       1.536500    0.000200    0.01        60.57       39.43       6.686400    0.017700    0.27        86.99       13.01
2026-05-03 03:00:00 UTC1000000BOBUSDT0.012710      34.84     258         60204011.000000 -17940.000000 -0.03       6.535800    0.062000    0.96        86.73       13.27       1.522000    -0.014500   -0.94       60.35       39.65       6.645300    -0.041100   -0.61       86.92       13.08
2026-05-03 03:15:00 UTC1000000BOBUSDT0.012760      42.94     185         60261891.000000 57880.000000  0.10        6.610400    0.074600    1.14        86.86       13.14       1.524500    0.002500    0.16        60.39       39.61       6.604600    -0.040700   -0.61       86.85       13.15
2026-05-03 03:30:00 UTC1000000BOBUSDT0.012780      45.84     98          60441574.000000 179683.000000 0.30        6.496300    -0.114100   -1.73       86.66       13.34       1.527900    0.003400    0.22        60.44       39.56       6.396400    -0.208200   -3.15       86.48       13.52
2026-05-03 03:45:00 UTC1000000BOBUSDT0.012760      43.46     158         60418013.000000 -23561.000000 -0.04       6.490600    -0.005700   -0.09       86.65       13.35       1.527700    -0.000200   -0.01       60.44       39.56       6.407400    0.011000    0.17        86.50       13.50
2026-05-03 04:00:00 UTC1000000BOBUSDT0.012730      40.10     139         60314213.000000 -103800.000000-0.17       6.547200    0.056600    0.87        86.75       13.25       1.527900    0.000200    0.01        60.44       39.56       6.535800    0.128400    2.00        86.73       13.27
2026-05-03 04:15:00 UTC1000000BOBUSDT0.012740      41.72     84          60307742.000000 -6471.000000  -0.01       6.552900    0.005700    0.09        86.76       13.24       1.527800    -0.000100   -0.01       60.44       39.56       6.535800    0.000000    0.00        86.73       13.27
2026-05-03 04:30:00 UTC1000000BOBUSDT0.012750      43.37     74          60298985.000000 -8757.000000  -0.01       6.552900    0.000000    0.00        86.76       13.24       1.527100    -0.000700   -0.05       60.43       39.57       6.604600    0.068800    1.05        86.85       13.15
2026-05-03 04:45:00 UTC1000000BOBUSDT0.012740      42.09     91          60302325.000000 3340.000000   0.01        6.535800    -0.017100   -0.26       86.73       13.27       1.527000    -0.000100   -0.01       60.43       39.57       6.575800    -0.028800   -0.44       86.80       13.20
2026-05-03 05:00:00 UTC1000000BOBUSDT0.012700      37.33     178         60280722.000000 -21603.000000 -0.04       6.501900    -0.033900   -0.52       86.67       13.33       1.527200    0.000200    0.01        60.43       39.57       6.610400    0.034600    0.53        86.86       13.14
2026-05-03 05:15:00 UTC1000000BOBUSDT0.012680      35.20     109         60252558.000000 -28164.000000 -0.05       6.616100    0.114200    1.76        86.87       13.13       1.525500    -0.001700   -0.11       60.40       39.60       6.739900    0.129500    1.96        87.08       12.92
2026-05-03 05:30:00 UTC1000000BOBUSDT0.012670      34.14     70          60252013.000000 -545.000000   -0.00       6.651100    0.035000    0.53        86.93       13.07       1.524500    -0.001000   -0.07       60.39       39.61       6.764000    0.024100    0.36        87.12       12.88
2026-05-03 05:45:00 UTC1000000BOBUSDT0.012680      36.20     101         60223668.000000 -28345.000000 -0.05       6.627800    -0.023300   -0.35       86.89       13.11       1.527400    0.002900    0.19        60.43       39.57       6.739900    -0.024100   -0.36       87.08       12.92
2026-05-03 06:00:00 UTC1000000BOBUSDT0.012690      38.27     102         60181478.000000 -42190.000000 -0.07       6.570000    -0.057800   -0.87       86.79       13.21       1.529300    0.001900    0.12        60.46       39.54       6.710100    -0.029800   -0.44       87.03       12.97
2026-05-03 06:15:00 UTC1000000BOBUSDT0.012670      35.77     74          60183381.000000 1903.000000   0.00        6.513100    -0.056900   -0.87       86.69       13.31       1.530600    0.001300    0.09        60.48       39.52       6.674600    -0.035500   -0.53       86.97       13.03
2026-05-03 06:30:00 UTC1000000BOBUSDT0.012680      37.96     85          60169695.000000 -13686.000000 -0.02       6.507500    -0.005600   -0.09       86.68       13.32       1.530600    0.000000    0.00        60.48       39.52       6.639400    -0.035200   -0.53       86.91       13.09
2026-05-03 06:45:00 UTC1000000BOBUSDT0.012700      42.20     55          60179397.000000 9702.000000   0.02        6.530100    0.022600    0.35        86.72       13.28       1.530800    0.000200    0.01        60.49       39.51       6.633600    -0.005800   -0.09       86.90       13.10
2026-05-03 07:00:00 UTC1000000BOBUSDT0.012750      51.18     234         60171543.000000 -7854.000000  -0.01       6.524500    -0.005600   -0.09       86.71       13.29       1.531300    0.000500    0.03        60.49       39.51       6.604600    -0.029000   -0.44       86.85       13.15
2026-05-03 07:15:00 UTC1000000BOBUSDT0.012780      55.64     101         60160767.000000 -10776.000000 -0.02       6.575800    0.051300    0.79        86.80       13.20       1.530000    -0.001300   -0.08       60.47       39.53       6.639400    0.034800    0.53        86.91       13.09
2026-05-03 07:30:00 UTC1000000BOBUSDT0.012730      47.80     118         60226868.000000 66101.000000  0.11        6.581500    0.005700    0.09        86.81       13.19       1.528800    -0.001200   -0.08       60.46       39.54       6.598800    -0.040600   -0.61       86.84       13.16
2026-05-03 07:45:00 UTC1000000BOBUSDT0.012710      45.07     95          60151266.000000 -75602.000000 -0.13       6.558600    -0.022900   -0.35       86.77       13.23       1.528000    -0.000800   -0.05       60.44       39.56       6.651100    0.052300    0.79        86.93       13.07
2026-05-03 08:00:00 UTC1000000BOBUSDT0.012780      54.81     175         60106318.000000 -44948.000000 -0.07       6.598800    0.040200    0.61        86.84       13.16       1.527200    -0.000800   -0.05       60.43       39.57       6.745900    0.094800    1.43        87.09       12.91
2026-05-03 08:15:00 UTC1000000BOBUSDT0.012810      58.23     198         60139147.000000 32829.000000  0.05        6.530100    -0.068700   -1.04       86.72       13.28       1.530200    0.003000    0.20        60.48       39.52       6.616100    -0.129800   -1.92       86.87       13.13
2026-05-03 08:30:00 UTC1000000BOBUSDT0.012800      56.69     123         60416611.000000 277464.000000 0.46        6.530100    0.000000    0.00        86.72       13.28       1.528600    -0.001600   -0.10       60.45       39.55       6.662800    0.046700    0.71        86.95       13.05
2026-05-03 08:45:00 UTC1000000BOBUSDT0.012830      60.10     128         60431103.000000 14492.000000  0.02        6.501900    -0.028200   -0.43       86.67       13.33       1.528700    0.000100    0.01        60.45       39.55       6.662800    0.000000    0.00        86.95       13.05
2026-05-03 09:00:00 UTC1000000BOBUSDT0.012840      61.19     187         60426208.000000 -4895.000000  -0.01       6.518800    0.016900    0.26        86.70       13.30       1.533400    0.004700    0.31        60.53       39.47       6.657000    -0.005800   -0.09       86.94       13.06
2026-05-03 09:15:00 UTC1000000BOBUSDT0.012950      70.72     163         60396122.000000 -30086.000000 -0.05       6.513100    -0.005700   -0.09       86.69       13.31       1.529400    -0.004000   -0.26       60.47       39.53       6.686400    0.029400    0.44        86.99       13.01
2026-05-03 09:30:00 UTC1000000BOBUSDT0.013010      74.41     162         60615370.000000 219248.000000 0.36        6.496300    -0.016800   -0.26       86.66       13.34       1.521700    -0.007700   -0.50       60.34       39.66       6.645300    -0.041100   -0.61       86.92       13.08
2026-05-03 09:45:00 UTC1000000BOBUSDT0.013050      76.53     181         60721869.000000 106499.000000 0.18        6.468300    -0.028000   -0.43       86.61       13.39       1.519000    -0.002700   -0.18       60.30       39.70       6.627800    -0.017500   -0.26       86.89       13.11
2026-05-03 10:00:00 UTC1000000BOBUSDT0.013010      70.25     217         60838390.000000 116521.000000 0.19        6.315300    -0.153000   -2.37       86.33       13.67       1.510700    -0.008300   -0.55       60.17       39.83       6.570000    -0.057800   -0.87       86.79       13.21
2026-05-03 10:15:00 UTC1000000BOBUSDT0.013020      70.90     148         60826785.000000 -11605.000000 -0.02       6.256900    -0.058400   -0.92       86.22       13.78       1.509300    -0.001400   -0.09       60.15       39.85       6.547200    -0.022800   -0.35       86.75       13.25
2026-05-03 10:30:00 UTC1000000BOBUSDT0.013000      67.74     161         60839707.000000 12922.000000  0.02        6.262200    0.005300    0.08        86.23       13.77       1.509500    0.000200    0.01        60.15       39.85       6.558600    0.011400    0.17        86.77       13.23
2026-05-03 10:45:00 UTC1000000BOBUSDT0.012970      63.20     154         60948067.000000 108360.000000 0.18        6.132700    -0.129500   -2.07       85.98       14.02       1.510700    0.001200    0.08        60.17       39.83       6.457100    -0.101500   -1.55       86.59       13.41
2026-05-03 11:00:00 UTC1000000BOBUSDT0.012990      64.89     234         60923634.000000 -24433.000000 -0.04       6.127600    -0.005100   -0.08       85.97       14.03       1.509500    -0.001200   -0.08       60.15       39.85       6.457100    0.000000    0.00        86.59       13.41
2026-05-03 11:15:00 UTC1000000BOBUSDT0.012930      56.51     105         61068152.000000 144518.000000 0.24        6.102300    -0.025300   -0.41       85.92       14.08       1.510100    0.000600    0.04        60.16       39.84       6.446000    -0.011100   -0.17       86.57       13.43
2026-05-03 11:30:00 UTC1000000BOBUSDT0.012970      60.20     115         61030727.000000 -37425.000000 -0.06       6.137800    0.035500    0.58        85.99       14.01       1.512400    0.002300    0.15        60.20       39.80       6.462700    0.016700    0.26        86.60       13.40
2026-05-03 11:45:00 UTC1000000BOBUSDT0.012980      61.09     95          61008927.000000 -21800.000000 -0.04       6.117400    -0.020400   -0.33       85.95       14.05       1.511800    -0.000600   -0.04       60.19       39.81       6.468300    0.005600    0.09        86.61       13.39
2026-05-03 12:00:00 UTC1000000BOBUSDT0.013000      62.88     254         61010635.000000 1708.000000   0.00        6.132700    0.015300    0.25        85.98       14.02       1.511200    -0.000600   -0.04       60.18       39.82       6.385500    -0.082800   -1.28       86.46       13.54
2026-05-03 12:15:00 UTC1000000BOBUSDT0.012970      58.54     114         60987182.000000 -23453.000000 -0.04       6.158200    0.025500    0.42        86.03       13.97       1.509900    -0.001300   -0.09       60.16       39.84       6.530100    0.144600    2.26        86.72       13.28
2026-05-03 12:30:00 UTC1000000BOBUSDT0.013030      63.90     126         60972921.000000 -14261.000000 -0.02       6.163300    0.005100    0.08        86.04       13.96       1.509700    -0.000200   -0.01       60.15       39.85       6.479400    -0.050700   -0.78       86.63       13.37
2026-05-03 12:45:00 UTC1000000BOBUSDT0.013070      66.97     135         60986417.000000 13496.000000  0.02        6.168500    0.005200    0.08        86.05       13.95       1.509900    0.000200    0.01        60.16       39.84       6.501900    0.022500    0.35        86.67       13.33
2026-05-03 13:00:00 UTC1000000BOBUSDT0.013100      69.10     195         60974189.000000 -12228.000000 -0.02       6.163300    -0.005200   -0.08       86.04       13.96       1.510800    0.000900    0.06        60.17       39.83       6.485000    -0.016900   -0.26       86.64       13.36
2026-05-03 13:15:00 UTC1000000BOBUSDT0.013190      74.41     519         61125336.000000 151147.000000 0.25        6.163300    0.000000    0.00        86.04       13.96       1.513500    0.002700    0.18        60.21       39.79       6.457100    -0.027900   -0.43       86.59       13.41
2026-05-03 13:30:00 UTC1000000BOBUSDT0.013310      79.48     334         61501503.000000 376167.000000 0.62        6.215000    0.051700    0.84        86.14       13.86       1.533300    0.019800    1.31        60.53       39.47       6.407400    -0.049700   -0.77       86.50       13.50
2026-05-03 13:45:00 UTC1000000BOBUSDT0.017920      97.77     22361       61820991.000000 319488.000000 0.52        6.148000    -0.067000   -1.08       86.01       13.99       1.539300    0.006000    0.39        60.62       39.38       6.309900    -0.097500   -1.52       86.32       13.68
2026-05-03 14:00:00 UTC1000000BOBUSDT0.020170      98.48     26876       98583899.000000 36762908.00000059.47       3.516700    -2.631300   -42.80      77.86       22.14       1.488800    -0.050500   -3.28       59.82       40.18       3.863800    -2.446100   -38.77      79.44       20.56

==============================================================================================================
LAST SNAPSHOT
==============================================================================================================
Time                : 2026-05-03 14:00:00 UTC
Symbol              : 1000000BOBUSDT
Close               : 0.020170
RSI(14)            : 98.48
Number of Trades    : 26876
Volume              : 146952929.000000
Quote Volume        : 2837861.918490

Open Interest       : 98583899.000000
OI Change           : 36762908.000000
OI Change %         : 59.47%
OI Value            : 1764133.240791

Top Acco L/S Ratio  : 3.516700
Top Acco L/S Change : -2.631300
Top Acco Chg %      : -42.80%
Top Acco Long %     : 77.86
Top Acco Short %    : 22.14

Top Posit L/S Ratio : 1.488800
Top Posit L/S Change: -0.050500
Top Posit Chg %     : -3.28%
Top Posit Long %    : 59.82
Top Posit Short %   : 40.18

Global L/S Ratio    : 3.863800
Global L/S Change   : -2.446100
Global Chg %        : -38.77%
Global Long %       : 79.44
Global Short %      : 20.56

[Program finished]
