####################################################################################################
FETCHING BINANCE FUTURES DATA ...
####################################################################################################
SYMBOL     : DYDXUSDT
PERIOD     : 15m
LIMIT      : 100
RSI_PERIOD : 14

========================================================================================================================================================================================================================================================================================================================================================================
BINANCE FUTURES MERGED DATA (L.S + OI + RSI + TRADES) | ROW = ONE CANDLE
========================================================================================================================================================================================================================================================================================================================================================================
Time                  Symbol      Close         RSI       Trades      OI              OI Chg        OI Chg %    Acco L/S    Acco Chg    Acco Chg%   Acco L%     Acco S%     Posit L/S   Posit Chg   Posit Chg%  Posit L%    Posit S%    Global L/S  Global Chg  Global Chg% Global L%   Global S%
------------------------------------------------------------------------------------------------------------------------------------------------------------------------------------------------------------------------------------------------------------------------------------------------------------------------------------------------------------------------
2026-05-06 18:15:00 UTCDYDXUSDT    0.152200      52.54     710         42133153.100000 0.000000      0.00        1.932600    0.000000    0.00        65.90       34.10       2.343700    0.000000    0.00        70.09       29.91       1.768500    0.000000    0.00        63.88       36.12
2026-05-06 18:30:00 UTCDYDXUSDT    0.152500      53.81     1134        42168794.300000 35641.200000  0.08        1.932600    0.000000    0.00        65.90       34.10       2.353900    0.010200    0.44        70.18       29.82       1.770100    0.001600    0.09        63.90       36.10
2026-05-06 18:45:00 UTCDYDXUSDT    0.152700      54.67     762         42062050.000000 -106744.300000-0.25       1.918000    -0.014600   -0.76       65.73       34.27       2.365100    0.011200    0.48        70.28       29.72       1.760100    -0.010000   -0.56       63.77       36.23
2026-05-06 19:00:00 UTCDYDXUSDT    0.152700      54.67     761         42223690.900000 161640.900000 0.38        1.918000    0.000000    0.00        65.73       34.27       2.375800    0.010700    0.45        70.38       29.62       1.757100    -0.003000   -0.17       63.73       36.27
2026-05-06 19:15:00 UTCDYDXUSDT    0.152100      51.32     667         42186017.400000 -37673.500000 -0.09       1.918900    0.000900    0.05        65.74       34.26       2.371400    -0.004400   -0.19       70.34       29.66       1.766300    0.009200    0.52        63.85       36.15
2026-05-06 19:30:00 UTCDYDXUSDT    0.152300      52.37     698         42064409.300000 -121608.100000-0.29       1.933400    0.014500    0.76        65.91       34.09       2.369900    -0.001500   -0.06       70.33       29.67       1.777000    0.010700    0.61        63.99       36.01
2026-05-06 19:45:00 UTCDYDXUSDT    0.152200      51.77     623         41956672.900000 -107736.400000-0.26       1.936900    0.003500    0.18        65.95       34.05       2.349700    -0.020200   -0.85       70.15       29.85       1.784700    0.007700    0.43        64.09       35.91
2026-05-06 20:00:00 UTCDYDXUSDT    0.153100      56.59     1212        41753812.300000 -202860.600000-0.48       1.938600    0.001700    0.09        65.97       34.03       2.337800    -0.011900   -0.51       70.04       29.96       1.792500    0.007800    0.44        64.19       35.81
2026-05-06 20:15:00 UTCDYDXUSDT    0.151900      49.49     629         41664881.900000 -88930.400000 -0.21       1.942000    0.003400    0.18        66.01       33.99       2.313200    -0.024600   -1.05       69.82       30.18       1.775500    -0.017000   -0.95       63.97       36.03
2026-05-06 20:30:00 UTCDYDXUSDT    0.150200      41.53     1561        41665779.200000 897.300000    0.00        1.949900    0.007900    0.41        66.10       33.90       2.315500    0.002300    0.10        69.84       30.16       1.784000    0.008500    0.48        64.08       35.92
2026-05-06 20:45:00 UTCDYDXUSDT    0.150200      41.53     838         41427698.600000 -238080.600000-0.57       1.969100    0.019200    0.98        66.32       33.68       2.318900    0.003400    0.15        69.87       30.13       1.796400    0.012400    0.70        64.24       35.76
2026-05-06 21:00:00 UTCDYDXUSDT    0.148700      35.66     1961        41410466.300000 -17232.300000 -0.04       1.967400    -0.001700   -0.09       66.30       33.70       2.324200    0.005300    0.23        69.92       30.08       1.798800    0.002400    0.13        64.27       35.73
2026-05-06 21:15:00 UTCDYDXUSDT    0.150700      46.51     813         41271382.000000 -139084.300000-0.34       1.990400    0.023000    1.17        66.56       33.44       2.303900    -0.020300   -0.87       69.73       30.27       1.803500    0.004700    0.26        64.33       35.67
2026-05-06 21:30:00 UTCDYDXUSDT    0.152100      52.55     750         41255745.000000 -15637.000000 -0.04       1.986900    -0.003500   -0.18       66.52       33.48       2.302000    -0.001900   -0.08       69.72       30.28       1.805800    0.002300    0.13        64.36       35.64
2026-05-06 21:45:00 UTCDYDXUSDT    0.152300      53.36     741         41258536.900000 2791.900000   0.01        1.971800    -0.015100   -0.76       66.35       33.65       2.284700    -0.017300   -0.75       69.56       30.44       1.806600    0.000800    0.04        64.37       35.63
2026-05-06 22:00:00 UTCDYDXUSDT    0.150600      46.15     957         41214072.100000 -44464.800000 -0.11       1.961200    -0.010600   -0.54       66.23       33.77       2.287700    0.003000    0.13        69.58       30.42       1.798000    -0.008600   -0.48       64.26       35.74
2026-05-06 22:15:00 UTCDYDXUSDT    0.149500      42.18     709         41069115.300000 -144956.800000-0.35       1.982400    0.021200    1.08        66.47       33.53       2.296000    0.008300    0.36        69.66       30.34       1.809800    0.011800    0.66        64.41       35.59
2026-05-06 22:30:00 UTCDYDXUSDT    0.150100      44.96     625         41067885.400000 -1229.900000  -0.00       1.989500    0.007100    0.36        66.55       33.45       2.296300    0.000300    0.01        69.66       30.34       1.816900    0.007100    0.39        64.50       35.50
2026-05-06 22:45:00 UTCDYDXUSDT    0.149600      43.10     494         41132709.000000 64823.600000  0.16        1.994000    0.004500    0.23        66.60       33.40       2.294300    -0.002000   -0.09       69.64       30.36       1.816900    0.000000    0.00        64.50       35.50
2026-05-06 23:00:00 UTCDYDXUSDT    0.149000      40.91     1204        41173444.800000 40735.800000  0.10        2.003900    0.009900    0.50        66.71       33.29       2.293600    -0.000700   -0.03       69.64       30.36       1.824100    0.007200    0.40        64.59       35.41
2026-05-06 23:15:00 UTCDYDXUSDT    0.149900      45.39     583         41262464.600000 89019.800000  0.22        1.998500    -0.005400   -0.27       66.65       33.35       2.288600    -0.005000   -0.22       69.59       30.41       1.821700    -0.002400   -0.13       64.56       35.44
2026-05-06 23:30:00 UTCDYDXUSDT    0.150700      49.08     779         41265847.300000 3382.700000   0.01        1.993100    -0.005400   -0.27       66.59       33.41       2.282600    -0.006000   -0.26       69.54       30.46       1.815300    -0.006400   -0.35       64.48       35.52
2026-05-06 23:45:00 UTCDYDXUSDT    0.150500      48.21     562         41281296.700000 15449.400000  0.04        1.994000    0.000900    0.05        66.60       33.40       2.284300    0.001700    0.07        69.55       30.45       1.820100    0.004800    0.26        64.54       35.46
2026-05-07 00:00:00 UTCDYDXUSDT    0.149500      43.97     1064        41279080.000000 -2216.700000  -0.01       1.994000    0.000000    0.00        66.60       33.40       2.285100    0.000800    0.04        69.56       30.44       1.812100    -0.008000   -0.44       64.44       35.56
2026-05-07 00:15:00 UTCDYDXUSDT    0.148600      40.52     936         41186212.400000 -92867.600000 -0.22       1.993100    -0.000900   -0.05       66.59       33.41       2.283900    -0.001200   -0.05       69.55       30.45       1.826500    0.014400    0.79        64.62       35.38
2026-05-07 00:30:00 UTCDYDXUSDT    0.148300      39.41     1299        41089170.700000 -97041.700000 -0.24       1.991300    -0.001800   -0.09       66.57       33.43       2.289900    0.006000    0.26        69.60       30.40       1.816900    -0.009600   -0.53       64.50       35.50
2026-05-07 00:45:00 UTCDYDXUSDT    0.148200      39.03     1018        41302891.300000 213720.600000 0.52        1.991300    0.000000    0.00        66.57       33.43       2.241300    -0.048600   -2.12       69.15       30.85       1.819300    0.002400    0.13        64.53       35.47
2026-05-07 01:00:00 UTCDYDXUSDT    0.147200      35.32     1525        41123318.500000 -179572.800000-0.43       1.986900    -0.004400   -0.22       66.52       33.48       2.237400    -0.003900   -0.17       69.11       30.89       1.809800    -0.009500   -0.52       64.41       35.59
2026-05-07 01:15:00 UTCDYDXUSDT    0.148200      41.32     1171        41025702.600000 -97615.900000 -0.24       1.966500    -0.020400   -1.03       66.29       33.71       2.229000    -0.008400   -0.38       69.03       30.97       1.792500    -0.017300   -0.96       64.19       35.81
2026-05-07 01:30:00 UTCDYDXUSDT    0.147500      38.62     756         40747934.500000 -277768.100000-0.68       1.949900    -0.016600   -0.84       66.10       33.90       2.275100    0.046100    2.07        69.47       30.53       1.778500    -0.014000   -0.78       64.01       35.99
2026-05-07 01:45:00 UTCDYDXUSDT    0.146700      35.75     761         40774102.500000 26168.000000  0.06        1.953300    0.003400    0.17        66.14       33.86       2.275300    0.000200    0.01        69.47       30.53       1.768500    -0.010000   -0.56       63.88       36.12
2026-05-07 02:00:00 UTCDYDXUSDT    0.146300      34.37     1289        40699610.100000 -74492.400000 -0.18       1.945500    -0.007800   -0.40       66.05       33.95       2.272600    -0.002700   -0.12       69.44       30.56       1.764000    -0.004500   -0.25       63.82       36.18
2026-05-07 02:15:00 UTCDYDXUSDT    0.146200      34.02     634         40512795.700000 -186814.400000-0.46       1.925700    -0.019800   -1.02       65.82       34.18       2.261600    -0.011000   -0.48       69.34       30.66       1.742000    -0.022000   -1.25       63.53       36.47
2026-05-07 02:30:00 UTCDYDXUSDT    0.145900      32.92     760         40469534.800000 -43260.900000 -0.11       1.930800    0.005100    0.26        65.88       34.12       2.255400    -0.006200   -0.27       69.28       30.72       1.745700    0.003700    0.21        63.58       36.42
2026-05-07 02:45:00 UTCDYDXUSDT    0.146400      36.58     646         40440154.800000 -29380.000000 -0.07       1.920600    -0.010200   -0.53       65.76       34.24       2.250500    -0.004900   -0.22       69.24       30.76       1.742000    -0.003700   -0.21       63.53       36.47
2026-05-07 03:00:00 UTCDYDXUSDT    0.146600      38.03     729         40551935.500000 111780.700000 0.28        1.911200    -0.009400   -0.49       65.65       34.35       2.250900    0.000400    0.02        69.24       30.76       1.731500    -0.010500   -0.60       63.39       36.61
2026-05-07 03:15:00 UTCDYDXUSDT    0.146200      36.24     841         40577937.500000 26002.000000  0.06        1.909500    -0.001700   -0.09       65.63       34.37       2.255300    0.004400    0.20        69.28       30.72       1.733700    0.002200    0.13        63.42       36.58
2026-05-07 03:30:00 UTCDYDXUSDT    0.145900      34.92     716         40557573.700000 -20363.800000 -0.05       1.918900    0.009400    0.49        65.74       34.26       2.250800    -0.004500   -0.20       69.24       30.76       1.736700    0.003000    0.17        63.46       36.54
2026-05-07 03:45:00 UTCDYDXUSDT    0.145100      31.59     804         40563326.700000 5753.000000   0.01        1.921400    0.002500    0.13        65.77       34.23       2.240500    -0.010300   -0.46       69.14       30.86       1.739000    0.002300    0.13        63.49       36.51
2026-05-07 04:00:00 UTCDYDXUSDT    0.145800      37.22     848         40615100.600000 51773.900000  0.13        1.931700    0.010300    0.54        65.89       34.11       2.237900    -0.002600   -0.12       69.12       30.88       1.739000    0.000000    0.00        63.49       36.51
2026-05-07 04:15:00 UTCDYDXUSDT    0.146500      42.33     848         40558771.300000 -56329.300000 -0.14       1.934300    0.002600    0.13        65.92       34.08       2.245100    0.007200    0.32        69.18       30.82       1.736000    -0.003000   -0.17       63.45       36.55
2026-05-07 04:30:00 UTCDYDXUSDT    0.146100      40.31     623         40538480.200000 -20291.100000 -0.05       1.921400    -0.012900   -0.67       65.77       34.23       2.241000    -0.004100   -0.18       69.15       30.85       1.726300    -0.009700   -0.56       63.32       36.68
2026-05-07 04:45:00 UTCDYDXUSDT    0.148000      52.02     1208        40587335.700000 48855.500000  0.12        1.918000    -0.003400   -0.18       65.73       34.27       2.239300    -0.001700   -0.08       69.13       30.87       1.730000    0.003700    0.21        63.37       36.63
2026-05-07 05:00:00 UTCDYDXUSDT    0.150000      60.75     2088        40777263.800000 189928.100000 0.47        1.921400    0.003400    0.18        65.77       34.23       2.242100    0.002800    0.13        69.16       30.84       1.730000    0.000000    0.00        63.37       36.63
2026-05-07 05:15:00 UTCDYDXUSDT    0.149300      56.85     1022        41053186.300000 275922.500000 0.68        1.956000    0.034600    1.80        66.17       33.83       2.215700    -0.026400   -1.18       68.90       31.10       1.745700    0.015700    0.91        63.58       36.42
2026-05-07 05:30:00 UTCDYDXUSDT    0.150200      60.37     1092        41286544.200000 233357.900000 0.57        1.949000    -0.007000   -0.36       66.09       33.91       2.188300    -0.027400   -1.24       68.64       31.36       1.743500    -0.002200   -0.13       63.55       36.45
2026-05-07 05:45:00 UTCDYDXUSDT    0.152600      67.90     1866        41430896.700000 144352.500000 0.35        1.935100    -0.013900   -0.71       65.93       34.07       2.194000    0.005700    0.26        68.69       31.31       1.732200    -0.011300   -0.65       63.40       36.60
2026-05-07 06:00:00 UTCDYDXUSDT    0.151700      63.06     1847        41731596.300000 300699.600000 0.73        1.901900    -0.033200   -1.72       65.54       34.46       2.160700    -0.033300   -1.52       68.36       31.64       1.699800    -0.032400   -1.87       62.96       37.04
2026-05-07 06:15:00 UTCDYDXUSDT    0.150700      58.11     1548        41910938.000000 179341.700000 0.43        1.906100    0.004200    0.22        65.59       34.41       2.144200    -0.016500   -0.76       68.20       31.80       1.708600    0.008800    0.52        63.08       36.92
2026-05-07 06:30:00 UTCDYDXUSDT    0.152100      62.54     1194        41444084.200000 -466853.800000-1.11       1.927400    0.021300    1.12        65.84       34.16       2.177600    0.033400    1.56        68.53       31.47       1.723300    0.014700    0.86        63.28       36.72
2026-05-07 06:45:00 UTCDYDXUSDT    0.152200      62.85     1163        41263948.000000 -180136.200000-0.43       1.916300    -0.011100   -0.58       65.71       34.29       2.173700    -0.003900   -0.18       68.49       31.51       1.721100    -0.002200   -0.13       63.25       36.75
2026-05-07 07:00:00 UTCDYDXUSDT    0.152000      61.77     1948        41157969.400000 -105978.600000-0.26       1.916300    0.000000    0.00        65.71       34.29       2.166800    -0.006900   -0.32       68.42       31.58       1.718900    -0.002200   -0.13       63.22       36.78
2026-05-07 07:15:00 UTCDYDXUSDT    0.151300      58.03     779         41154583.300000 -3386.100000  -0.01       1.907800    -0.008500   -0.44       65.61       34.39       2.164200    -0.002600   -0.12       68.40       31.60       1.715200    -0.003700   -0.22       63.17       36.83
2026-05-07 07:30:00 UTCDYDXUSDT    0.151700      59.54     815         41097253.300000 -57330.000000 -0.14       1.915500    0.007700    0.40        65.70       34.30       2.160900    -0.003300   -0.15       68.36       31.64       1.710000    -0.005200   -0.30       63.10       36.90
2026-05-07 07:45:00 UTCDYDXUSDT    0.151700      59.54     630         41037308.500000 -59944.800000 -0.15       1.913800    -0.001700   -0.09       65.68       34.32       2.168000    0.007100    0.33        68.43       31.57       1.710800    0.000800    0.05        63.11       36.89
2026-05-07 08:00:00 UTCDYDXUSDT    0.151700      59.54     916         41070886.200000 33577.700000  0.08        1.909500    -0.004300   -0.22       65.63       34.37       2.175200    0.007200    0.33        68.51       31.49       1.707100    -0.003700   -0.22       63.06       36.94
2026-05-07 08:15:00 UTCDYDXUSDT    0.151100      55.79     839         41162796.600000 91910.400000  0.22        1.918900    0.009400    0.49        65.74       34.26       2.185500    0.010300    0.47        68.61       31.39       1.707100    0.000000    0.00        63.06       36.94
2026-05-07 08:30:00 UTCDYDXUSDT    0.151100      55.79     970         41142169.700000 -20626.900000 -0.05       1.919700    0.000800    0.04        65.75       34.25       2.186100    0.000600    0.03        68.61       31.39       1.714400    0.007300    0.43        63.16       36.84
2026-05-07 08:45:00 UTCDYDXUSDT    0.160400      79.28     22804       40943228.000000 -198941.700000-0.48       1.930800    0.011100    0.58        65.88       34.12       2.172000    -0.014100   -0.64       68.47       31.53       1.724800    0.010400    0.61        63.30       36.70
2026-05-07 09:00:00 UTCDYDXUSDT    0.162400      81.55     9016        46375879.500000 5432651.50000013.27       1.804300    -0.126500   -6.55       64.34       35.66       2.343600    0.171600    7.90        70.09       29.91       1.566100    -0.158700   -9.20       61.03       38.97
2026-05-07 09:15:00 UTCDYDXUSDT    0.161400      77.00     7335        47862801.900000 1486922.4000003.21        1.783200    -0.021100   -1.17       64.07       35.93       2.362600    0.019000    0.81        70.26       29.74       1.577300    0.011200    0.72        61.20       38.80
2026-05-07 09:30:00 UTCDYDXUSDT    0.161300      76.54     4309        47098122.500000 -764679.400000-1.60       1.768500    -0.014700   -0.82       63.88       36.12       2.314600    -0.048000   -2.03       69.83       30.17       1.568100    -0.009200   -0.58       61.06       38.94
2026-05-07 09:45:00 UTCDYDXUSDT    0.160000      70.65     3261        46874585.300000 -223537.200000-0.47       1.749500    -0.019000   -1.07       63.63       36.37       2.295400    -0.019200   -0.83       69.65       30.35       1.554900    -0.013200   -0.84       60.86       39.14
2026-05-07 10:00:00 UTCDYDXUSDT    0.162400      74.55     5585        46687292.700000 -187292.600000-0.40       1.766300    0.016800    0.96        63.85       36.15       2.283600    -0.011800   -0.51       69.55       30.45       1.558900    0.004000    0.26        60.92       39.08
2026-05-07 10:15:00 UTCDYDXUSDT    0.164500      77.38     6196        47019036.500000 331743.800000 0.71        1.745000    -0.021300   -1.21       63.57       36.43       2.250300    -0.033300   -1.46       69.23       30.77       1.536100    -0.022800   -1.46       60.57       39.43
2026-05-07 10:30:00 UTCDYDXUSDT    0.167800      80.96     6486        48212465.400000 1193428.9000002.54        1.731500    -0.013500   -0.77       63.39       36.61       2.192800    -0.057500   -2.56       68.68       31.32       1.527800    -0.008300   -0.54       60.44       39.56
2026-05-07 10:45:00 UTCDYDXUSDT    0.167500      79.73     5356        48767473.600000 555008.200000 1.15        1.727800    -0.003700   -0.21       63.34       36.66       2.116400    -0.076400   -3.48       67.91       32.09       1.531600    0.003800    0.25        60.50       39.50
2026-05-07 11:00:00 UTCDYDXUSDT    0.169500      81.73     5803        49188193.700000 420720.100000 0.86        1.716700    -0.011100   -0.64       63.19       36.81       2.118900    0.002500    0.12        67.94       32.06       1.524600    -0.007000   -0.46       60.39       39.61
2026-05-07 11:15:00 UTCDYDXUSDT    0.170200      82.39     5281        50163736.800000 975543.100000 1.98        1.701200    -0.015500   -0.90       62.98       37.02       2.094900    -0.024000   -1.13       67.69       32.31       1.518900    -0.005700   -0.37       60.30       39.70
2026-05-07 11:30:00 UTCDYDXUSDT    0.164900      63.72     13278       50628125.200000 464388.400000 0.93        1.716700    0.015500    0.91        63.19       36.81       2.074300    -0.020600   -0.98       67.47       32.53       1.581300    0.062400    4.11        61.26       38.74
2026-05-07 11:45:00 UTCDYDXUSDT    0.164300      62.01     4047        49383528.300000 -1244596.900000-2.46       1.742700    0.026000    1.51        63.54       36.46       2.073400    -0.000900   -0.04       67.46       32.54       1.643400    0.062100    3.93        62.17       37.83
2026-05-07 12:00:00 UTCDYDXUSDT    0.164500      62.38     3026        48877749.900000 -505778.400000-1.02       1.747300    0.004600    0.26        63.60       36.40       2.087300    0.013900    0.67        67.61       32.39       1.646200    0.002800    0.17        62.21       37.79
2026-05-07 12:15:00 UTCDYDXUSDT    0.163900      60.51     2429        48640210.800000 -237539.100000-0.49       1.727000    -0.020300   -1.16       63.33       36.67       2.075500    -0.011800   -0.57       67.49       32.51       1.626700    -0.019500   -1.18       61.93       38.07
2026-05-07 12:30:00 UTCDYDXUSDT    0.164400      61.54     2144        48474968.600000 -165242.200000-0.34       1.726300    -0.000700   -0.04       63.32       36.68       2.048000    -0.027500   -1.32       67.19       32.81       1.620500    -0.006200   -0.38       61.84       38.16
2026-05-07 12:45:00 UTCDYDXUSDT    0.165800      64.35     2164        48634550.500000 159581.900000 0.33        1.738200    0.011900    0.69        63.48       36.52       2.004600    -0.043400   -2.12       66.72       33.28       1.630900    0.010400    0.64        61.99       38.01
2026-05-07 13:00:00 UTCDYDXUSDT    0.168300      68.75     3937        48539285.600000 -95264.900000 -0.20       1.715200    -0.023000   -1.32       63.17       36.83       2.006400    0.001800    0.09        66.74       33.26       1.611000    -0.019900   -1.22       61.70       38.30
2026-05-07 13:15:00 UTCDYDXUSDT    0.170100      71.48     5188        48744908.900000 205623.300000 0.42        1.710800    -0.004400   -0.26       63.11       36.89       2.016100    0.009700    0.48        66.84       33.16       1.611000    0.000000    0.00        61.70       38.30
2026-05-07 13:30:00 UTCDYDXUSDT    0.166400      59.90     4740        48814201.200000 69292.300000  0.14        1.702700    -0.008100   -0.47       63.00       37.00       2.013500    -0.002600   -0.13       66.82       33.18       1.597400    -0.013600   -0.84       61.50       38.50
2026-05-07 13:45:00 UTCDYDXUSDT    0.168200      63.04     2997        47801323.900000 -1012877.300000-2.07       1.704200    0.001500    0.09        63.02       36.98       2.036000    0.022500    1.12        67.06       32.94       1.612300    0.014900    0.93        61.72       38.28
2026-05-07 14:00:00 UTCDYDXUSDT    0.167700      61.60     3321        48001198.100000 199874.200000 0.42        1.683800    -0.020400   -1.20       62.74       37.26       2.025900    -0.010100   -0.50       66.95       33.05       1.586000    -0.026300   -1.63       61.33       38.67
2026-05-07 14:15:00 UTCDYDXUSDT    0.166100      57.10     2956        47942641.000000 -58557.100000 -0.12       1.686000    0.002200    0.13        62.77       37.23       2.047300    0.021400    1.06        67.18       32.82       1.590700    0.004700    0.30        61.40       38.60
2026-05-07 14:30:00 UTCDYDXUSDT    0.165800      56.27     3560        47828454.300000 -114186.700000-0.24       1.688200    0.002200    0.13        62.80       37.20       2.057200    0.009900    0.48        67.29       32.71       1.584000    -0.006700   -0.42       61.30       38.70
2026-05-07 14:45:00 UTCDYDXUSDT    0.165500      55.40     2998        47961538.800000 133084.500000 0.28        1.672400    -0.015800   -0.94       62.58       37.42       2.035700    -0.021500   -1.05       67.06       32.94       1.570000    -0.014000   -0.88       61.09       38.91
2026-05-07 15:00:00 UTCDYDXUSDT    0.168000      60.82     3004        48183932.700000 222393.900000 0.46        1.675900    0.003500    0.21        62.63       37.37       2.013800    -0.021900   -1.08       66.82       33.18       1.578600    0.008600    0.55        61.22       38.78
2026-05-07 15:15:00 UTCDYDXUSDT    0.168100      61.02     2714        48462055.800000 278123.100000 0.58        1.684600    0.008700    0.52        62.75       37.25       2.007100    -0.006700   -0.33       66.75       33.25       1.585300    0.006700    0.42        61.32       38.68
2026-05-07 15:30:00 UTCDYDXUSDT    0.166300      55.43     3935        48616627.600000 154571.800000 0.32        1.668100    -0.016500   -0.98       62.52       37.48       2.031300    0.024200    1.21        67.01       32.99       1.565400    -0.019900   -1.26       61.02       38.98
2026-05-07 15:45:00 UTCDYDXUSDT    0.166700      56.39     2944        48575184.700000 -41442.900000 -0.09       1.666000    -0.002100   -0.13       62.49       37.51       2.036100    0.004800    0.24        67.06       32.94       1.552300    -0.013100   -0.84       60.82       39.18
2026-05-07 16:00:00 UTCDYDXUSDT    0.168100      59.65     3573        48783100.500000 207915.800000 0.43        1.661000    -0.005000   -0.30       62.42       37.58       2.035400    -0.000700   -0.03       67.06       32.94       1.538100    -0.014200   -0.91       60.60       39.40
2026-05-07 16:15:00 UTCDYDXUSDT    0.173700      69.49     45432       48800806.200000 17705.700000  0.04        1.663100    0.002100    0.13        62.45       37.55       2.038500    0.003100    0.15        67.09       32.91       1.545200    0.007100    0.46        60.71       39.29
2026-05-07 16:30:00 UTCDYDXUSDT    0.173100      67.59     10551       52897325.200000 4096519.0000008.39        1.707100    0.044000    2.65        63.06       36.94       2.122000    0.083500    4.10        67.97       32.03       1.509400    -0.035800   -2.32       60.15       39.85
2026-05-07 16:45:00 UTCDYDXUSDT    0.173800      68.67     11579       53007502.800000 110177.600000 0.21        1.708600    0.001500    0.09        63.08       36.92       2.133900    0.011900    0.56        68.09       31.91       1.521400    0.012000    0.80        60.34       39.66
2026-05-07 17:00:00 UTCDYDXUSDT    0.177100      73.19     11473       54065738.200000 1058235.4000002.00        1.705600    -0.003000   -0.18       63.04       36.96       2.099500    -0.034400   -1.61       67.74       32.26       1.525900    0.004500    0.30        60.41       39.59
2026-05-07 17:15:00 UTCDYDXUSDT    0.180600      76.98     19337       55283935.200000 1218197.0000002.25        1.704900    -0.000700   -0.04       63.03       36.97       2.080500    -0.019000   -0.90       67.54       32.46       1.526500    0.000600    0.04        60.42       39.58
2026-05-07 17:30:00 UTCDYDXUSDT    0.179900      74.71     11379       57748513.600000 2464578.4000004.46        1.684600    -0.020300   -1.19       62.75       37.25       2.104900    0.024400    1.17        67.79       32.21       1.508800    -0.017700   -1.16       60.14       39.86
2026-05-07 17:45:00 UTCDYDXUSDT    0.180200      75.05     7840        57830698.900000 82185.300000  0.14        1.674500    -0.010100   -0.60       62.61       37.39       2.095500    -0.009400   -0.45       67.70       32.30       1.501900    -0.006900   -0.46       60.03       39.97
2026-05-07 18:00:00 UTCDYDXUSDT    0.183500      78.48     7828        57252440.000000 -578258.900000-1.00       1.671700    -0.002800   -0.17       62.57       37.43       2.096300    0.000800    0.04        67.70       32.30       1.503100    0.001200    0.08        60.05       39.95
2026-05-07 18:15:00 UTCDYDXUSDT    0.187500      81.76     12931       57144189.700000 -108250.300000-0.19       1.683100    0.011400    0.68        62.73       37.27       2.096900    0.000600    0.03        67.71       32.29       1.525900    0.022800    1.52        60.41       39.59
2026-05-07 18:30:00 UTCDYDXUSDT    0.187700      81.91     11355       57976246.600000 832056.900000 1.46        1.692500    0.009400    0.56        62.86       37.14       2.068000    -0.028900   -1.38       67.41       32.59       1.556900    0.031000    2.03        60.89       39.11
2026-05-07 18:45:00 UTCDYDXUSDT    0.186400      77.49     10234       57473651.400000 -502595.200000-0.87       1.674500    -0.018000   -1.06       62.61       37.39       2.100200    0.032200    1.56        67.74       32.26       1.549700    -0.007200   -0.46       60.78       39.22
2026-05-07 19:00:00 UTCDYDXUSDT    0.189400      80.15     8717        57143471.200000 -330180.200000-0.57       1.689600    0.015100    0.90        62.82       37.18       2.128300    0.028100    1.34        68.03       31.97       1.564800    0.015100    0.97        61.01       38.99

==============================================================================================================
LAST SNAPSHOT
==============================================================================================================
Time                : 2026-05-07 19:00:00 UTC
Symbol              : DYDXUSDT
Close               : 0.189400
RSI(14)            : 80.15
Number of Trades    : 8717
Volume              : 4983763.200000
Quote Volume        : 931835.962650

Open Interest       : 57143471.200000
OI Change           : -330180.200000
OI Change %         : -0.57%
OI Value            : 10645828.684560

Top Acco L/S Ratio  : 1.689600
Top Acco L/S Change : 0.015100
Top Acco Chg %      : 0.90%
Top Acco Long %     : 62.82
Top Acco Short %    : 37.18

Top Posit L/S Ratio : 2.128300
Top Posit L/S Change: 0.028100
Top Posit Chg %     : 1.34%
Top Posit Long %    : 68.03
Top Posit Short %   : 31.97

Global L/S Ratio    : 1.564800
Global L/S Change   : 0.015100
Global Chg %        : 0.97%
Global Long %       : 61.01
Global Short %      : 38.99

[Program finished]
