####################################################################################################
FETCHING BINANCE FUTURES DATA ...
####################################################################################################
SYMBOL     : HUSDT
PERIOD     : 15m
LIMIT      : 100
RSI_PERIOD : 14
PRINT MODE : CSV_STYLE
NOTE       : EACH OUTPUT ROW = ONE ACTUAL KLINE CANDLE
####################################################################################################

============================================================================================================================================
ANALYSIS-READY CANDLE DATA FOR V3.2.1 | CSV STYLE | EACH ROW = ONE 15m CANDLE
============================================================================================================================================
candle_index,time,symbol,open,high,low,close,close_change,close_change_pct,candle_body_pct,price_range_pct,rsi,number_of_trades,trades_change,trades_change_pct,volume,volume_change,volume_change_pct,quote_volume,quote_volume_change,quote_volume_change_pct,taker_buy_base_volume,taker_buy_quote_volume,taker_sell_quote_volume,taker_buy_quote_pct,oi,oi_value,oi_change,oi_change_pct,oi_value_change,oi_value_change_pct,acco_ls_ratio,acco_ls_change,acco_ls_change_pct,acco_long_pct,acco_short_pct,posit_ls_ratio,posit_ls_change,posit_ls_change_pct,posit_long_pct,posit_short_pct,global_ls_ratio,global_ls_change,global_ls_change_pct,global_long_pct,global_short_pct,quote_volume_source,oi_match_delta_min,acco_match_delta_min,posit_match_delta_min,global_match_delta_min,data_quality1,2026-06-10 20:00:00 UTC,HUSDT,0.095100,0.096260,0.093490,0.094770,0.000000,0.000000,-0.347003,2.912723,53.709028,19974,0.000000,0.000000,5099857.000000,0.000000,0.000000,484976.299700,0.000000,0.000000,2302563.000000,218916.873470,266059.426230,45.139706,187751597.000000,17860809.422610,0.000000,0.000000,0.000000,0.000000,2.614000,0.000000,0.000000,72.330000,27.670000,2.912500,0.000000,0.000000,74.440000,25.560000,2.354600,0.000000,0.000000,70.190000,29.810000,binance_kline_quote_asset_volume,0.000000,0.000000,0.000000,0.000000,OK
2,2026-06-10 20:15:00 UTC,HUSDT,0.094760,0.096870,0.093600,0.096030,0.001260,1.329535,1.340228,3.450823,55.447231,22331,2357,11.800340,5634417.000000,534560.000000,10.481863,537567.078210,52590.778510,10.843989,2473728.000000,235857.769510,301709.308700,43.875040,187796488.000000,17812316.602172,44891.000000,0.023910,-48492.820438,-0.271504,2.607500,-0.006500,-0.248661,72.280000,27.720000,2.896000,-0.016500,-0.566524,74.330000,25.670000,2.343400,-0.011200,-0.475665,70.090000,29.910000,binance_kline_quote_asset_volume,0.000000,0.000000,0.000000,0.000000,OK
3,2026-06-10 20:30:00 UTC,HUSDT,0.096050,0.099330,0.093630,0.098910,0.002880,2.999063,2.977616,5.934409,59.216802,30385,8054,36.066455,8458987.000000,2824570.000000,50.130652,816499.730040,278932.651830,51.887971,3829249.000000,369272.910890,447226.819150,45.226336,187145708.000000,17965987.968000,-650780.000000,-0.346535,153671.365828,0.862725,2.612700,0.005200,0.199425,72.320000,27.680000,2.886300,-0.009700,-0.334945,74.270000,25.730000,2.337800,-0.005600,-0.238969,70.040000,29.960000,binance_kline_quote_asset_volume,0.000000,0.000000,0.000000,0.000000,OK
4,2026-06-10 20:45:00 UTC,HUSDT,0.098920,0.099960,0.096280,0.097760,-0.001150,-1.162673,-1.172665,3.720178,57.137911,33702,3317,10.916571,9083852.000000,624865.000000,7.386996,889591.295620,73091.565580,8.951817,3938837.000000,385635.393570,503955.902050,43.349726,186343253.000000,18434938.019290,-802455.000000,-0.428786,468950.051290,2.610210,2.579100,-0.033600,-1.286026,72.060000,27.940000,2.878700,-0.007600,-0.263313,74.220000,25.780000,2.316700,-0.021100,-0.902558,69.850000,30.150000,binance_kline_quote_asset_volume,0.000000,0.000000,0.000000,0.000000,OK
5,2026-06-10 21:00:00 UTC,HUSDT,0.097740,0.099680,0.096170,0.098250,0.000490,0.501227,0.521793,3.591160,57.817432,26674,-7028,-20.853362,7233294.000000,-1850558.000000,-20.371952,708440.880650,-181150.414970,-20.363330,3205455.000000,313879.649570,394561.231080,44.305694,185590353.000000,18146443.818535,-752900.000000,-0.404039,-288494.200755,-1.564932,2.554900,-0.024200,-0.938312,71.870000,28.130000,2.835100,-0.043600,-1.514573,73.920000,26.080000,2.308000,-0.008700,-0.375534,69.770000,30.230000,binance_kline_quote_asset_volume,0.000000,0.000000,0.000000,0.000000,OK
6,2026-06-10 21:15:00 UTC,HUSDT,0.098260,0.100220,0.094400,0.095870,-0.002380,-2.422392,-2.432322,5.923061,53.389973,22843,-3831,-14.362300,9380665.000000,2147371.000000,29.687318,906922.085010,198481.204360,28.016622,4351465.000000,420628.565060,486293.519950,46.379791,185135593.000000,18196851.543767,-454760.000000,-0.245034,50407.725232,0.277783,2.537300,-0.017600,-0.688872,71.730000,28.270000,2.845100,0.010000,0.352721,73.990000,26.010000,2.269000,-0.039000,-1.689775,69.410000,30.590000,binance_kline_quote_asset_volume,0.000000,0.000000,0.000000,0.000000,OK
7,2026-06-10 21:30:00 UTC,HUSDT,0.095840,0.098060,0.094690,0.097300,0.001430,1.491603,1.523372,3.516277,55.590445,18543,-4300,-18.824147,5572663.000000,-3808002.000000,-40.594158,537123.527840,-369798.557170,-40.775119,2663697.000000,256657.137890,280466.389950,47.783633,184500647.000000,17694335.289836,-634946.000000,-0.342963,-502516.253931,-2.761556,2.575300,0.038000,1.497655,72.030000,27.970000,2.838200,-0.006900,-0.242522,73.950000,26.050000,2.312400,0.043400,1.912737,69.810000,30.190000,binance_kline_quote_asset_volume,0.000000,0.000000,0.000000,0.000000,OK
8,2026-06-10 21:45:00 UTC,HUSDT,0.097320,0.098000,0.094690,0.095850,-0.001450,-1.490236,-1.510481,3.401151,52.865095,22388,3845,20.735588,4232426.000000,-1340237.000000,-24.050207,407788.758720,-129334.769120,-24.079148,1813203.000000,174775.614430,233013.144290,42.859351,183476851.000000,17853176.456416,-1023796.000000,-0.554901,158841.166580,0.897695,2.533600,-0.041700,-1.619229,71.700000,28.300000,2.834200,-0.004000,-0.140934,73.920000,26.080000,2.285200,-0.027200,-1.176267,69.560000,30.440000,binance_kline_quote_asset_volume,0.000000,0.000000,0.000000,0.000000,OK
9,2026-06-10 22:00:00 UTC,HUSDT,0.095950,0.097290,0.094860,0.095290,-0.000560,-0.584246,-0.687858,2.532569,51.808693,26266,3878,17.321780,4893709.000000,661283.000000,15.624207,470405.731390,62616.972670,15.355247,2105422.000000,202417.788140,267987.943250,43.030468,182686069.000000,17536472.383015,-790782.000000,-0.430998,-316704.073401,-1.773937,2.565100,0.031500,1.243290,71.950000,28.050000,2.826500,-0.007700,-0.271682,73.870000,26.130000,2.301400,0.016200,0.708910,69.710000,30.290000,binance_kline_quote_asset_volume,0.000000,0.000000,0.000000,0.000000,OK
10,2026-06-10 22:15:00 UTC,HUSDT,0.095260,0.097590,0.093750,0.093830,-0.001460,-1.532165,-1.501155,4.031073,49.056334,35162,8896,33.868880,8640586.000000,3746877.000000,76.565178,827977.654690,357571.923300,76.013513,3911859.000000,375124.514640,452853.140050,45.306116,182576439.000000,17409696.841295,-109630.000000,-0.060010,-126775.541720,-0.722925,2.529800,-0.035300,-1.376165,71.670000,28.330000,2.824200,-0.002300,-0.081373,73.850000,26.150000,2.279800,-0.021600,-0.938559,69.510000,30.490000,binance_kline_quote_asset_volume,0.000000,0.000000,0.000000,0.000000,OK
11,2026-06-10 22:30:00 UTC,HUSDT,0.093840,0.097310,0.092550,0.096420,0.002590,2.760311,2.749361,5.072464,53.750329,38017,2855,8.119561,9403319.000000,762733.000000,8.827330,897228.583040,69250.928350,8.363864,5012453.000000,478393.442240,418835.140800,53.319015,181646657.000000,17053692.948189,-929782.000000,-0.509256,-356003.893106,-2.044860,2.544800,0.015000,0.592932,71.790000,28.210000,2.823000,-0.001200,-0.042490,73.840000,26.160000,2.292700,0.012900,0.565839,69.630000,30.370000,binance_kline_quote_asset_volume,0.000000,0.000000,0.000000,0.000000,OK
12,2026-06-10 22:45:00 UTC,HUSDT,0.096420,0.097600,0.093740,0.094860,-0.001560,-1.617922,-1.617922,4.003319,50.719003,23589,-14428,-37.951443,6885715.000000,-2517604.000000,-26.773568,658732.810650,-238495.772390,-26.581384,3565853.000000,341301.272340,317431.538310,51.811792,181572869.000000,17567175.075750,-73788.000000,-0.040622,513482.127561,3.010973,2.522400,-0.022400,-0.880226,71.610000,28.390000,2.837700,0.014700,0.520723,73.940000,26.060000,2.261600,-0.031100,-1.356479,69.340000,30.660000,binance_kline_quote_asset_volume,0.000000,0.000000,0.000000,0.000000,OK
13,2026-06-10 23:00:00 UTC,HUSDT,0.094870,0.100230,0.094620,0.098730,0.003870,4.079696,4.068726,5.913355,57.171857,33193,9604,40.713892,9567661.000000,2681946.000000,38.949419,931305.947180,272573.136530,41.378406,4565111.000000,444452.584570,486853.362610,47.723585,181500910.000000,17215361.313500,-71959.000000,-0.039631,-351813.762250,-2.002677,2.534800,0.012400,0.491595,71.710000,28.290000,2.829800,-0.007900,-0.278394,73.890000,26.110000,2.276500,0.014900,0.658826,69.480000,30.520000,binance_kline_quote_asset_volume,0.000000,0.000000,0.000000,0.000000,OK
14,2026-06-10 23:15:00 UTC,HUSDT,0.098720,0.101370,0.096290,0.097380,-0.001350,-1.367366,-1.357374,5.145867,54.491406,36826,3633,10.945079,9692254.000000,124593.000000,1.302231,958746.961870,27441.014690,2.946509,4250103.000000,420593.277550,538153.684320,43.869060,181450466.000000,17918385.935891,-50444.000000,-0.027793,703024.622391,4.083705,2.521100,-0.013700,-0.540477,71.600000,28.400000,2.837500,0.007700,0.272104,73.940000,26.060000,2.248900,-0.027600,-1.212387,69.220000,30.780000,binance_kline_quote_asset_volume,0.000000,0.000000,0.000000,0.000000,OK
15,2026-06-10 23:30:00 UTC,HUSDT,0.097390,0.098180,0.095240,0.096630,-0.000750,-0.770179,-0.780368,3.018790,53.004610,35951,-875,-2.376039,8664565.000000,-1027689.000000,-10.603199,836867.914230,-121879.047640,-12.712327,4363549.000000,421727.644050,415140.270180,50.393573,180860701.000000,17603172.028330,-589765.000000,-0.325028,-315213.907561,-1.759165,2.547400,0.026300,1.043195,71.810000,28.190000,2.855600,0.018100,0.637885,74.060000,25.940000,2.265800,0.016900,0.751479,69.380000,30.620000,binance_kline_quote_asset_volume,0.000000,0.000000,0.000000,0.000000,OK
16,2026-06-10 23:45:00 UTC,HUSDT,0.096640,0.097950,0.095790,0.096030,-0.000600,-0.620925,-0.631209,2.235099,51.787245,25908,-10043,-27.935245,5102224.000000,-3562341.000000,-41.113905,493708.769170,-343159.145060,-41.005174,2258728.000000,218726.067320,274982.701850,44.302650,180425861.000000,17430635.707246,-434840.000000,-0.240428,-172536.321084,-0.980143,2.549900,0.002500,0.098139,71.830000,28.170000,2.860800,0.005200,0.182098,74.100000,25.900000,2.272300,0.006500,0.286874,69.440000,30.560000,binance_kline_quote_asset_volume,0.000000,0.000000,0.000000,0.000000,OK
17,2026-06-11 00:00:00 UTC,HUSDT,0.096060,0.098340,0.094330,0.097550,0.001520,1.582839,1.551114,4.174474,54.630084,28265,2357,9.097576,7404322.000000,2302098.000000,45.119501,710586.324800,216877.555630,43.928236,3589260.000000,344775.826350,365810.498450,48.519907,180507411.000000,17344957.122990,81550.000000,0.045199,-85678.584256,-0.491540,2.529800,-0.020100,-0.788266,71.670000,28.330000,2.853500,-0.007300,-0.255173,74.050000,25.950000,2.264800,-0.007500,-0.330062,69.370000,30.630000,binance_kline_quote_asset_volume,0.000000,0.000000,0.000000,0.000000,OK
18,2026-06-11 00:15:00 UTC,HUSDT,0.097550,0.098810,0.096090,0.098240,0.000690,0.707330,0.707330,2.788314,55.901262,20806,-7459,-26.389528,4960049.000000,-2444273.000000,-33.011436,483068.919200,-227517.405600,-32.018264,2295147.000000,223729.698320,259339.220880,46.314240,180655040.000000,17616243.820326,147629.000000,0.081786,271286.697336,1.564067,2.432900,-0.096900,-3.830342,70.870000,29.130000,2.850800,-0.002700,-0.094621,74.030000,25.970000,2.176600,-0.088200,-3.894384,68.520000,31.480000,binance_kline_quote_asset_volume,0.000000,0.000000,0.000000,0.000000,OK
19,2026-06-11 00:30:00 UTC,HUSDT,0.098230,0.103460,0.098230,0.101520,0.003280,3.338762,3.349282,5.324239,61.433026,48529,27723,133.245218,14817750.000000,9857701.000000,198.742008,1496990.589690,1013921.670490,209.891721,6835230.000000,690893.870830,806096.718860,46.152185,180356822.000000,17727133.159627,-298218.000000,-0.165076,110889.339301,0.629472,2.415300,-0.017600,-0.723416,70.720000,29.280000,2.860100,0.009300,0.326224,74.090000,25.910000,2.156600,-0.020000,-0.918864,68.320000,31.680000,binance_kline_quote_asset_volume,0.000000,0.000000,0.000000,0.000000,OK
20,2026-06-11 00:45:00 UTC,HUSDT,0.101550,0.107170,0.101140,0.105580,0.004060,3.999212,3.968488,5.937962,66.958114,44439,-4090,-8.427950,13825566.000000,-992184.000000,-6.695915,1450745.823580,-46244.766110,-3.089182,6850207.000000,718929.721940,731816.101640,49.555871,180462149.000000,18320517.366480,105327.000000,0.058399,593384.206853,3.347322,2.411800,-0.003500,-0.144910,70.690000,29.310000,2.868100,0.008000,0.279710,74.150000,25.850000,2.164600,0.008000,0.370954,68.400000,31.600000,binance_kline_quote_asset_volume,0.000000,0.000000,0.000000,0.000000,OK
21,2026-06-11 01:00:00 UTC,HUSDT,0.105590,0.106910,0.101880,0.103140,-0.002440,-2.311044,-2.320295,4.763709,61.276568,48628,4189,9.426405,13535086.000000,-290480.000000,-2.101035,1415410.187370,-35335.636210,-2.435688,5591954.000000,584683.153610,830727.033760,41.308390,180690636.000000,19080416.193287,228487.000000,0.126612,759898.826807,4.147802,2.409500,-0.002300,-0.095364,70.670000,29.330000,2.863300,-0.004800,-0.167358,74.120000,25.880000,2.147600,-0.017000,-0.785365,68.230000,31.770000,binance_kline_quote_asset_volume,0.000000,0.000000,0.000000,0.000000,OK
22,2026-06-11 01:15:00 UTC,HUSDT,0.103150,0.105190,0.099430,0.103830,0.000690,0.668994,0.659234,5.584101,62.252009,33866,-14762,-30.356996,10131582.000000,-3403504.000000,-25.145788,1032869.173970,-382541.013400,-27.026866,4255108.000000,433905.277180,598963.896790,42.009703,179923646.000000,18585144.642585,-766990.000000,-0.424477,-495271.550703,-2.595706,2.379500,-0.030000,-1.245072,70.410000,29.590000,2.898500,0.035200,1.229351,74.350000,25.650000,2.146600,-0.001000,-0.046564,68.220000,31.780000,binance_kline_quote_asset_volume,0.000000,0.000000,0.000000,0.000000,OK
23,2026-06-11 01:30:00 UTC,HUSDT,0.103820,0.106140,0.101500,0.103030,-0.000800,-0.770490,-0.760932,4.469274,60.353743,30934,-2932,-8.657651,8889940.000000,-1241642.000000,-12.255164,919414.182320,-113454.991650,-10.984449,3471678.000000,358777.540880,560636.641440,39.022407,179919226.000000,18702603.542700,-4420.000000,-0.002457,117458.900115,0.632004,2.384100,0.004600,0.193318,70.450000,29.550000,2.885200,-0.013300,-0.458858,74.260000,25.740000,2.127900,-0.018700,-0.871145,68.030000,31.970000,binance_kline_quote_asset_volume,0.000000,0.000000,0.000000,0.000000,OK
24,2026-06-11 01:45:00 UTC,HUSDT,0.103010,0.105170,0.099100,0.104570,0.001540,1.494710,1.514416,5.892632,62.710964,38217,7283,23.543674,10771547.000000,1881607.000000,21.165576,1102766.187260,183352.004940,19.942264,4798804.000000,491277.734400,611488.452860,44.549583,180301654.000000,18539953.902553,382428.000000,0.212555,-162649.640147,-0.869663,2.365900,-0.018200,-0.763391,70.290000,29.710000,2.892200,0.007000,0.242617,74.310000,25.690000,2.118200,-0.009700,-0.455848,67.930000,32.070000,binance_kline_quote_asset_volume,0.000000,0.000000,0.000000,0.000000,OK
25,2026-06-11 02:00:00 UTC,HUSDT,0.104520,0.105090,0.097870,0.098540,-0.006030,-5.766472,-5.721393,6.907769,50.140114,30896,-7321,-19.156396,9741870.000000,-1029677.000000,-9.559230,982726.777810,-120039.409450,-10.885300,3716216.000000,375127.880050,607598.897760,38.172144,180108990.000000,18855619.168550,-192664.000000,-0.106856,315665.265997,1.702622,2.331100,-0.034800,-1.470899,69.980000,30.020000,2.898700,0.006500,0.224742,74.350000,25.650000,2.090200,-0.028000,-1.321877,67.640000,32.360000,binance_kline_quote_asset_volume,0.000000,0.000000,0.000000,0.000000,OK
26,2026-06-11 02:15:00 UTC,HUSDT,0.098540,0.102180,0.098210,0.101070,0.002530,2.567485,2.567485,4.028821,54.281109,22830,-8066,-26.106939,6987693.000000,-2754177.000000,-28.271543,699201.604730,-283525.173080,-28.850865,3477526.000000,347630.671770,351570.932960,49.718231,180481144.000000,17807163.048703,372154.000000,0.206627,-1048456.119847,-5.560444,2.292700,-0.038400,-1.647291,69.630000,30.370000,2.966900,0.068200,2.352779,74.790000,25.210000,2.090200,0.000000,0.000000,67.640000,32.360000,binance_kline_quote_asset_volume,0.000000,0.000000,0.000000,0.000000,OK
27,2026-06-11 02:30:00 UTC,HUSDT,0.101070,0.103280,0.100510,0.102590,0.001520,1.503908,1.503908,2.740675,56.612555,19924,-2906,-12.728866,4611445.000000,-2376248.000000,-34.006188,470335.685250,-228865.919480,-32.732465,2132128.000000,217414.252480,252921.432770,46.225336,180527907.000000,18251847.991374,46763.000000,0.025910,444684.942672,2.497225,2.277600,-0.015100,-0.658612,69.490000,30.510000,2.974200,0.007300,0.246048,74.840000,25.160000,2.081700,-0.008500,-0.406660,67.550000,32.450000,binance_kline_quote_asset_volume,0.000000,0.000000,0.000000,0.000000,OK
28,2026-06-11 02:45:00 UTC,HUSDT,0.102610,0.104820,0.102110,0.104410,0.001820,1.774052,1.754215,2.641068,59.289552,18601,-1323,-6.640233,5286211.000000,674766.000000,14.632420,547102.514100,76766.828850,16.321710,2130450.000000,220556.427680,326546.086420,40.313547,180192461.000000,18491350.347820,-335446.000000,-0.185814,239502.356446,1.312209,2.269000,-0.008600,-0.377590,69.410000,30.590000,2.976500,0.002300,0.077332,74.850000,25.150000,2.060900,-0.020800,-0.999183,67.330000,32.670000,binance_kline_quote_asset_volume,0.000000,0.000000,0.000000,0.000000,OK
29,2026-06-11 03:00:00 UTC,HUSDT,0.104410,0.105090,0.099800,0.101630,-0.002780,-2.662580,-2.662580,5.066565,53.826468,27991,9390,50.481157,9927565.000000,4641354.000000,87.801149,1010350.124610,463247.610510,84.672908,4258323.000000,433964.875260,576385.249350,42.951930,179549263.000000,18743136.791614,-643198.000000,-0.356951,251786.443794,1.361644,2.258400,-0.010600,-0.467166,69.310000,30.690000,2.977800,0.001300,0.043675,74.860000,25.140000,2.048800,-0.012100,-0.587122,67.200000,32.800000,binance_kline_quote_asset_volume,0.000000,0.000000,0.000000,0.000000,OK
30,2026-06-11 03:15:00 UTC,HUSDT,0.101680,0.103000,0.099560,0.101850,0.000220,0.216472,0.167191,3.383163,54.186233,21549,-6442,-23.014540,5959438.000000,-3968127.000000,-39.970798,603328.987120,-407021.137490,-40.285157,2745783.000000,278304.648330,325024.338790,46.128175,179645854.000000,18257408.142020,96591.000000,0.053796,-485728.649594,-2.591501,2.252000,-0.006400,-0.283386,69.250000,30.750000,2.988800,0.011000,0.369400,74.930000,25.070000,2.056200,0.007400,0.361187,67.280000,32.720000,binance_kline_quote_asset_volume,0.000000,0.000000,0.000000,0.000000,OK
31,2026-06-11 03:30:00 UTC,HUSDT,0.101840,0.104810,0.100630,0.102330,0.000480,0.471281,0.481147,4.104478,55.009888,21460,-89,-0.413012,6745776.000000,786338.000000,13.194835,689725.631220,86396.644100,14.319989,3673421.000000,375870.874730,313854.756490,54.495709,179098322.000000,18241164.095700,-547532.000000,-0.304784,-16244.046320,-0.088972,2.245700,-0.006300,-0.279751,69.190000,30.810000,3.006300,0.017500,0.585519,75.040000,24.960000,2.047900,-0.008300,-0.403657,67.190000,32.810000,binance_kline_quote_asset_volume,0.000000,0.000000,0.000000,0.000000,OK
32,2026-06-11 03:45:00 UTC,HUSDT,0.102310,0.105800,0.102190,0.105580,0.003250,3.175999,3.196169,3.528492,60.224181,24588,3128,14.575955,8236979.000000,1491203.000000,22.105730,855896.743280,166171.112060,24.092350,4568708.000000,474805.991310,381090.751970,55.474681,178073787.000000,18256409.561299,-1024535.000000,-0.572052,15245.465599,0.083577,2.213400,-0.032300,-1.438304,68.880000,31.120000,2.985600,-0.020700,-0.688554,74.910000,25.090000,2.030300,-0.017600,-0.859417,67.000000,33.000000,binance_kline_quote_asset_volume,0.000000,0.000000,0.000000,0.000000,OK
33,2026-06-11 04:00:00 UTC,HUSDT,0.105640,0.106620,0.101050,0.105600,0.000020,0.018943,-0.037864,5.272624,60.254709,40912,16324,66.390109,11567328.000000,3330349.000000,40.431680,1204156.960810,348260.217530,40.689513,5735236.000000,597407.467230,606749.493580,49.612093,178621056.000000,18871314.566400,547269.000000,0.307327,614905.005101,3.368160,2.198000,-0.015400,-0.695762,68.730000,31.270000,2.890300,-0.095300,-3.191988,74.290000,25.710000,2.011100,-0.019200,-0.945673,66.790000,33.210000,binance_kline_quote_asset_volume,0.000000,0.000000,0.000000,0.000000,OK
34,2026-06-11 04:15:00 UTC,HUSDT,0.105620,0.109160,0.104610,0.106710,0.001110,1.051136,1.032002,4.307896,61.997963,36978,-3934,-9.615761,10029974.000000,-1537354.000000,-13.290485,1075119.923890,-129037.036920,-10.715965,4926700.000000,528078.144360,547041.779530,49.118069,178040351.000000,18747648.960300,-580705.000000,-0.325104,-123665.606100,-0.655310,2.173600,-0.024400,-1.110100,68.490000,31.510000,2.835400,-0.054900,-1.899457,73.930000,26.070000,1.999400,-0.011700,-0.581771,66.660000,33.340000,binance_kline_quote_asset_volume,0.000000,0.000000,0.000000,0.000000,OK
35,2026-06-11 04:30:00 UTC,HUSDT,0.106710,0.108250,0.103000,0.103190,-0.003520,-3.298660,-3.298660,4.919876,53.921173,37019,41,0.110877,9628259.000000,-401715.000000,-4.005145,1016862.132560,-58257.791330,-5.418725,4511886.000000,476355.465520,540506.667040,46.845629,178057869.000000,18991935.419552,17518.000000,0.009839,244286.459252,1.303025,2.172600,-0.001000,-0.046007,68.480000,31.520000,2.811200,-0.024200,-0.853495,73.760000,26.240000,2.007500,0.008100,0.405122,66.750000,33.250000,binance_kline_quote_asset_volume,0.000000,0.000000,0.000000,0.000000,OK
36,2026-06-11 04:45:00 UTC,HUSDT,0.103200,0.106040,0.102660,0.105890,0.002700,2.616533,2.606589,3.275194,58.398103,24689,-12330,-33.307221,6737745.000000,-2890514.000000,-30.021149,701794.227580,-315067.904980,-30.984329,3064053.000000,319263.258420,382530.969160,45.492432,177531315.000000,18386918.294550,-526554.000000,-0.295721,-605017.125002,-3.185653,2.192800,0.020200,0.929762,68.680000,31.320000,2.824400,0.013200,0.469550,73.850000,26.150000,2.042300,0.034800,1.733499,67.130000,32.870000,binance_kline_quote_asset_volume,0.000000,0.000000,0.000000,0.000000,OK
37,2026-06-11 05:00:00 UTC,HUSDT,0.105890,0.109800,0.105520,0.108160,0.002270,2.143734,2.143734,4.041930,61.761844,27584,2895,11.725870,8349921.000000,1612176.000000,23.927531,899066.144860,197271.917280,28.109652,3510300.000000,378341.267650,520724.877210,42.081583,177265809.000000,18778199.675944,-265506.000000,-0.149554,391281.381394,2.128042,2.170600,-0.022200,-1.012404,68.460000,31.540000,2.855300,0.030900,1.094038,74.060000,25.940000,2.015700,-0.026600,-1.302453,66.840000,33.160000,binance_kline_quote_asset_volume,0.000000,0.000000,0.000000,0.000000,OK
38,2026-06-11 05:15:00 UTC,HUSDT,0.108150,0.118480,0.105000,0.107640,-0.000520,-0.480769,-0.471567,12.464170,60.553991,74732,47148,170.925174,28389085.000000,20039164.000000,239.992259,3153352.433300,2254286.288440,250.736423,14475238.000000,1611232.894230,1542119.539070,51.095871,177884688.000000,19243850.163341,618879.000000,0.349125,465650.487397,2.479740,2.154600,-0.016000,-0.737123,68.300000,31.700000,2.834800,-0.020500,-0.717963,73.920000,26.080000,1.990400,-0.025300,-1.255147,66.560000,33.440000,binance_kline_quote_asset_volume,0.000000,0.000000,0.000000,0.000000,OK
39,2026-06-11 05:30:00 UTC,HUSDT,0.107680,0.115030,0.105860,0.112330,0.004690,4.357116,4.318351,8.515973,66.850810,51023,-23709,-31.725365,16418317.000000,-11970768.000000,-42.166798,1799503.440380,-1353848.992920,-42.933640,7429597.000000,814387.535210,985115.905170,45.256237,176739261.000000,19036585.802310,-1145427.000000,-0.643915,-207264.361031,-1.077042,2.181700,0.027100,1.257774,68.570000,31.430000,2.811000,-0.023800,-0.839565,73.760000,26.240000,2.025700,0.035300,1.773513,66.950000,33.050000,binance_kline_quote_asset_volume,0.000000,0.000000,0.000000,0.000000,OK
40,2026-06-11 05:45:00 UTC,HUSDT,0.112320,0.114550,0.109630,0.114030,0.001700,1.513398,1.522436,4.380342,68.795271,57610,6587,12.909864,15413146.000000,-1005171.000000,-6.122254,1734349.359460,-65154.080920,-3.620670,7675002.000000,864056.225260,870293.134200,49.820195,176401440.000000,19792241.568000,-337821.000000,-0.191141,755655.765690,3.969492,2.149600,-0.032100,-1.471330,68.250000,31.750000,2.922200,0.111200,3.955888,74.500000,25.500000,1.993100,-0.032600,-1.609320,66.590000,33.410000,binance_kline_quote_asset_volume,0.000000,0.000000,0.000000,0.000000,OK
41,2026-06-11 06:00:00 UTC,HUSDT,0.113880,0.116400,0.112180,0.114570,0.000540,0.473560,0.605901,3.705655,69.409101,55371,-2239,-3.886478,13899624.000000,-1513522.000000,-9.819682,1595514.398900,-138834.960560,-8.005017,6703627.000000,769714.665320,825799.733580,48.242414,175593023.000000,19996533.459240,-808417.000000,-0.458283,204291.891240,1.032182,2.154600,0.005000,0.232601,68.300000,31.700000,2.923200,0.001000,0.034221,74.510000,25.490000,1.990400,-0.002700,-0.135467,66.560000,33.440000,binance_kline_quote_asset_volume,0.000000,0.000000,0.000000,0.000000,OK
42,2026-06-11 06:15:00 UTC,HUSDT,0.114520,0.116970,0.112570,0.115860,0.001290,1.125949,1.170101,3.842124,70.882636,46396,-8975,-16.208846,9608942.000000,-4290682.000000,-30.869051,1098073.847150,-497440.551750,-31.177440,4739770.000000,541829.174860,556244.672290,49.343601,175108735.000000,20056674.332924,-484288.000000,-0.275801,60140.873684,0.300756,2.127000,-0.027600,-1.280980,68.020000,31.980000,2.922100,-0.001100,-0.037630,74.500000,25.500000,1.991300,0.000900,0.045217,66.570000,33.430000,binance_kline_quote_asset_volume,0.000000,0.000000,0.000000,0.000000,OK
43,2026-06-11 06:30:00 UTC,HUSDT,0.115860,0.135000,0.115450,0.129650,0.013790,11.902296,11.902296,16.873813,81.269383,178804,132408,285.386671,46601694.000000,36992752.000000,384.982571,5956030.434120,4857956.586970,442.407093,23430710.000000,2990368.496990,2965661.937130,50.207408,174510336.000000,20255173.875256,-598399.000000,-0.341730,198499.542332,0.989693,2.117200,-0.009800,-0.460743,67.920000,32.080000,2.912200,-0.009900,-0.338797,74.440000,25.560000,1.970000,-0.021300,-1.069653,66.330000,33.670000,binance_kline_quote_asset_volume,0.000000,0.000000,0.000000,0.000000,OK
44,2026-06-11 06:45:00 UTC,HUSDT,0.129620,0.138000,0.127230,0.133680,0.004030,3.108369,3.132233,8.308903,83.159966,106391,-72413,-40.498535,25424544.000000,-21177150.000000,-45.442876,3360502.759040,-2595527.675080,-43.578147,12618564.000000,1669024.051310,1691478.707730,49.665903,171715559.000000,22273225.157890,-2794777.000000,-1.601497,2018051.282634,9.963140,2.023000,-0.094200,-4.449273,66.920000,33.080000,2.810500,-0.101700,-3.492205,73.760000,26.240000,1.916300,-0.053700,-2.725888,65.710000,34.290000,binance_kline_quote_asset_volume,0.000000,0.000000,0.000000,0.000000,OK
45,2026-06-11 07:00:00 UTC,HUSDT,0.133670,0.136790,0.128690,0.130900,-0.002780,-2.079593,-2.072268,6.059699,77.359264,89953,-16438,-15.450555,20723224.000000,-4701320.000000,-18.491266,2758409.439620,-602093.319420,-17.916763,10153245.000000,1351592.408590,1406817.031030,48.998977,171203397.000000,22842405.780640,-512162.000000,-0.298262,569180.622750,2.555448,2.021100,-0.001900,-0.093920,66.900000,33.100000,2.771000,-0.039500,-1.405444,73.480000,26.520000,1.936000,0.019700,1.028023,65.940000,34.060000,binance_kline_quote_asset_volume,0.000000,0.000000,0.000000,0.000000,OK
46,2026-06-11 07:15:00 UTC,HUSDT,0.131000,0.136540,0.127170,0.128430,-0.002470,-1.886937,-1.961832,7.152672,72.519148,84133,-5820,-6.470045,20003884.000000,-719340.000000,-3.471178,2638809.848000,-119599.591620,-4.335817,9323147.000000,1230166.891330,1408642.956670,46.618247,170540858.000000,22310155.043560,-662539.000000,-0.386989,-532250.737080,-2.330099,1.926500,-0.094600,-4.680619,65.830000,34.170000,2.760700,-0.010300,-0.371707,73.410000,26.590000,1.875200,-0.060800,-3.140496,65.220000,34.780000,binance_kline_quote_asset_volume,0.000000,0.000000,0.000000,0.000000,OK
47,2026-06-11 07:30:00 UTC,HUSDT,0.128540,0.134840,0.122810,0.133780,0.005350,4.165693,4.076552,9.358954,76.019018,91218,7085,8.421190,21882238.000000,1878354.000000,9.389946,2802801.951530,163992.103530,6.214624,10416679.000000,1336043.656130,1466758.295400,47.668143,169140189.000000,21722674.473270,-1400669.000000,-0.821310,-587480.570290,-2.633243,1.922300,-0.004200,-0.218012,65.780000,34.220000,2.746300,-0.014400,-0.521607,73.310000,26.690000,1.864500,-0.010700,-0.570606,65.090000,34.910000,binance_kline_quote_asset_volume,0.000000,0.000000,0.000000,0.000000,OK
48,2026-06-11 07:45:00 UTC,HUSDT,0.133780,0.141720,0.128840,0.131280,-0.002500,-1.868740,-1.868740,9.627747,71.440379,104133,12915,14.158390,28592793.000000,6710555.000000,30.666676,3885334.981760,1082533.030230,38.623244,14002579.000000,1905027.634650,1980307.347110,49.031233,168767876.000000,22579454.130040,-372313.000000,-0.220121,856779.656770,3.944172,1.904400,-0.017900,-0.931176,65.570000,34.430000,2.745400,-0.000900,-0.032771,73.300000,26.700000,1.832100,-0.032400,-1.737731,64.690000,35.310000,binance_kline_quote_asset_volume,0.000000,0.000000,0.000000,0.000000,OK
49,2026-06-11 08:00:00 UTC,HUSDT,0.131170,0.136800,0.129100,0.134770,0.003490,2.658440,2.744530,5.870245,73.811706,59681,-44452,-42.687717,14526360.000000,-14066433.000000,-49.195729,1937697.579570,-1947637.402190,-50.127915,7156219.000000,954824.801710,982872.777860,49.276255,167243417.000000,21805666.662462,-1524459.000000,-0.903287,-773787.467578,-3.426954,1.916300,0.011900,0.624869,65.710000,34.290000,2.733600,-0.011800,-0.429810,73.220000,26.780000,1.853100,0.021000,1.146226,64.950000,35.050000,binance_kline_quote_asset_volume,0.000000,0.000000,0.000000,0.000000,OK
50,2026-06-11 08:15:00 UTC,HUSDT,0.134780,0.144270,0.130630,0.143280,0.008510,6.314462,6.306574,10.120196,78.499570,93162,33481,56.099931,25525037.000000,10998677.000000,75.715300,3531413.603670,1593716.024100,82.247924,13145727.000000,1821279.758280,1710133.845390,51.573675,167656820.000000,22600139.336000,413403.000000,0.247186,794472.673538,3.643423,1.886000,-0.030300,-1.581172,65.350000,34.650000,2.707600,-0.026000,-0.951127,73.030000,26.970000,1.833700,-0.019400,-1.046894,64.710000,35.290000,binance_kline_quote_asset_volume,0.000000,0.000000,0.000000,0.000000,OK
51,2026-06-11 08:30:00 UTC,HUSDT,0.143230,0.143920,0.126330,0.132920,-0.010360,-7.230597,-7.198213,12.280947,63.578696,128750,35588,38.200125,37434732.000000,11909695.000000,46.658875,5101755.319900,1570341.716230,44.467794,18553729.000000,2529967.449510,2571787.870390,49.590137,167831857.000000,24105342.208966,175037.000000,0.104402,1505202.872966,6.660149,1.785500,-0.100500,-5.328738,64.100000,35.900000,2.696800,-0.010800,-0.398877,72.950000,27.050000,1.752500,-0.081200,-4.428205,63.670000,36.330000,binance_kline_quote_asset_volume,0.000000,0.000000,0.000000,0.000000,OK
52,2026-06-11 08:45:00 UTC,HUSDT,0.132940,0.134400,0.127180,0.133340,0.000420,0.315980,0.300888,5.431022,63.878451,58048,-70702,-54.914175,18700846.000000,-18733886.000000,-50.044130,2456029.987290,-2645725.332610,-51.859118,8078994.000000,1062530.261920,1393499.725370,43.262105,164996032.000000,21937760.217418,-2835825.000000,-1.689682,-2167581.991548,-8.992123,1.902800,0.117300,6.569588,65.550000,34.450000,2.699500,0.002700,0.100119,72.970000,27.030000,1.841700,0.089200,5.089872,64.810000,35.190000,binance_kline_quote_asset_volume,0.000000,0.000000,0.000000,0.000000,OK
53,2026-06-11 09:00:00 UTC,HUSDT,0.133340,0.136980,0.127900,0.129470,-0.003870,-2.902355,-2.902355,6.809660,59.055439,79885,21837,37.618867,19076251.000000,375405.000000,2.007423,2520117.531950,64087.544660,2.609396,9073146.000000,1200791.244310,1319326.287640,47.648224,162789854.000000,21696631.741120,-2206178.000000,-1.337110,-241128.476298,-1.099148,1.873600,-0.029200,-1.534581,65.200000,34.800000,2.723600,0.024100,0.892758,73.140000,26.860000,1.820900,-0.020800,-1.129391,64.550000,35.450000,binance_kline_quote_asset_volume,0.000000,0.000000,0.000000,0.000000,OK
54,2026-06-11 09:15:00 UTC,HUSDT,0.129460,0.137670,0.129120,0.137380,0.007910,6.109523,6.117720,6.604357,64.890424,53185,-26700,-33.423046,14454821.000000,-4621430.000000,-24.226091,1938227.465420,-581890.066530,-23.089799,7484650.000000,1004216.494020,934010.971400,51.811075,162240154.000000,21010830.023693,-549700.000000,-0.337675,-685801.717427,-3.160867,1.874400,0.000800,0.042699,65.210000,34.790000,2.714500,-0.009100,-0.334117,73.080000,26.920000,1.828100,0.007200,0.395409,64.640000,35.360000,binance_kline_quote_asset_volume,0.000000,0.000000,0.000000,0.000000,OK
55,2026-06-11 09:30:00 UTC,HUSDT,0.137360,0.143700,0.136920,0.139380,0.002000,1.455816,1.470588,4.935935,66.201940,82692,29507,55.479929,19841177.000000,5386356.000000,37.263388,2785545.719140,847318.253720,43.716141,9691082.000000,1361005.997880,1424539.721260,48.859582,161492271.000000,22187423.112690,-747883.000000,-0.460973,1176593.088997,5.599936,1.791700,-0.082700,-4.412079,64.180000,35.820000,2.688700,-0.025800,-0.950451,72.890000,27.110000,1.758600,-0.069500,-3.801761,63.750000,36.250000,binance_kline_quote_asset_volume,0.000000,0.000000,0.000000,0.000000,OK
56,2026-06-11 09:45:00 UTC,HUSDT,0.139370,0.146000,0.138000,0.143930,0.004550,3.264457,3.271866,5.740116,69.035773,67803,-14889,-18.005369,16635340.000000,-3205837.000000,-16.157494,2366824.406550,-418721.312590,-15.031931,8531420.000000,1214349.779010,1152474.627540,51.307134,161229212.000000,22483413.613400,-263059.000000,-0.162893,295990.500710,1.334046,1.743500,-0.048200,-2.690183,63.550000,36.450000,2.646000,-0.042700,-1.588128,72.570000,27.430000,1.711500,-0.047100,-2.678267,63.120000,36.880000,binance_kline_quote_asset_volume,0.000000,0.000000,0.000000,0.000000,OK
57,2026-06-11 10:00:00 UTC,HUSDT,0.143930,0.159650,0.141010,0.152860,0.008930,6.204405,6.204405,12.950740,73.697112,116043,48240,71.147294,32096328.000000,15460988.000000,92.940619,4819806.333670,2452981.927120,103.640216,16992823.000000,2551650.541890,2268155.791780,52.940935,160264681.000000,23060898.431967,-964531.000000,-0.598236,577484.818567,2.568493,1.702000,-0.041500,-2.380270,62.990000,37.010000,2.595200,-0.050800,-1.919879,72.190000,27.810000,1.685300,-0.026200,-1.530821,62.760000,37.240000,binance_kline_quote_asset_volume,0.000000,0.000000,0.000000,0.000000,OK
58,2026-06-11 10:15:00 UTC,HUSDT,0.152860,0.165520,0.152180,0.163750,0.010890,7.124166,7.124166,8.726940,78.038875,169533,53490,46.094982,46208297.000000,14111969.000000,43.967550,7338833.044910,2519026.711240,52.264065,22008062.000000,3494849.446980,3843983.597930,47.621324,155840139.000000,23999766.331143,-4424542.000000,-2.760772,938867.899176,4.071255,1.589300,-0.112700,-6.621622,61.380000,38.620000,2.542300,-0.052900,-2.038379,71.770000,28.230000,1.613700,-0.071600,-4.248502,61.740000,38.260000,binance_kline_quote_asset_volume,0.000000,0.000000,0.000000,0.000000,OK
59,2026-06-11 10:30:00 UTC,HUSDT,0.163760,0.168460,0.156530,0.162580,-0.001170,-0.714504,-0.720567,7.285051,76.576361,146263,-23270,-13.725941,41290638.000000,-4917659.000000,-10.642372,6699853.605160,-638979.439750,-8.706826,19512924.000000,3169095.060000,3530758.545160,47.300960,158103351.000000,25886873.519198,2263212.000000,1.452265,1887107.188055,7.863023,1.530400,-0.058900,-3.706034,60.480000,39.520000,2.441300,-0.101000,-3.972781,70.940000,29.060000,1.579300,-0.034400,-2.131747,61.230000,38.770000,binance_kline_quote_asset_volume,0.000000,0.000000,0.000000,0.000000,OK
60,2026-06-11 10:45:00 UTC,HUSDT,0.162580,0.172200,0.157240,0.170400,0.007820,4.809940,4.809940,9.201624,79.360516,175262,28999,19.826614,44804180.000000,3513542.000000,8.509295,7388290.504090,688436.898930,10.275402,22428088.000000,3702604.345510,3685686.158580,50.114493,156519770.000000,25468896.974400,-1583581.000000,-1.001611,-417976.544798,-1.614627,1.462400,-0.068000,-4.443283,59.390000,40.610000,2.369000,-0.072300,-2.961537,70.320000,29.680000,1.524000,-0.055300,-3.501551,60.380000,39.620000,binance_kline_quote_asset_volume,0.000000,0.000000,0.000000,0.000000,OK
61,2026-06-11 11:00:00 UTC,HUSDT,0.170320,0.173930,0.164300,0.168170,-0.002230,-1.308685,-1.262330,5.654063,76.565682,133296,-41966,-23.944723,27466068.000000,-17338112.000000,-38.697532,4641022.918290,-2747267.585800,-37.184076,13363216.000000,2259451.690750,2381571.227540,48.684347,154459497.000000,26264292.869880,-2060273.000000,-1.316302,795395.895480,3.123009,1.431900,-0.030500,-2.085613,58.880000,41.120000,2.272100,-0.096900,-4.090333,69.440000,30.560000,1.491300,-0.032700,-2.145669,59.860000,40.140000,binance_kline_quote_asset_volume,0.000000,0.000000,0.000000,0.000000,OK62,2026-06-11 11:15:00 UTC,HUSDT,0.168220,0.179300,0.168220,0.178130,0.009960,5.922578,5.891095,6.586613,79.960240,132541,-755,-0.566409,35301051.000000,7834983.000000,28.526045,6169164.506660,1528141.588370,32.926827,18081296.000000,3164396.624060,3004767.882600,51.293763,154399647.000000,25967273.855680,-59850.000000,-0.038748,-297019.014200,-1.130885,1.426600,-0.005300,-0.370138,58.790000,41.210000,2.207000,-0.065100,-2.865191,68.820000,31.180000,1.495600,0.004300,0.288339,59.930000,40.070000,binance_kline_quote_asset_volume,0.000000,0.000000,0.000000,0.000000,OK
63,2026-06-11 11:30:00 UTC,HUSDT,0.178170,0.180000,0.164090,0.172430,-0.005700,-3.199910,-3.221642,8.929674,73.406826,145398,12857,9.700395,37002018.000000,1700967.000000,4.818460,6396378.376850,227213.870190,3.683057,17616708.000000,3048957.027570,3347421.349280,47.666927,155111359.000000,27616026.356360,711712.000000,0.460954,1648752.500680,6.349348,1.365700,-0.060900,-4.268891,57.730000,42.270000,2.134200,-0.072800,-3.298595,68.090000,31.910000,1.462400,-0.033200,-2.219845,59.390000,40.610000,binance_kline_quote_asset_volume,0.000000,0.000000,0.000000,0.000000,OK
64,2026-06-11 11:45:00 UTC,HUSDT,0.172410,0.177360,0.167470,0.174470,0.002040,1.183089,1.194826,5.736326,74.221150,112265,-33133,-22.787796,27416981.000000,-9585037.000000,-25.904093,4731012.888640,-1665365.488210,-26.036069,15311746.000000,2642441.872020,2088571.016620,55.853618,153891026.000000,26518501.600320,-1220333.000000,-0.786746,-1097524.756040,-3.974231,1.365700,0.000000,0.000000,57.730000,42.270000,2.107700,-0.026500,-1.241683,67.820000,32.180000,1.455800,-0.006600,-0.451313,59.280000,40.720000,binance_kline_quote_asset_volume,0.000000,0.000000,0.000000,0.000000,OK
65,2026-06-11 12:00:00 UTC,HUSDT,0.174400,0.181790,0.173630,0.179570,0.005100,2.923139,2.964450,4.678899,76.184556,113506,1241,1.105420,25701897.000000,-1715084.000000,-6.255554,4593168.026230,-137844.862410,-2.913644,13544511.000000,2422983.619210,2170184.407020,52.751905,148796434.000000,25962001.804320,-5094592.000000,-3.310519,-556499.796000,-2.098534,1.338100,-0.027600,-2.020942,57.230000,42.770000,2.083600,-0.024100,-1.143426,67.570000,32.430000,1.420100,-0.035700,-2.452260,58.680000,41.320000,binance_kline_quote_asset_volume,0.000000,0.000000,0.000000,0.000000,OK
66,2026-06-11 12:15:00 UTC,HUSDT,0.179550,0.191200,0.179310,0.187810,0.008240,4.588740,4.600390,6.622111,78.971322,179480,65974,58.123800,45878096.000000,20176199.000000,78.500816,8540639.552600,3947471.526370,85.942241,23829175.000000,4440513.615480,4100125.937120,51.992753,149416458.000000,26809007.634206,620024.000000,0.416693,847005.829886,3.262483,1.299400,-0.038700,-2.892161,56.510000,43.490000,2.013100,-0.070500,-3.383567,66.810000,33.190000,1.398100,-0.022000,-1.549187,58.300000,41.700000,binance_kline_quote_asset_volume,0.000000,0.000000,0.000000,0.000000,OK
67,2026-06-11 12:30:00 UTC,HUSDT,0.187830,0.191000,0.181000,0.184190,-0.003620,-1.927480,-1.937923,5.323963,74.828694,131219,-48261,-26.889347,27234191.000000,-18643905.000000,-40.637922,5063892.088940,-3476747.463660,-40.708280,12879534.000000,2396693.407560,2667198.681380,47.329077,148455929.000000,27905942.386844,-960529.000000,-0.642854,1096934.752638,4.091665,1.293100,-0.006300,-0.484839,56.390000,43.610000,1.973300,-0.039800,-1.977050,66.370000,33.630000,1.417800,0.019700,1.409055,58.640000,41.360000,binance_kline_quote_asset_volume,0.000000,0.000000,0.000000,0.000000,OK
68,2026-06-11 12:45:00 UTC,HUSDT,0.184130,0.193300,0.177800,0.188580,0.004390,2.383408,2.416771,8.417966,76.442587,148623,17404,13.263323,34296449.000000,7062258.000000,25.931587,6357518.355900,1293626.266960,25.546087,16340109.000000,3031521.016090,3325997.339810,47.684031,147462301.000000,27159892.675044,-993628.000000,-0.669308,-746049.711800,-2.673444,1.276300,-0.016800,-1.299203,56.070000,43.930000,1.950400,-0.022900,-1.160493,66.110000,33.890000,1.400400,-0.017400,-1.227253,58.340000,41.660000,binance_kline_quote_asset_volume,0.000000,0.000000,0.000000,0.000000,OK
69,2026-06-11 13:00:00 UTC,HUSDT,0.188570,0.196560,0.187820,0.192720,0.004140,2.195355,2.200774,4.634884,77.882778,119192,-29431,-19.802453,30284638.000000,-4011811.000000,-11.697453,5833889.130820,-523629.225080,-8.236378,15003786.000000,2892121.184590,2941767.946230,49.574497,147143406.000000,27785089.354980,-318895.000000,-0.216255,625196.679936,2.301911,1.257300,-0.019000,-1.488678,55.700000,44.300000,1.941400,-0.009000,-0.461444,66.000000,34.000000,1.354600,-0.045800,-3.270494,57.530000,42.470000,binance_kline_quote_asset_volume,0.000000,0.000000,0.000000,0.000000,OK
70,2026-06-11 13:15:00 UTC,HUSDT,0.192700,0.208720,0.191540,0.206630,0.013910,7.217725,7.228853,8.915413,81.889086,138646,19454,16.321565,40588219.000000,10303581.000000,34.022467,8095891.494050,2262002.363230,38.773489,21455196.000000,4287373.741300,3808517.752750,52.957401,145719550.000000,28086724.865118,-1423856.000000,-0.967666,301635.510139,1.085602,1.248700,-0.008600,-0.684005,55.530000,44.470000,1.917600,-0.023800,-1.225919,65.730000,34.270000,1.375900,0.021300,1.572420,57.910000,42.090000,binance_kline_quote_asset_volume,0.000000,0.000000,0.000000,0.000000,OK
71,2026-06-11 13:30:00 UTC,HUSDT,0.206630,0.209800,0.192520,0.194470,-0.012160,-5.884915,-5.884915,8.362774,69.958885,171617,32971,23.780708,44190271.000000,3602052.000000,8.874624,8853492.033630,757600.539580,9.357840,20444839.000000,4100114.172540,4753377.861090,46.310700,145496722.000000,30053802.896320,-222828.000000,-0.152916,1967078.031202,7.003586,1.232100,-0.016600,-1.329383,55.200000,44.800000,1.870300,-0.047300,-2.466625,65.160000,34.840000,1.381500,0.005600,0.407006,58.010000,41.990000,binance_kline_quote_asset_volume,0.000000,0.000000,0.000000,0.000000,OK
72,2026-06-11 13:45:00 UTC,HUSDT,0.194450,0.209500,0.193360,0.207350,0.012880,6.623130,6.634096,8.300334,74.239811,123901,-47716,-27.803772,33900461.000000,-10289810.000000,-23.285239,6827074.051340,-2026417.982290,-22.888347,18155397.000000,3659662.020770,3167412.030570,53.605131,143561371.000000,27908330.522400,-1935351.000000,-1.330168,-2145472.373920,-7.138772,1.249200,0.017100,1.387874,55.540000,44.460000,1.882400,0.012100,0.646955,65.310000,34.690000,1.369100,-0.012400,-0.897575,57.790000,42.210000,binance_kline_quote_asset_volume,0.000000,0.000000,0.000000,0.000000,OK
73,2026-06-11 14:00:00 UTC,HUSDT,0.207350,0.207760,0.194150,0.201840,-0.005510,-2.657343,-2.657343,6.563781,69.666151,120080,-3821,-3.083914,26998552.000000,-6901909.000000,-20.359337,5395979.650620,-1431094.400720,-20.962046,13400890.000000,2677993.159310,2717986.491310,49.629415,144572809.000000,29958306.640304,1011438.000000,0.704534,2049976.117904,7.345391,1.201700,-0.047500,-3.802434,54.580000,45.420000,1.865300,-0.017100,-0.908415,65.100000,34.900000,1.358500,-0.010600,-0.774231,57.600000,42.400000,binance_kline_quote_asset_volume,0.000000,0.000000,0.000000,0.000000,OK
74,2026-06-11 14:15:00 UTC,HUSDT,0.201840,0.204700,0.196100,0.198800,-0.003040,-1.506143,-1.506143,4.260801,67.206109,106104,-13976,-11.638907,26139883.000000,-858669.000000,-3.180426,5217043.614680,-178936.035940,-3.316099,13140757.000000,2622823.157930,2594220.456750,50.274127,143754265.000000,29025423.646150,-818544.000000,-0.566181,-932882.994154,-3.113938,1.205600,0.003900,0.324540,54.660000,45.340000,1.879900,0.014600,0.782716,65.280000,34.720000,1.355700,-0.002800,-0.206110,57.550000,42.450000,binance_kline_quote_asset_volume,0.000000,0.000000,0.000000,0.000000,OK
75,2026-06-11 14:30:00 UTC,HUSDT,0.198800,0.199990,0.160000,0.190840,-0.007960,-4.004024,-4.004024,20.115694,61.120147,347862,241758,227.850034,110231180.000000,84091297.000000,321.697297,19334248.071320,14117204.456640,270.597785,54656265.000000,9574079.552370,9760168.518950,49.518758,142265230.000000,28283804.437087,-1489035.000000,-1.035820,-741619.209063,-2.555068,1.173900,-0.031700,-2.629396,54.000000,46.000000,1.905300,0.025400,1.351136,65.580000,34.420000,1.306300,-0.049400,-3.643874,56.640000,43.360000,binance_kline_quote_asset_volume,0.000000,0.000000,0.000000,0.000000,OK
76,2026-06-11 14:45:00 UTC,HUSDT,0.190840,0.195000,0.173350,0.180420,-0.010420,-5.460071,-5.460071,11.344582,54.200795,194241,-153621,-44.161478,48654763.000000,-61576417.000000,-55.861161,8869368.267310,-10464879.804010,-54.126128,23397713.000000,4268891.837730,4600476.429580,48.130732,136730226.000000,26124877.470944,-5535004.000000,-3.890623,-2158926.966143,-7.633085,1.153800,-0.020100,-1.712241,53.570000,46.430000,2.012100,0.106800,5.605416,66.800000,33.200000,1.212900,-0.093400,-7.149966,54.810000,45.190000,binance_kline_quote_asset_volume,0.000000,0.000000,0.000000,0.000000,OK
77,2026-06-11 15:00:00 UTC,HUSDT,0.180510,0.187050,0.174000,0.179860,-0.000560,-0.310387,-0.360091,7.229516,53.847973,153936,-40305,-20.749996,34871168.000000,-13783595.000000,-28.329385,6298728.835100,-2570639.432210,-28.983343,17727891.000000,3204230.737890,3094498.097210,50.871070,136572731.000000,24699178.401350,-157495.000000,-0.115187,-1425699.069594,-5.457247,1.116000,-0.037800,-3.276131,52.740000,47.260000,1.985700,-0.026400,-1.312062,66.510000,33.490000,1.156100,-0.056800,-4.682991,53.620000,46.380000,binance_kline_quote_asset_volume,0.000000,0.000000,0.000000,0.000000,OK
78,2026-06-11 15:15:00 UTC,HUSDT,0.179760,0.188060,0.178880,0.187520,0.007660,4.258868,4.316867,5.106809,57.886275,86547,-67389,-43.777284,18293719.000000,-16577449.000000,-47.539127,3388603.011400,-2910125.823700,-46.201796,9510823.000000,1761128.848700,1627474.162700,51.972121,136701735.000000,24566156.165344,129004.000000,0.094458,-133022.236006,-0.538569,1.094200,-0.021800,-1.953405,52.250000,47.750000,1.952200,-0.033500,-1.687062,66.130000,33.870000,1.125900,-0.030200,-2.612231,52.960000,47.040000,binance_kline_quote_asset_volume,0.000000,0.000000,0.000000,0.000000,OK
79,2026-06-11 15:30:00 UTC,HUSDT,0.187520,0.193530,0.186520,0.189780,0.002260,1.205205,1.205205,3.738268,59.025440,90943,4396,5.079321,21558897.000000,3265178.000000,17.848629,4095171.843920,706568.832520,20.851331,10835395.000000,2059955.151960,2035216.691960,50.302044,137334621.000000,25729641.244350,632886.000000,0.462969,1163485.079006,4.736130,1.086400,-0.007800,-0.712850,52.070000,47.930000,1.933800,-0.018400,-0.942526,65.920000,34.080000,1.140000,0.014100,1.252331,53.270000,46.730000,binance_kline_quote_asset_volume,0.000000,0.000000,0.000000,0.000000,OK
80,2026-06-11 15:45:00 UTC,HUSDT,0.189780,0.194040,0.188400,0.191130,0.001350,0.711350,0.711350,2.971862,59.726242,70859,-20084,-22.084163,13772375.000000,-7786522.000000,-36.117441,2629180.359090,-1465991.484830,-35.798046,6593816.000000,1259743.778440,1369436.580650,47.913935,137714644.000000,26118959.381040,380023.000000,0.276713,389318.136690,1.513111,1.110100,0.023700,2.181517,52.610000,47.390000,1.891600,-0.042200,-2.182232,65.420000,34.580000,1.169700,0.029700,2.605263,53.910000,46.090000,binance_kline_quote_asset_volume,0.000000,0.000000,0.000000,0.000000,OK
81,2026-06-11 16:00:00 UTC,HUSDT,0.191120,0.198800,0.188590,0.197190,0.006060,3.170617,3.176015,5.342193,62.801816,89617,18758,26.472290,17662578.000000,3890203.000000,28.246421,3405437.077680,776256.718590,29.524666,9212286.000000,1779869.984020,1625567.093660,52.265537,137784752.000000,26437596.719685,70108.000000,0.050908,318637.338645,1.219947,1.116000,0.005900,0.531484,52.740000,47.260000,1.873800,-0.017800,-0.941002,65.200000,34.800000,1.179100,0.009400,0.803625,54.110000,45.890000,binance_kline_quote_asset_volume,0.000000,0.000000,0.000000,0.000000,OK
82,2026-06-11 16:15:00 UTC,HUSDT,0.197190,0.201250,0.172550,0.180070,-0.017120,-8.681982,-8.681982,14.554491,50.961527,174978,85361,95.250901,38082357.000000,20419779.000000,115.610411,7106145.269170,3700708.191490,108.670579,16704365.000000,3116977.405670,3989167.863500,43.863125,137134424.000000,27027823.626160,-650328.000000,-0.471988,590226.906475,2.232529,1.093800,-0.022200,-1.989247,52.240000,47.760000,1.866100,-0.007700,-0.410930,65.110000,34.890000,1.184400,0.005300,0.449495,54.220000,45.780000,binance_kline_quote_asset_volume,0.000000,0.000000,0.000000,0.000000,OK
83,2026-06-11 16:30:00 UTC,HUSDT,0.180000,0.192150,0.175600,0.191070,0.011000,6.108735,6.150000,9.194444,56.620623,125720,-49258,-28.150968,26136185.000000,-11946172.000000,-31.369308,4845854.115200,-2260291.153970,-31.807556,13154419.000000,2439838.036000,2406016.079200,50.348978,134264881.000000,24138140.306180,-2869543.000000,-2.092504,-2889683.319980,-10.691513,1.067400,-0.026400,-2.413604,51.630000,48.370000,1.897900,0.031800,1.704089,65.490000,34.510000,1.133100,-0.051300,-4.331307,53.120000,46.880000,binance_kline_quote_asset_volume,0.000000,0.000000,0.000000,0.000000,OK
84,2026-06-11 16:45:00 UTC,HUSDT,0.191070,0.193830,0.185170,0.185690,-0.005380,-2.815722,-2.815722,4.532370,53.376238,67959,-57761,-45.944162,14303208.000000,-11832977.000000,-45.274308,2714978.533780,-2130875.581420,-43.973168,6300605.000000,1197742.314620,1517236.219160,44.116088,134514353.000000,25711685.472726,249472.000000,0.185806,1573545.166546,6.518916,1.065300,-0.002100,-0.196740,51.580000,48.420000,1.863900,-0.034000,-1.791454,65.080000,34.920000,1.141800,0.008700,0.767805,53.310000,46.690000,binance_kline_quote_asset_volume,0.000000,0.000000,0.000000,0.000000,OK
85,2026-06-11 17:00:00 UTC,HUSDT,0.185700,0.194370,0.184310,0.192370,0.006680,3.597394,3.591815,5.417340,56.694280,65733,-2226,-3.275504,14064911.000000,-238297.000000,-1.666039,2672163.658360,-42814.875420,-1.576988,7315145.000000,1389284.554080,1282879.104280,51.990998,134203574.000000,24928313.870500,-310779.000000,-0.231038,-783371.602226,-3.046753,1.053000,-0.012300,-1.154604,51.290000,48.710000,1.850700,-0.013200,-0.708192,64.920000,35.080000,1.115500,-0.026300,-2.303381,52.730000,47.270000,binance_kline_quote_asset_volume,0.000000,0.000000,0.000000,0.000000,OK
86,2026-06-11 17:15:00 UTC,HUSDT,0.192380,0.198310,0.191500,0.197260,0.004890,2.541976,2.536646,3.539869,58.994822,50693,-15040,-22.880441,11572568.000000,-2492343.000000,-17.720290,2249794.360660,-422369.297700,-15.806266,5882651.000000,1144313.385240,1105480.975420,50.863021,133598798.000000,25697075.497178,-604776.000000,-0.450641,768761.626678,3.083889,1.050400,-0.002600,-0.246914,51.230000,48.770000,1.844000,-0.006700,-0.362025,64.840000,35.160000,1.120000,0.004500,0.403407,52.830000,47.170000,binance_kline_quote_asset_volume,0.000000,0.000000,0.000000,0.000000,OK
87,2026-06-11 17:30:00 UTC,HUSDT,0.197260,0.197660,0.193000,0.196680,-0.000580,-0.294028,-0.294028,2.362364,58.597205,53983,3290,6.490048,12288066.000000,715498.000000,6.182707,2405730.482930,155936.122270,6.931128,6310768.000000,1235887.792320,1169842.690610,51.372662,133411445.000000,26280720.550550,-187353.000000,-0.140236,583645.053372,2.271251,1.036200,-0.014200,-1.351866,50.890000,49.110000,1.839400,-0.004600,-0.249458,64.780000,35.220000,1.118600,-0.001400,-0.125000,52.800000,47.200000,binance_kline_quote_asset_volume,0.000000,0.000000,0.000000,0.000000,OK
88,2026-06-11 17:45:00 UTC,HUSDT,0.196790,0.204750,0.195480,0.198140,0.001460,0.742323,0.686010,4.710605,59.340100,84473,30490,56.480744,18750060.000000,6461994.000000,52.587559,3761821.834290,1356091.351360,56.369213,10354219.000000,2077618.847270,1684202.987020,55.229060,132295529.000000,26022530.554300,-1115916.000000,-0.836447,-258189.996250,-0.982431,1.026800,-0.009400,-0.907161,50.660000,49.340000,1.831100,-0.008300,-0.451234,64.680000,35.320000,1.107000,-0.011600,-1.037011,52.540000,47.460000,binance_kline_quote_asset_volume,0.000000,0.000000,0.000000,0.000000,OK
89,2026-06-11 18:00:00 UTC,HUSDT,0.198180,0.199860,0.191270,0.193470,-0.004670,-2.356919,-2.376627,4.334443,55.885889,63125,-21348,-25.271980,13833297.000000,-4916763.000000,-26.222652,2690579.867350,-1071241.966940,-28.476680,6302986.000000,1226705.478990,1463874.388360,45.592606,130284083.000000,25883538.769610,-2011446.000000,-1.520419,-138991.784690,-0.534121,1.058900,0.032100,3.126217,51.430000,48.570000,1.826300,-0.004800,-0.262138,64.620000,35.380000,1.154700,0.047700,4.308943,53.590000,46.410000,binance_kline_quote_asset_volume,0.000000,0.000000,0.000000,0.000000,OK
90,2026-06-11 18:15:00 UTC,HUSDT,0.193440,0.193550,0.187670,0.189200,-0.004270,-2.207061,-2.191894,3.039702,52.856238,54752,-8373,-13.264158,10074228.000000,-3759069.000000,-27.174064,1918113.956590,-772465.910760,-28.710016,4663265.000000,888416.888480,1029697.068110,46.317211,128862281.000000,24927972.704940,-1421802.000000,-1.091309,-955566.064670,-3.691791,1.062700,0.003800,0.358863,51.520000,48.480000,1.871300,0.045000,2.463998,65.170000,34.830000,1.154700,0.000000,0.000000,53.590000,46.410000,binance_kline_quote_asset_volume,0.000000,0.000000,0.000000,0.000000,OK
91,2026-06-11 18:30:00 UTC,HUSDT,0.189190,0.192360,0.188640,0.190460,0.001260,0.665962,0.671283,1.966277,53.654645,37604,-17148,-31.319404,7253277.000000,-2820951.000000,-28.001659,1382616.453640,-535497.502950,-27.917919,3786579.000000,722081.315090,660535.138550,52.225714,127570303.000000,24120992.891240,-1291978.000000,-1.002604,-806979.813700,-3.237246,1.068300,0.005600,0.526960,51.650000,48.350000,1.888600,0.017300,0.924491,65.380000,34.620000,1.148700,-0.006000,-0.519615,53.460000,46.540000,binance_kline_quote_asset_volume,0.000000,0.000000,0.000000,0.000000,OK
92,2026-06-11 18:45:00 UTC,HUSDT,0.190400,0.192100,0.188900,0.190440,-0.000020,-0.010501,0.021008,1.680672,53.639116,28717,-8887,-23.633124,6545204.000000,-708073.000000,-9.762112,1245587.282410,-137029.171230,-9.910859,3458712.000000,658504.554310,587082.728100,52.866994,126510694.000000,24091431.458420,-1059609.000000,-0.830608,-29561.432820,-0.122555,1.068300,0.000000,0.000000,51.650000,48.350000,1.902900,0.014300,0.757175,65.550000,34.450000,1.147800,-0.000900,-0.078349,53.440000,46.560000,binance_kline_quote_asset_volume,0.000000,0.000000,0.000000,0.000000,OK
93,2026-06-11 19:00:00 UTC,HUSDT,0.190440,0.192650,0.184400,0.191460,0.001020,0.535602,0.535602,4.332073,54.364513,45453,16736,58.279068,12333546.000000,5788342.000000,88.436388,2321115.800150,1075528.517740,86.347102,5813886.000000,1095031.632960,1226084.167190,47.176950,125517446.000000,23901500.247394,-993248.000000,-0.785110,-189931.211026,-0.788377,1.074300,0.006000,0.561640,51.790000,48.210000,1.914200,0.011300,0.593830,65.690000,34.310000,1.150500,0.002700,0.235233,53.500000,46.500000,binance_kline_quote_asset_volume,0.000000,0.000000,0.000000,0.000000,OK
94,2026-06-11 19:15:00 UTC,HUSDT,0.191470,0.192140,0.184630,0.185710,-0.005750,-3.003238,-3.008304,3.922285,49.648426,30932,-14521,-31.947286,6759859.000000,-5573687.000000,-45.191278,1269185.752300,-1051930.047850,-45.320016,3296281.000000,619206.991720,649978.760580,48.787736,124330816.000000,23813081.188480,-1186630.000000,-0.945390,-88419.058914,-0.369931,1.076000,0.001700,0.158243,51.830000,48.170000,1.953300,0.039100,2.042629,66.140000,33.860000,1.143600,-0.006900,-0.599739,53.350000,46.650000,binance_kline_quote_asset_volume,0.000000,0.000000,0.000000,0.000000,OK
95,2026-06-11 19:30:00 UTC,HUSDT,0.185720,0.190630,0.184150,0.188440,0.002730,1.470034,1.464570,3.489123,51.786932,33386,2454,7.933532,7064779.000000,304920.000000,4.510745,1326869.434320,57683.682020,4.544936,3845069.000000,721747.667940,605121.766380,54.394777,123952661.000000,23043506.210068,-378155.000000,-0.304152,-769574.978412,-3.231732,1.079900,0.003900,0.362454,51.920000,48.080000,1.956200,0.002900,0.148467,66.170000,33.830000,1.147800,0.004200,0.367261,53.440000,46.560000,binance_kline_quote_asset_volume,0.000000,0.000000,0.000000,0.000000,OK
96,2026-06-11 19:45:00 UTC,HUSDT,0.188450,0.191980,0.188410,0.190590,0.002150,1.140947,1.135580,1.894402,53.463242,24247,-9139,-27.373749,5125016.000000,-1939763.000000,-27.456811,975100.047890,-351769.386430,-26.511228,2831350.000000,538679.963190,436420.084700,55.243558,123425927.000000,23275719.323846,-526734.000000,-0.424948,232213.113778,1.007716,1.073400,-0.006500,-0.601908,51.770000,48.230000,1.957900,0.001700,0.086903,66.190000,33.810000,1.140900,-0.006900,-0.601150,53.290000,46.710000,binance_kline_quote_asset_volume,0.000000,0.000000,0.000000,0.000000,OK
97,2026-06-11 20:00:00 UTC,HUSDT,0.190590,0.192960,0.189200,0.191770,0.001180,0.619130,0.619130,1.972821,54.400327,30307,6060,24.992783,5949819.000000,824803.000000,16.093667,1136598.237230,161498.189340,16.562217,3166232.000000,604929.840750,531668.396480,53.222838,123093786.000000,23454289.984440,-332141.000000,-0.269101,178570.660594,0.767197,1.090300,0.016900,1.574436,52.160000,47.840000,1.960300,0.002400,0.122580,66.220000,33.780000,1.155600,0.014700,1.288456,53.610000,46.390000,binance_kline_quote_asset_volume,0.000000,0.000000,0.000000,0.000000,OK
98,2026-06-11 20:15:00 UTC,HUSDT,0.191750,0.193230,0.189670,0.191190,-0.000580,-0.302446,-0.292047,1.856584,53.826593,23903,-6404,-21.130432,5187493.000000,-762326.000000,-12.812591,991887.019490,-144711.217740,-12.731959,2434447.000000,465619.936030,526267.083460,46.942840,122859568.000000,23563016.628093,-234218.000000,-0.190276,108726.643653,0.463568,1.104800,0.014500,1.329909,52.490000,47.510000,1.956300,-0.004000,-0.204050,66.170000,33.830000,1.174400,0.018800,1.626861,54.010000,45.990000,binance_kline_quote_asset_volume,0.000000,0.000000,0.000000,0.000000,OK
99,2026-06-11 20:30:00 UTC,HUSDT,0.191200,0.193620,0.190340,0.191800,0.000610,0.319054,0.313808,1.715481,54.371636,21984,-1919,-8.028281,4139483.000000,-1048010.000000,-20.202630,794208.740650,-197678.278840,-19.929516,1980686.000000,380160.106140,414048.634510,47.866523,122486611.000000,23439500.880350,-372957.000000,-0.303564,-123515.747744,-0.524193,1.118600,0.013800,1.249095,52.800000,47.200000,1.966200,0.009900,0.506057,66.290000,33.710000,1.187700,0.013300,1.132493,54.290000,45.710000,binance_kline_quote_asset_volume,0.000000,0.000000,0.000000,0.000000,OK
100,2026-06-11 20:45:00 UTC,HUSDT,0.191800,0.193420,0.190410,0.191700,-0.000100,-0.052138,-0.052138,1.569343,54.258562,16416,-5568,-25.327511,3973597.000000,-165886.000000,-4.007409,763214.016280,-30994.724370,-3.902592,2044125.000000,392686.040090,370527.976190,51.451628,122140120.000000,23430139.219600,-346491.000000,-0.282881,-9361.660750,-0.039940,1.121300,0.002700,0.241373,52.860000,47.140000,1.962300,-0.003900,-0.198352,66.240000,33.760000,1.188700,0.001000,0.084196,54.310000,45.690000,binance_kline_quote_asset_volume,0.000000,0.000000,0.000000,0.000000,OK

==================================================================================================================================LAST CANDLE SNAPSHOT — FULL DATA NEEDED FOR V3.2.1
==================================================================================================================================Candle Index        : 100
Time                : 2026-06-11 20:45:00 UTC
Close Time          : 2026-06-11 20:59:59 UTC
Symbol              : HUSDT

[PRICE / RSI]
Open                : 0.19180000
High                : 0.19342000
Low                 : 0.19041000
Close               : 0.19170000
Close Change        : -0.00010000
Close Change %      : -0.0521%
Candle Body %       : -0.0521%
Price Range %       : 1.5693%
RSI(14)            : 54.26

[TRADES / VOLUME / QUOTE VOLUME]
Number of Trades    : 16416
Trades Change       : -5568
Trades Change %     : -25.3275%
Volume              : 3973597.00000000
Volume Change       : -165886.00000000
Volume Change %     : -4.0074%
Quote Volume        : 763214.01628000
Quote Volume Change : -30994.72437000
Quote Volume Chg %  : -3.9026%
Quote Volume Source : binance_kline_quote_asset_volume
Taker Buy Base Vol  : 2044125.00000000
Taker Buy Quote Vol : 392686.04009000
Taker Sell Quote Vol: 370527.97619000
Taker Buy Quote %   : 51.4516%

[OPEN INTEREST]
Open Interest       : 122140120.00000000
OI Change           : -346491.00000000
OI Change %         : -0.2829%
OI Value            : 23430139.21960000
OI Value Change     : -9361.66074958
OI Value Change %   : -0.0399%

[TOP ACCOUNT L/S]
Top Acco L/S Ratio  : 1.12130000
Top Acco L/S Change : 0.00270000
Top Acco Chg %      : 0.2414%
Top Acco Long %     : 52.8600
Top Acco Short %    : 47.1400

[TOP POSITION L/S]
Top Posit L/S Ratio : 1.96230000
Top Posit L/S Change: -0.00390000
Top Posit Chg %     : -0.1984%
Top Posit Long %    : 66.2400
Top Posit Short %   : 33.7600

[GLOBAL L/S]
Global L/S Ratio    : 1.18870000
Global L/S Change   : 0.00100000
Global Chg %        : 0.0842%
Global Long %       : 54.3100
Global Short %      : 45.6900

[DATA QUALITY / TIMESTAMP MATCH]
OI Match Delta Min     : 0.0
Acco Match Delta Min   : 0.0
Posit Match Delta Min  : 0.0
Global Match Delta Min : 0.0
Data Quality           : OK

====================================================================================================
تمت الطباعة: 100 شمعة. كل صف في الجدول = شمعة واحدة.
RSI للسياق فقط. القرار البنيوي يعتمد على OI → Trades/Quote → L/S → Price Acceptance.
====================================================================================================

[Program finished]
