####################################################################################################
FETCHING BINANCE FUTURES DATA ...
####################################################################################################
SYMBOL     : INXUSDT
PERIOD     : 15m
LIMIT      : 100
RSI_PERIOD : 14
PRINT MODE : CSV_STYLE
NOTE       : EACH OUTPUT ROW = ONE ACTUAL KLINE CANDLE
####################################################################################################

============================================================================================================================================
ANALYSIS-READY CANDLE DATA FOR V3.2.1 | CSV STYLE | EACH ROW = ONE 15m CANDLE
============================================================================================================================================
candle_index,time,symbol,open,high,low,close,close_change,close_change_pct,candle_body_pct,price_range_pct,rsi,number_of_trades,trades_change,trades_change_pct,volume,volume_change,volume_change_pct,quote_volume,quote_volume_change,quote_volume_change_pct,taker_buy_base_volume,taker_buy_quote_volume,taker_sell_quote_volume,taker_buy_quote_pct,oi,oi_value,oi_change,oi_change_pct,oi_value_change,oi_value_change_pct,acco_ls_ratio,acco_ls_change,acco_ls_change_pct,acco_long_pct,acco_short_pct,posit_ls_ratio,posit_ls_change,posit_ls_change_pct,posit_long_pct,posit_short_pct,global_ls_ratio,global_ls_change,global_ls_change_pct,global_long_pct,global_short_pct,quote_volume_source,oi_match_delta_min,acco_match_delta_min,posit_match_delta_min,global_match_delta_min,data_quality1,2026-06-10 20:00:00 UTC,INXUSDT,0.006720,0.006738,0.006692,0.006726,0.000000,0.000000,0.089286,0.684524,33.034111,505,0.000000,0.000000,3518914.000000,0.000000,0.000000,23624.341213,0.000000,0.000000,1998603.000000,13419.678350,10204.662863,56.804455,196697903.000000,1321424.380270,0.000000,0.000000,0.000000,0.000000,3.686000,0.000000,0.000000,78.660000,21.340000,1.224800,0.000000,0.000000,55.050000,44.950000,3.803100,0.000000,0.000000,79.180000,20.820000,binance_kline_quote_asset_volume,0.000000,0.000000,0.000000,0.000000,OK
2,2026-06-10 20:15:00 UTC,INXUSDT,0.006726,0.006749,0.006695,0.006731,0.000005,0.074338,0.074338,0.802855,33.675284,377,-128,-25.346535,3029667.000000,-489247.000000,-13.903352,20396.824767,-3227.516446,-13.661826,1251494.000000,8423.425504,11973.399263,41.297729,196725250.000000,1323966.834258,27347.000000,0.013903,2542.453987,0.192403,3.694800,0.008800,0.238741,78.700000,21.300000,1.228800,0.004000,0.326584,55.130000,44.870000,3.796200,-0.006900,-0.181431,79.150000,20.850000,binance_kline_quote_asset_volume,0.000000,0.000000,0.000000,0.000000,OK
3,2026-06-10 20:30:00 UTC,INXUSDT,0.006727,0.006754,0.006721,0.006721,-0.000010,-0.148566,-0.089193,0.490560,32.994856,350,-27,-7.161804,2364179.000000,-665488.000000,-21.965714,15924.099890,-4472.724877,-21.928535,1313211.000000,8846.660517,7077.439373,55.555168,196726898.000000,1324154.979555,1648.000000,0.000838,188.145298,0.014211,3.668500,-0.026300,-0.711811,78.580000,21.420000,1.226700,-0.002100,-0.170898,55.090000,44.910000,3.835600,0.039400,1.037880,79.320000,20.680000,binance_kline_quote_asset_volume,0.000000,0.000000,0.000000,0.000000,OK
4,2026-06-10 20:45:00 UTC,INXUSDT,0.006723,0.006748,0.006705,0.006742,0.000021,0.312454,0.282612,0.639595,35.922901,335,-15,-4.285714,1399374.000000,-964805.000000,-40.809304,9407.009664,-6517.090226,-40.925957,726525.000000,4882.574783,4524.434881,51.903580,196911055.000000,1325585.531155,184157.000000,0.093610,1430.551599,0.108035,3.659800,-0.008700,-0.237154,78.540000,21.460000,1.228500,0.001800,0.146735,55.130000,44.870000,3.835600,0.000000,0.000000,79.320000,20.680000,binance_kline_quote_asset_volume,0.000000,0.000000,0.000000,0.000000,OK
5,2026-06-10 21:00:00 UTC,INXUSDT,0.006742,0.006748,0.006584,0.006608,-0.000134,-1.987541,-1.987541,2.432513,27.626854,1412,1077,321.492537,17411657.000000,16012283.000000,1144.246141,115693.674829,106286.665165,1129.866652,7446025.000000,49549.180892,66144.493937,42.827908,196812306.000000,1327018.781943,-98749.000000,-0.050149,1433.250789,0.108122,3.638200,-0.021600,-0.590196,78.440000,21.560000,1.228400,-0.000100,-0.008140,55.130000,44.870000,3.803100,-0.032500,-0.847325,79.180000,20.820000,binance_kline_quote_asset_volume,0.000000,0.000000,0.000000,0.000000,OK
6,2026-06-10 21:15:00 UTC,INXUSDT,0.006610,0.006669,0.006576,0.006615,0.000007,0.105932,0.075643,1.406959,28.555070,1278,-134,-9.490085,13841174.000000,-3570483.000000,-20.506279,91682.949281,-24010.725548,-20.753706,9311295.000000,61702.498910,29980.450371,67.299863,196265221.000000,1297256.193896,-547085.000000,-0.277973,-29762.588047,-2.242816,3.694800,0.056600,1.555714,78.700000,21.300000,1.198600,-0.029800,-2.425920,54.520000,45.480000,3.921300,0.118200,3.107991,79.680000,20.320000,binance_kline_quote_asset_volume,0.000000,0.000000,0.000000,0.000000,OK
7,2026-06-10 21:30:00 UTC,INXUSDT,0.006616,0.006649,0.006591,0.006612,-0.000003,-0.045351,-0.060459,0.876663,28.387035,628,-650,-50.860720,5106043.000000,-8735131.000000,-63.109755,33816.586543,-57866.362738,-63.115730,3176081.000000,21032.217804,12784.368739,62.194976,195967237.000000,1296519.239992,-297984.000000,-0.151827,-736.953904,-0.056809,3.638200,-0.056600,-1.531883,78.440000,21.560000,1.233400,0.034800,2.903387,55.220000,44.780000,3.782400,-0.138900,-3.542193,79.090000,20.910000,binance_kline_quote_asset_volume,0.000000,0.000000,0.000000,0.000000,OK
8,2026-06-10 21:45:00 UTC,INXUSDT,0.006612,0.006617,0.006387,0.006435,-0.000177,-2.676951,-2.676951,3.478524,20.661677,1928,1300,207.006369,26882218.000000,21776175.000000,426.478488,173976.032090,140159.445547,414.469525,10416903.000000,67464.222447,106511.809643,38.777883,196090352.000000,1296549.407424,123115.000000,0.062824,30.167432,0.002327,3.612500,-0.025700,-0.706393,78.320000,21.680000,1.237800,0.004400,0.356737,55.310000,44.690000,3.826300,0.043900,1.160639,79.280000,20.720000,binance_kline_quote_asset_volume,0.000000,0.000000,0.000000,0.000000,OK
9,2026-06-10 22:00:00 UTC,INXUSDT,0.006435,0.006454,0.006287,0.006417,-0.000018,-0.279720,-0.279720,2.595183,20.063687,2530,602,31.224066,22772292.000000,-4109926.000000,-15.288642,144994.672642,-28981.359448,-16.658248,10352926.000000,65920.299087,79074.373555,45.463946,196734374.000000,1265788.962316,644022.000000,0.328431,-30760.445108,-2.372485,3.714800,0.102300,2.831834,78.790000,21.210000,1.242600,0.004800,0.387785,55.410000,44.590000,3.878000,0.051700,1.351175,79.500000,20.500000,binance_kline_quote_asset_volume,0.000000,0.000000,0.000000,0.000000,OK
10,2026-06-10 22:15:00 UTC,INXUSDT,0.006413,0.006549,0.006376,0.006540,0.000123,1.916784,1.980352,2.697645,34.099398,1657,-873,-34.505929,15904615.000000,-6867677.000000,-30.158040,102766.958744,-42227.713898,-29.123631,10495056.000000,67801.940881,34965.017863,65.976401,198604807.000000,1274522.516346,1870433.000000,0.950740,8733.554030,0.689969,3.595600,-0.119200,-3.208786,78.240000,21.760000,1.244700,0.002100,0.169000,55.450000,44.550000,3.842600,-0.035400,-0.912842,79.350000,20.650000,binance_kline_quote_asset_volume,0.000000,0.000000,0.000000,0.000000,OK
11,2026-06-10 22:30:00 UTC,INXUSDT,0.006539,0.006587,0.006479,0.006563,0.000023,0.351682,0.367029,1.651629,36.349987,930,-727,-43.874472,6132069.000000,-9772546.000000,-61.444719,40046.528910,-62720.429834,-61.031708,3101171.000000,20257.248567,19789.280343,50.584281,199913381.000000,1307433.511740,1308574.000000,0.658883,32910.995394,2.582222,3.516700,-0.078900,-2.194349,77.860000,22.140000,1.265300,0.020600,1.655017,55.860000,44.140000,3.644700,-0.197900,-5.150159,78.470000,21.530000,binance_kline_quote_asset_volume,0.000000,0.000000,0.000000,0.000000,OK
12,2026-06-10 22:45:00 UTC,INXUSDT,0.006562,0.006580,0.006532,0.006544,-0.000019,-0.289502,-0.274307,0.731484,35.278163,730,-200,-21.505376,5624447.000000,-507622.000000,-8.278152,36932.841481,-3113.687429,-7.775174,2001121.000000,13136.019074,23796.822407,35.567312,200211293.000000,1313986.715959,297912.000000,0.149021,6553.204219,0.501227,3.514700,-0.002000,-0.056871,77.850000,22.150000,1.259300,-0.006000,-0.474196,55.740000,44.260000,3.739300,0.094600,2.595550,78.900000,21.100000,binance_kline_quote_asset_volume,0.000000,0.000000,0.000000,0.000000,OK
13,2026-06-10 23:00:00 UTC,INXUSDT,0.006544,0.006555,0.006512,0.006515,-0.000029,-0.443154,-0.443154,0.657090,33.647369,713,-17,-2.328767,3253669.000000,-2370778.000000,-42.151308,21252.289335,-15680.552146,-42.456934,1299952.000000,8492.398429,12759.890906,39.959923,200849477.000000,1314358.977488,638184.000000,0.318755,372.261529,0.028331,3.476300,-0.038400,-1.092554,77.660000,22.340000,1.273400,0.014100,1.119670,56.010000,43.990000,3.694800,-0.044500,-1.190062,78.700000,21.300000,binance_kline_quote_asset_volume,0.000000,0.000000,0.000000,0.000000,OK
14,2026-06-10 23:15:00 UTC,INXUSDT,0.006516,0.006620,0.006503,0.006616,0.000101,1.550269,1.534684,1.795580,43.451755,956,243,34.081346,7856499.000000,4602830.000000,141.465834,51616.081790,30363.792455,142.873043,4699043.000000,30891.819055,20724.262735,59.849214,200429614.000000,1305798.935210,-419863.000000,-0.209044,-8560.042278,-0.651271,3.474300,-0.002000,-0.057532,77.650000,22.350000,1.273100,-0.000300,-0.023559,56.010000,43.990000,3.734800,0.040000,1.082603,78.880000,21.120000,binance_kline_quote_asset_volume,0.000000,0.000000,0.000000,0.000000,OK
15,2026-06-10 23:30:00 UTC,INXUSDT,0.006616,0.006654,0.006606,0.006652,0.000036,0.544135,0.544135,0.725514,46.486958,507,-449,-46.966527,4016393.000000,-3840106.000000,-48.878082,26617.029426,-24999.052364,-48.432681,1404084.000000,9305.789521,17311.239905,34.961788,201309435.000000,1332306.102717,879821.000000,0.438968,26507.167507,2.029958,3.490300,0.016000,0.460524,77.730000,22.270000,1.269100,-0.004000,-0.314194,55.930000,44.070000,3.750600,0.015800,0.423048,78.950000,21.050000,binance_kline_quote_asset_volume,0.000000,0.000000,0.000000,0.000000,OK
16,2026-06-10 23:45:00 UTC,INXUSDT,0.006652,0.006706,0.006644,0.006677,0.000025,0.375827,0.375827,0.932051,48.552138,565,58,11.439842,4929929.000000,913536.000000,22.745185,32897.504181,6280.474755,23.595701,2183672.000000,14558.281770,18339.222411,44.253454,201005744.000000,1337140.460524,-303691.000000,-0.150858,4834.357807,0.362856,3.454300,-0.036000,-1.031430,77.550000,22.450000,1.254300,-0.014800,-1.166181,55.640000,44.360000,3.723700,-0.026900,-0.717219,78.830000,21.170000,binance_kline_quote_asset_volume,0.000000,0.000000,0.000000,0.000000,OK
17,2026-06-11 00:00:00 UTC,INXUSDT,0.006674,0.006753,0.006666,0.006749,0.000072,1.078329,1.123764,1.303566,54.051892,711,146,25.840708,4673065.000000,-256864.000000,-5.210298,31308.707367,-1588.796814,-4.829536,1963245.000000,13151.606357,18157.101010,42.006226,200583242.000000,1338624.358806,-422502.000000,-0.210194,1483.898282,0.110975,3.424800,-0.029500,-0.854008,77.400000,22.600000,1.237100,-0.017200,-1.371283,55.300000,44.700000,3.646800,-0.076900,-2.065150,78.480000,21.520000,binance_kline_quote_asset_volume,0.000000,0.000000,0.000000,0.000000,OK
18,2026-06-11 00:15:00 UTC,INXUSDT,0.006754,0.006839,0.006748,0.006796,0.000047,0.696399,0.621854,1.347350,57.263516,798,87,12.236287,6951710.000000,2278645.000000,48.761252,47230.272792,15921.565425,50.853474,2774547.000000,18839.036199,28391.236593,39.887629,200468873.000000,1352888.245705,-114369.000000,-0.057018,14263.886900,1.065563,3.440500,0.015700,0.458421,77.480000,22.520000,1.225700,-0.011400,-0.921510,55.070000,44.930000,3.710300,0.063500,1.741253,78.770000,21.230000,binance_kline_quote_asset_volume,0.000000,0.000000,0.000000,0.000000,OK
19,2026-06-11 00:30:00 UTC,INXUSDT,0.006796,0.006808,0.006744,0.006769,-0.000027,-0.397293,-0.397293,0.941730,54.889955,610,-188,-23.558897,5322512.000000,-1629198.000000,-23.435932,36089.330098,-11140.942694,-23.588563,2449044.000000,16606.313703,19483.016395,46.014469,199619232.000000,1356612.300672,-849641.000000,-0.423827,3724.054967,0.275267,3.500500,0.060000,1.743933,77.780000,22.220000,1.210000,-0.015700,-1.280901,54.750000,45.250000,3.728100,0.017800,0.479746,78.850000,21.150000,binance_kline_quote_asset_volume,0.000000,0.000000,0.000000,0.000000,OK
20,2026-06-11 00:45:00 UTC,INXUSDT,0.006771,0.006790,0.006740,0.006742,-0.000027,-0.398877,-0.428297,0.738443,52.544461,561,-49,-8.032787,3013042.000000,-2309470.000000,-43.390602,20393.735029,-15695.595069,-43.490957,1436495.000000,9719.655700,10674.079329,47.660008,199176371.000000,1349147.041897,-442861.000000,-0.221853,-7465.258775,-0.550287,3.504500,0.004000,0.114269,77.800000,22.200000,1.219300,0.009300,0.768595,54.940000,45.060000,3.712500,-0.015600,-0.418444,78.780000,21.220000,binance_kline_quote_asset_volume,0.000000,0.000000,0.000000,0.000000,OK
21,2026-06-11 01:00:00 UTC,INXUSDT,0.006742,0.006807,0.006736,0.006780,0.000038,0.563631,0.563631,1.053100,55.431008,636,75,13.368984,4770432.000000,1757390.000000,58.326104,32284.785022,11891.049993,58.307367,3108433.000000,21027.724287,11257.060735,65.131994,198582884.000000,1339342.261138,-593487.000000,-0.297971,-9804.780759,-0.726739,3.516700,0.012200,0.348124,77.860000,22.140000,1.222100,0.002800,0.229640,55.000000,45.000000,3.681600,-0.030900,-0.832323,78.640000,21.360000,binance_kline_quote_asset_volume,0.000000,0.000000,0.000000,0.000000,OK
22,2026-06-11 01:15:00 UTC,INXUSDT,0.006780,0.006802,0.006767,0.006787,0.000007,0.103245,0.103245,0.516224,55.962400,369,-267,-41.981132,1998521.000000,-2771911.000000,-58.106079,13556.576535,-18728.208487,-58.009395,986776.000000,6690.833215,6865.743320,49.354888,199716117.000000,1354145.173901,1133233.000000,0.570660,14802.912763,1.105237,3.466300,-0.050400,-1.433162,77.610000,22.390000,1.221400,-0.000700,-0.057278,54.980000,45.020000,3.732600,0.051000,1.385267,78.870000,21.130000,binance_kline_quote_asset_volume,0.000000,0.000000,0.000000,0.000000,OK
23,2026-06-11 01:30:00 UTC,INXUSDT,0.006787,0.006814,0.006760,0.006792,0.000005,0.073670,0.073670,0.795639,56.362618,390,21,5.691057,1554881.000000,-443640.000000,-22.198416,10547.156650,-3009.419885,-22.198967,753000.000000,5105.880892,5441.275758,48.410022,199779255.000000,1355901.803685,63138.000000,0.031614,1756.629784,0.129722,3.452400,-0.013900,-0.401004,77.540000,22.460000,1.224800,0.003400,0.278369,55.050000,44.950000,3.697000,-0.035600,-0.953759,78.710000,21.290000,binance_kline_quote_asset_volume,0.000000,0.000000,0.000000,0.000000,OK
24,2026-06-11 01:45:00 UTC,INXUSDT,0.006792,0.006808,0.006779,0.006795,0.000003,0.044170,0.044170,0.426973,56.617374,251,-139,-35.641026,1560934.000000,6053.000000,0.389290,10607.681855,60.525205,0.573853,549146.000000,3728.692863,6878.988992,35.150874,199539427.000000,1355271.788184,-239828.000000,-0.120046,-630.015501,-0.046465,3.446400,-0.006000,-0.173792,77.510000,22.490000,1.226900,0.002100,0.171457,55.090000,44.910000,3.721400,0.024400,0.659995,78.820000,21.180000,binance_kline_quote_asset_volume,0.000000,0.000000,0.000000,0.000000,OK
25,2026-06-11 02:00:00 UTC,INXUSDT,0.006796,0.006815,0.006772,0.006774,-0.000021,-0.309051,-0.323720,0.632725,54.230694,312,61,24.302789,1405013.000000,-155921.000000,-9.988955,9549.896233,-1057.785622,-9.971883,518230.000000,3524.529340,6025.366893,36.906467,199169583.000000,1354285.446742,-369844.000000,-0.185349,-986.341442,-0.072778,3.436600,-0.009800,-0.284355,77.460000,22.540000,1.229200,0.002300,0.187464,55.140000,44.860000,3.694800,-0.026600,-0.714785,78.700000,21.300000,binance_kline_quote_asset_volume,0.000000,0.000000,0.000000,0.000000,OK
26,2026-06-11 02:15:00 UTC,INXUSDT,0.006774,0.006799,0.006742,0.006751,-0.000023,-0.339534,-0.339534,0.841453,51.662018,487,175,56.089744,3073044.000000,1668031.000000,118.719969,20801.996749,11252.100516,117.824322,1129119.000000,7644.896577,13157.100172,36.750782,199211743.000000,1349872.715390,42160.000000,0.021168,-4412.731352,-0.325835,3.454300,0.017700,0.515044,77.550000,22.450000,1.231500,0.002300,0.187114,55.190000,44.810000,3.743800,0.049000,1.326188,78.920000,21.080000,binance_kline_quote_asset_volume,0.000000,0.000000,0.000000,0.000000,OK
27,2026-06-11 02:30:00 UTC,INXUSDT,0.006756,0.006757,0.006690,0.006699,-0.000052,-0.770256,-0.843694,0.991711,46.320139,446,-41,-8.418891,2277513.000000,-795531.000000,-25.887394,15281.140023,-5520.856726,-26.540033,971637.000000,6515.846988,8765.293035,42.639796,199329977.000000,1345979.656292,118234.000000,0.059351,-3893.059098,-0.288402,3.418900,-0.035400,-1.024810,77.370000,22.630000,1.238100,0.006600,0.535932,55.320000,44.680000,3.712500,-0.031300,-0.836049,78.780000,21.220000,binance_kline_quote_asset_volume,0.000000,0.000000,0.000000,0.000000,OK
28,2026-06-11 02:45:00 UTC,INXUSDT,0.006698,0.006734,0.006691,0.006719,0.000020,0.298552,0.313526,0.641983,48.524752,443,-3,-0.672646,3115981.000000,838468.000000,36.815070,20909.209994,5628.069971,36.830171,1612800.000000,10824.815921,10084.394073,51.770564,199237446.000000,1334492.413308,-92531.000000,-0.046421,-11487.242984,-0.853448,3.490300,0.071400,2.088391,77.730000,22.270000,1.244200,0.006100,0.492690,55.440000,44.560000,3.723700,0.011200,0.301684,78.830000,21.170000,binance_kline_quote_asset_volume,0.000000,0.000000,0.000000,0.000000,OK
29,2026-06-11 03:00:00 UTC,INXUSDT,0.006720,0.006742,0.006687,0.006690,-0.000029,-0.431612,-0.446429,0.818452,45.600319,336,-107,-24.153499,1530473.000000,-1585508.000000,-50.883109,10282.331500,-10626.878494,-50.823912,589838.000000,3958.110983,6324.220517,38.494295,199081097.000000,1337480.561542,-156349.000000,-0.078474,2988.148234,0.223916,3.492400,0.002100,0.060167,77.740000,22.260000,1.245500,0.001300,0.104485,55.470000,44.530000,3.752900,0.029200,0.784166,78.960000,21.040000,binance_kline_quote_asset_volume,0.000000,0.000000,0.000000,0.000000,OK
30,2026-06-11 03:15:00 UTC,INXUSDT,0.006690,0.006737,0.006687,0.006734,0.000044,0.657698,0.657698,0.747384,50.477004,320,-16,-4.761905,982563.000000,-547910.000000,-35.800044,6587.767202,-3694.564298,-35.931192,534692.000000,3583.484661,3004.282541,54.396043,198987315.000000,1331750.463862,-93782.000000,-0.047107,-5730.097681,-0.428425,3.454300,-0.038100,-1.090940,77.550000,22.450000,1.249700,0.004200,0.337214,55.550000,44.450000,3.710300,-0.042600,-1.135122,78.770000,21.230000,binance_kline_quote_asset_volume,0.000000,0.000000,0.000000,0.000000,OK
31,2026-06-11 03:30:00 UTC,INXUSDT,0.006737,0.006806,0.006735,0.006761,0.000027,0.400950,0.356242,1.053882,53.246725,456,136,42.500000,2857090.000000,1874527.000000,190.779319,19347.877125,12760.109923,193.694002,1644267.000000,11132.961628,8214.915497,57.540998,198964982.000000,1340174.398207,-22333.000000,-0.011223,8423.934345,0.632546,3.502500,0.048200,1.395362,77.790000,22.210000,1.249300,-0.000400,-0.032008,55.540000,44.460000,3.773300,0.063000,1.697976,79.050000,20.950000,binance_kline_quote_asset_volume,0.000000,0.000000,0.000000,0.000000,OK
32,2026-06-11 03:45:00 UTC,INXUSDT,0.006761,0.006887,0.006761,0.006865,0.000104,1.538234,1.538234,1.863630,62.050838,921,465,101.973684,9399165.000000,6542075.000000,228.976861,64201.725103,44853.847978,231.828266,5466706.000000,37322.037027,26879.688076,58.132452,200083884.000000,1352767.139724,1118902.000000,0.562361,12592.741517,0.939635,3.476300,-0.026200,-0.748037,77.660000,22.340000,1.242300,-0.007000,-0.560314,55.400000,44.600000,3.723700,-0.049600,-1.314499,78.830000,21.170000,binance_kline_quote_asset_volume,0.000000,0.000000,0.000000,0.000000,OK
33,2026-06-11 04:00:00 UTC,INXUSDT,0.006865,0.006893,0.006851,0.006852,-0.000013,-0.189366,-0.189366,0.611799,60.516772,613,-308,-33.441911,3400278.000000,-5998887.000000,-63.823616,23358.383458,-40843.341645,-63.617203,1904662.000000,13078.916981,10279.466477,55.992389,201514947.000000,1384975.958041,1431063.000000,0.715232,32208.818317,2.380958,3.448400,-0.027900,-0.802577,77.520000,22.480000,1.240200,-0.002100,-0.169041,55.360000,44.640000,3.686000,-0.037700,-1.012434,78.660000,21.340000,binance_kline_quote_asset_volume,0.000000,0.000000,0.000000,0.000000,OK
34,2026-06-11 04:15:00 UTC,INXUSDT,0.006855,0.006872,0.006800,0.006807,-0.000045,-0.656743,-0.700219,1.050328,55.410087,541,-72,-11.745514,2874988.000000,-525290.000000,-15.448443,19655.233395,-3703.150063,-15.853623,1238173.000000,8463.119197,11192.114198,43.057841,200869392.000000,1377160.551552,-645555.000000,-0.320351,-7815.406489,-0.564299,3.482300,0.033900,0.983065,77.690000,22.310000,1.243900,0.003700,0.298339,55.440000,44.560000,3.699200,0.013200,0.358112,78.720000,21.280000,binance_kline_quote_asset_volume,0.000000,0.000000,0.000000,0.000000,OK
35,2026-06-11 04:30:00 UTC,INXUSDT,0.006808,0.006820,0.006798,0.006817,0.000010,0.146908,0.132197,0.323149,56.292739,519,-22,-4.066543,1652115.000000,-1222873.000000,-42.534891,11249.021749,-8406.211646,-42.768313,951991.000000,6483.861251,4765.160498,57.639334,200218581.000000,1362987.990157,-650811.000000,-0.323997,-14172.561395,-1.029115,3.535100,0.052800,1.516239,77.950000,22.050000,1.246500,0.002600,0.209020,55.490000,44.510000,3.717000,0.017800,0.481185,78.800000,21.200000,binance_kline_quote_asset_volume,0.000000,0.000000,0.000000,0.000000,OK
36,2026-06-11 04:45:00 UTC,INXUSDT,0.006817,0.006851,0.006810,0.006815,-0.000002,-0.029338,-0.029338,0.601438,56.053753,439,-80,-15.414258,2080729.000000,428614.000000,25.943351,14207.931379,2958.909630,26.303706,1375799.000000,9394.544692,4813.386687,66.121833,199870061.000000,1362524.199340,-348520.000000,-0.174070,-463.790817,-0.034028,3.551700,0.016600,0.469577,78.030000,21.970000,1.250200,0.003700,0.296831,55.560000,44.440000,3.752900,0.035900,0.965833,78.960000,21.040000,binance_kline_quote_asset_volume,0.000000,0.000000,0.000000,0.000000,OK
37,2026-06-11 05:00:00 UTC,INXUSDT,0.006817,0.006836,0.006810,0.006825,0.000010,0.146735,0.117354,0.381399,57.035907,493,54,12.300683,1639738.000000,-440991.000000,-21.194062,11183.362255,-3024.569124,-21.287892,460569.000000,3141.517497,8041.844758,28.090993,200191880.000000,1364307.662200,321819.000000,0.161014,1783.462860,0.130894,3.549600,-0.002100,-0.059127,78.020000,21.980000,1.244900,-0.005300,-0.423932,55.460000,44.540000,3.730400,-0.022500,-0.599536,78.860000,21.140000,binance_kline_quote_asset_volume,0.000000,0.000000,0.000000,0.000000,OK
38,2026-06-11 05:15:00 UTC,INXUSDT,0.006824,0.006829,0.006775,0.006795,-0.000030,-0.439560,-0.424971,0.791325,53.194992,348,-145,-29.411765,2375894.000000,736156.000000,44.894733,16168.221484,4984.859229,44.573887,1006081.000000,6834.563286,9333.658198,42.271584,200279893.000000,1367473.056224,88013.000000,0.043964,3165.394024,0.232015,3.510600,-0.039000,-1.098715,77.830000,22.170000,1.250300,0.005400,0.433770,55.560000,44.440000,3.694800,-0.035600,-0.954321,78.700000,21.300000,binance_kline_quote_asset_volume,0.000000,0.000000,0.000000,0.000000,OK
39,2026-06-11 05:30:00 UTC,INXUSDT,0.006796,0.006803,0.006780,0.006799,0.000004,0.058867,0.044144,0.338434,53.643245,404,56,16.091954,1316509.000000,-1059385.000000,-44.588900,8941.871531,-7226.349953,-44.694773,639762.000000,4344.847851,4597.023680,48.589916,200001908.000000,1359012.964860,-277985.000000,-0.138798,-8460.091364,-0.618666,3.535100,0.024500,0.697886,77.950000,22.050000,1.248600,-0.001700,-0.135967,55.530000,44.470000,3.699200,0.004400,0.119086,78.720000,21.280000,binance_kline_quote_asset_volume,0.000000,0.000000,0.000000,0.000000,OK
40,2026-06-11 05:45:00 UTC,INXUSDT,0.006802,0.006816,0.006761,0.006761,-0.000038,-0.558906,-0.602764,0.808586,48.856291,328,-76,-18.811881,1017054.000000,-299455.000000,-22.746141,6904.277097,-2037.594434,-22.787114,408158.000000,2769.074004,4135.203093,40.106646,200331422.000000,1362219.613258,329514.000000,0.164755,3206.648398,0.235954,3.547500,0.012400,0.350768,78.010000,21.990000,1.250500,0.001900,0.152170,55.570000,44.430000,3.725900,0.026700,0.721778,78.840000,21.160000,binance_kline_quote_asset_volume,0.000000,0.000000,0.000000,0.000000,OK
41,2026-06-11 06:00:00 UTC,INXUSDT,0.006758,0.006807,0.006754,0.006802,0.000041,0.606419,0.651080,0.784256,53.661087,631,303,92.378049,2943254.000000,1926200.000000,189.390141,19930.049796,13025.772699,188.662368,1388193.000000,9399.118277,10530.931519,47.160536,200138695.000000,1353137.716895,-192727.000000,-0.096204,-9081.896363,-0.666698,3.566200,0.018700,0.527132,78.100000,21.900000,1.251600,0.001100,0.087965,55.590000,44.410000,3.759600,0.033700,0.904479,78.990000,21.010000,binance_kline_quote_asset_volume,0.000000,0.000000,0.000000,0.000000,OK
42,2026-06-11 06:15:00 UTC,INXUSDT,0.006803,0.006820,0.006788,0.006807,0.000005,0.073508,0.058798,0.470381,54.225860,407,-224,-35.499208,2182274.000000,-760980.000000,-25.855057,14853.492424,-5076.557372,-25.471875,1446041.000000,9841.795821,5011.696603,66.259137,200534893.000000,1364453.449415,396198.000000,0.197962,11315.732520,0.836259,3.545500,-0.020700,-0.580450,78.000000,22.000000,1.254200,0.002600,0.207734,55.640000,44.360000,3.728100,-0.031500,-0.837855,78.850000,21.150000,binance_kline_quote_asset_volume,0.000000,0.000000,0.000000,0.000000,OK
43,2026-06-11 06:30:00 UTC,INXUSDT,0.006809,0.006826,0.006790,0.006797,-0.000010,-0.146908,-0.176237,0.528712,52.838799,308,-99,-24.324324,1041677.000000,-1140597.000000,-52.266443,7094.804061,-7758.688363,-52.234775,256890.000000,1749.217278,5345.586783,24.654906,200838917.000000,1367110.508019,304024.000000,0.151607,2657.058604,0.194734,3.557900,0.012400,0.349739,78.060000,21.940000,1.253000,-0.001200,-0.095679,55.610000,44.390000,3.730400,0.002300,0.061694,78.860000,21.140000,binance_kline_quote_asset_volume,0.000000,0.000000,0.000000,0.000000,OK
44,2026-06-11 06:45:00 UTC,INXUSDT,0.006797,0.006797,0.006764,0.006765,-0.000032,-0.470796,-0.470796,0.485508,48.558365,292,-16,-5.194805,1859667.000000,817990.000000,78.526261,12595.710919,5500.906858,77.534303,562043.000000,3807.561792,8788.149127,30.229034,200977298.000000,1366042.694506,138381.000000,0.068901,-1067.813513,-0.078107,3.545500,-0.012400,-0.348520,78.000000,22.000000,1.253200,0.000200,0.015962,55.620000,44.380000,3.728100,-0.002300,-0.061656,78.850000,21.150000,binance_kline_quote_asset_volume,0.000000,0.000000,0.000000,0.000000,OK
45,2026-06-11 07:00:00 UTC,INXUSDT,0.006765,0.006895,0.006764,0.006850,0.000085,1.256467,1.256467,1.936438,58.236387,637,345,118.150685,6931322.000000,5071655.000000,272.718449,47322.022701,34726.311782,275.699498,3611646.000000,24646.608909,22675.413792,52.082746,200655522.000000,1357829.897708,-321776.000000,-0.160106,-8212.796798,-0.601211,3.522800,-0.022700,-0.640248,77.890000,22.110000,1.252900,-0.000300,-0.023939,55.610000,44.390000,3.701500,-0.026600,-0.713500,78.730000,21.270000,binance_kline_quote_asset_volume,0.000000,0.000000,0.000000,0.000000,OK
46,2026-06-11 07:15:00 UTC,INXUSDT,0.006850,0.006860,0.006826,0.006832,-0.000018,-0.262774,-0.262774,0.496350,55.840536,240,-397,-62.323391,1276211.000000,-5655111.000000,-81.587769,8729.575100,-38592.447601,-81.552828,620366.000000,4243.487507,4486.087593,48.610470,200387065.000000,1373360.765460,-268457.000000,-0.133790,15530.867752,1.143801,3.551700,0.028900,0.820370,78.030000,21.970000,1.245300,-0.007600,-0.606593,55.460000,44.540000,3.712500,0.011000,0.297177,78.780000,21.220000,binance_kline_quote_asset_volume,0.000000,0.000000,0.000000,0.000000,OK
47,2026-06-11 07:30:00 UTC,INXUSDT,0.006832,0.006839,0.006789,0.006806,-0.000026,-0.380562,-0.380562,0.731850,52.481919,218,-22,-9.166667,1101699.000000,-174512.000000,-13.674228,7497.989891,-1231.585209,-14.108192,637448.000000,4339.295354,3158.694537,57.872782,200282451.000000,1368329.705232,-104614.000000,-0.052206,-5031.060228,-0.366332,3.551700,0.000000,0.000000,78.030000,21.970000,1.246000,0.000700,0.056211,55.480000,44.520000,3.712500,0.000000,0.000000,78.780000,21.220000,binance_kline_quote_asset_volume,0.000000,0.000000,0.000000,0.000000,OK
48,2026-06-11 07:45:00 UTC,INXUSDT,0.006810,0.006817,0.006791,0.006808,0.000002,0.029386,-0.029369,0.381791,52.717507,345,127,58.256881,2218557.000000,1116858.000000,101.375966,15089.981986,7591.992095,101.253699,1402995.000000,9541.427189,5548.554797,63.230209,200479553.000000,1364463.837718,197102.000000,0.098412,-3865.867514,-0.282525,3.566200,0.014500,0.408255,78.100000,21.900000,1.247600,0.001600,0.128411,55.510000,44.490000,3.721400,0.008900,0.239731,78.820000,21.180000,binance_kline_quote_asset_volume,0.000000,0.000000,0.000000,0.000000,OK
49,2026-06-11 08:00:00 UTC,INXUSDT,0.006808,0.006847,0.006794,0.006845,0.000037,0.543478,0.543478,0.778496,56.968021,295,-50,-14.492754,1302914.000000,-915643.000000,-41.272007,8890.256373,-6199.725613,-41.085043,386909.000000,2641.175950,6249.080423,29.708659,200318314.000000,1363130.069473,-161239.000000,-0.080427,-1333.768245,-0.097750,3.562000,-0.004200,-0.117772,78.080000,21.920000,1.244200,-0.003400,-0.272523,55.440000,44.560000,3.714800,-0.006600,-0.177353,78.790000,21.210000,binance_kline_quote_asset_volume,0.000000,0.000000,0.000000,0.000000,OK
50,2026-06-11 08:15:00 UTC,INXUSDT,0.006845,0.006881,0.006840,0.006880,0.000035,0.511322,0.511322,0.598977,60.578198,199,-96,-32.542373,662123.000000,-640791.000000,-49.181373,4541.043915,-4349.212458,-48.921114,374005.000000,2567.002119,1974.041796,56.528899,199939964.000000,1368589.053580,-378350.000000,-0.188874,5458.984107,0.400474,3.543400,-0.018600,-0.522179,77.990000,22.010000,1.244000,-0.000200,-0.016075,55.440000,44.560000,3.710300,-0.004500,-0.121137,78.770000,21.230000,binance_kline_quote_asset_volume,0.000000,0.000000,0.000000,0.000000,OK
51,2026-06-11 08:30:00 UTC,INXUSDT,0.006883,0.006924,0.006881,0.006906,0.000026,0.377907,0.334157,0.624728,63.057629,437,238,119.597990,2940461.000000,2278338.000000,344.095886,20322.180311,15781.136396,347.522215,1339608.000000,9255.506109,11066.674202,45.543864,200426716.000000,1378935.806080,486752.000000,0.243449,10346.752500,0.756016,3.570400,0.027000,0.761980,78.120000,21.880000,1.249200,0.005200,0.418006,55.540000,44.460000,3.743800,0.033500,0.902892,78.920000,21.080000,binance_kline_quote_asset_volume,0.000000,0.000000,0.000000,0.000000,OK
52,2026-06-11 08:45:00 UTC,INXUSDT,0.006906,0.006911,0.006867,0.006878,-0.000028,-0.405445,-0.405445,0.637127,58.770705,404,-33,-7.551487,2952655.000000,12194.000000,0.414697,20341.629570,19.449259,0.095705,1224784.000000,8439.367163,11902.262407,41.488157,200484258.000000,1384544.285748,57542.000000,0.028710,5608.479668,0.406725,3.555800,-0.014600,-0.408918,78.050000,21.950000,1.249900,0.000700,0.056036,55.550000,44.450000,3.782400,0.038600,1.031038,79.090000,20.910000,binance_kline_quote_asset_volume,0.000000,0.000000,0.000000,0.000000,OK
53,2026-06-11 09:00:00 UTC,INXUSDT,0.006884,0.006913,0.006875,0.006882,0.000004,0.058156,-0.029053,0.552005,59.197463,541,137,33.910891,3820875.000000,868220.000000,29.404722,26330.478327,5988.848757,29.441342,2277817.000000,15697.133849,10633.344478,59.615832,200483895.000000,1378467.116852,-363.000000,-0.000181,-6077.168897,-0.438929,3.610400,0.054600,1.535519,78.310000,21.690000,1.239900,-0.010000,-0.800064,55.350000,44.650000,3.840300,0.057900,1.530774,79.340000,20.660000,binance_kline_quote_asset_volume,0.000000,0.000000,0.000000,0.000000,OK
54,2026-06-11 09:15:00 UTC,INXUSDT,0.006882,0.006898,0.006874,0.006893,0.000011,0.159837,0.159837,0.348736,60.411041,274,-267,-49.353050,1145400.000000,-2675475.000000,-70.022573,7885.754839,-18444.723488,-70.050849,654902.000000,4508.647449,3377.107390,57.174583,200150479.000000,1377551.683756,-333416.000000,-0.166306,-915.433096,-0.066409,3.610400,0.000000,0.000000,78.310000,21.690000,1.244400,0.004500,0.362932,55.450000,44.550000,3.859100,0.018800,0.489545,79.420000,20.580000,binance_kline_quote_asset_volume,0.000000,0.000000,0.000000,0.000000,OK
55,2026-06-11 09:30:00 UTC,INXUSDT,0.006897,0.006946,0.006897,0.006926,0.000033,0.478747,0.420473,0.710454,63.881712,284,10,3.649635,1012313.000000,-133087.000000,-11.619260,7015.093212,-870.661627,-11.040942,600329.000000,4159.633817,2855.459395,59.295489,200126132.000000,1379469.427876,-24347.000000,-0.012164,1917.744120,0.139214,3.608300,-0.002100,-0.058165,78.300000,21.700000,1.246400,0.002000,0.160720,55.480000,44.520000,3.863800,0.004700,0.121790,79.440000,20.560000,binance_kline_quote_asset_volume,0.000000,0.000000,0.000000,0.000000,OK
56,2026-06-11 09:45:00 UTC,INXUSDT,0.006926,0.006953,0.006909,0.006915,-0.000011,-0.158822,-0.158822,0.635287,61.932664,348,64,22.535211,2600513.000000,1588200.000000,156.888235,18010.751268,10995.658056,156.742865,1108269.000000,7677.809928,10332.941340,42.629038,200369707.000000,1387760.590682,243575.000000,0.121711,8291.162806,0.601040,3.599800,-0.008500,-0.235568,78.260000,21.740000,1.246300,-0.000100,-0.008023,55.480000,44.520000,3.873300,0.009500,0.245872,79.480000,20.520000,binance_kline_quote_asset_volume,0.000000,0.000000,0.000000,0.000000,OK
57,2026-06-11 10:00:00 UTC,INXUSDT,0.006914,0.006942,0.006909,0.006913,-0.000002,-0.028923,-0.014463,0.477292,61.564873,594,246,70.689655,2798928.000000,198415.000000,7.629841,19391.934522,1381.183254,7.668660,1823272.000000,12633.216738,6758.717784,65.146758,200105373.000000,1383728.654295,-264334.000000,-0.131923,-4031.936387,-0.290535,3.580900,-0.018900,-0.525029,78.170000,21.830000,1.241800,-0.004500,-0.361069,55.390000,44.610000,3.845000,-0.028300,-0.730643,79.360000,20.640000,binance_kline_quote_asset_volume,0.000000,0.000000,0.000000,0.000000,OK
58,2026-06-11 10:15:00 UTC,INXUSDT,0.006910,0.006950,0.006910,0.006916,0.000003,0.043396,0.086831,0.578871,61.930080,379,-215,-36.195286,1253828.000000,-1545100.000000,-55.203278,8686.675928,-10705.258594,-55.204696,466194.000000,3228.925699,5457.750229,37.171016,199990161.000000,1382719.973744,-115212.000000,-0.057576,-1008.680551,-0.072896,3.551700,-0.029200,-0.815437,78.030000,21.970000,1.240100,-0.001700,-0.136898,55.360000,44.640000,3.821600,-0.023400,-0.608583,79.260000,20.740000,binance_kline_quote_asset_volume,0.000000,0.000000,0.000000,0.000000,OK
59,2026-06-11 10:30:00 UTC,INXUSDT,0.006919,0.006934,0.006887,0.006889,-0.000027,-0.390399,-0.433589,0.679289,56.707573,332,-47,-12.401055,1691610.000000,437782.000000,34.915634,11686.909385,3000.233457,34.538338,482445.000000,3337.891722,8349.017663,28.560945,199537895.000000,1381975.516223,-452266.000000,-0.226144,-744.457522,-0.053840,3.553700,0.002000,0.056311,78.040000,21.960000,1.241200,0.001100,0.088703,55.380000,44.620000,3.840300,0.018700,0.489324,79.340000,20.660000,binance_kline_quote_asset_volume,0.000000,0.000000,0.000000,0.000000,OK
60,2026-06-11 10:45:00 UTC,INXUSDT,0.006886,0.006932,0.006885,0.006924,0.000035,0.508056,0.551844,0.682544,61.267350,337,5,1.506024,3102787.000000,1411177.000000,83.422124,21429.247155,9742.337770,83.361113,1881580.000000,12990.046280,8439.200875,60.618304,199200840.000000,1372294.586760,-337055.000000,-0.168918,-9680.929463,-0.700514,3.533100,-0.020600,-0.579678,77.940000,22.060000,1.239600,-0.001600,-0.128908,55.350000,44.650000,3.812300,-0.028000,-0.729110,79.220000,20.780000,binance_kline_quote_asset_volume,0.000000,0.000000,0.000000,0.000000,OK
61,2026-06-11 11:00:00 UTC,INXUSDT,0.006921,0.006939,0.006897,0.006934,0.000010,0.144425,0.187834,0.606849,62.483183,234,-103,-30.563798,1615731.000000,-1487056.000000,-47.926461,11164.948107,-10264.299048,-47.898552,589913.000000,4076.555397,7088.392710,36.512085,199941651.000000,1384395.991524,740811.000000,0.371892,12101.404764,0.881837,3.555800,0.022700,0.642495,78.050000,21.950000,1.238100,-0.001500,-0.121007,55.320000,44.680000,3.833300,0.021000,0.550849,79.310000,20.690000,binance_kline_quote_asset_volume,0.000000,0.000000,0.000000,0.000000,OK
62,2026-06-11 11:15:00 UTC,INXUSDT,0.006933,0.006936,0.006903,0.006921,-0.000013,-0.187482,-0.173085,0.475984,59.852855,259,25,10.683761,1385230.000000,-230501.000000,-14.266050,9587.208733,-1577.739374,-14.131184,661414.000000,4577.989950,5009.218783,47.751020,199977336.000000,1386642.847824,35685.000000,0.017848,2246.856300,0.162299,3.560000,0.004200,0.118117,78.070000,21.930000,1.234800,-0.003300,-0.266537,55.250000,44.750000,3.861400,0.028100,0.733050,79.430000,20.570000,binance_kline_quote_asset_volume,0.000000,0.000000,0.000000,0.000000,OK
63,2026-06-11 11:30:00 UTC,INXUSDT,0.006917,0.006937,0.006887,0.006900,-0.000021,-0.303424,-0.245771,0.722857,55.768737,207,-52,-20.077220,1247629.000000,-137601.000000,-9.933441,8617.412073,-969.796660,-10.115527,582730.000000,4025.933359,4591.478714,46.718589,200272012.000000,1386082.595052,294676.000000,0.147355,-560.252772,-0.040404,3.574600,0.014600,0.410112,78.140000,21.860000,1.232600,-0.002200,-0.178167,55.210000,44.790000,3.870900,0.009500,0.246025,79.470000,20.530000,binance_kline_quote_asset_volume,0.000000,0.000000,0.000000,0.000000,OK
64,2026-06-11 11:45:00 UTC,INXUSDT,0.006903,0.006947,0.006892,0.006938,0.000038,0.550725,0.507026,0.796755,60.959991,323,116,56.038647,1912267.000000,664638.000000,53.272086,13238.369338,4620.957265,53.623492,1282085.000000,8874.365837,4364.003501,67.035188,200073838.000000,1380461.464479,-198174.000000,-0.098952,-5621.130573,-0.405541,3.606200,0.031600,0.884015,78.290000,21.710000,1.235500,0.002900,0.235275,55.270000,44.730000,3.909200,0.038300,0.989434,79.630000,20.370000,binance_kline_quote_asset_volume,0.000000,0.000000,0.000000,0.000000,OK
65,2026-06-11 12:00:00 UTC,INXUSDT,0.006938,0.006953,0.006918,0.006928,-0.000010,-0.144134,-0.144134,0.504468,58.997632,342,19,5.882353,1969378.000000,57111.000000,2.986560,13653.305462,414.936124,3.134345,1093819.000000,7579.424647,6073.880815,55.513477,200598447.000000,1391752.025286,524609.000000,0.262208,11290.560807,0.817883,3.543400,-0.062800,-1.741445,77.990000,22.010000,1.231600,-0.003900,-0.315662,55.190000,44.810000,3.847300,-0.061900,-1.583444,79.370000,20.630000,binance_kline_quote_asset_volume,0.000000,0.000000,0.000000,0.000000,OK
66,2026-06-11 12:15:00 UTC,INXUSDT,0.006927,0.006972,0.006851,0.006861,-0.000067,-0.967090,-0.952793,1.746788,47.877194,914,572,167.251462,8015507.000000,6046129.000000,307.007035,55413.089731,41759.784269,305.858419,3649947.000000,25239.378089,30173.711642,45.547682,200863669.000000,1391583.498832,265222.000000,0.132215,-168.526454,-0.012109,3.553700,0.010300,0.290681,78.040000,21.960000,1.226900,-0.004700,-0.381617,55.100000,44.900000,3.821600,-0.025700,-0.668001,79.260000,20.740000,binance_kline_quote_asset_volume,0.000000,0.000000,0.000000,0.000000,OK
67,2026-06-11 12:30:00 UTC,INXUSDT,0.006860,0.006939,0.006820,0.006935,0.000074,1.078560,1.093294,1.734694,57.422845,899,-15,-1.641138,7880105.000000,-135402.000000,-1.689251,54178.051127,-1235.038604,-2.228785,4686934.000000,32207.181309,21970.869818,59.446917,200013248.000000,1372366.899562,-850421.000000,-0.423382,-19216.599270,-1.380916,3.612500,0.058800,1.654614,78.320000,21.680000,1.244300,0.017400,1.418208,55.440000,44.560000,3.823900,0.002300,0.060184,79.270000,20.730000,binance_kline_quote_asset_volume,0.000000,0.000000,0.000000,0.000000,OK
68,2026-06-11 12:45:00 UTC,INXUSDT,0.006937,0.006942,0.006895,0.006896,-0.000039,-0.562365,-0.591034,0.677526,52.016131,450,-449,-49.944383,2842234.000000,-5037871.000000,-63.931521,19668.129369,-34509.921758,-63.697237,1482391.000000,10262.266056,9405.863313,52.177133,201744158.000000,1398450.154424,1730910.000000,0.865398,26083.254862,1.900604,3.524900,-0.087600,-2.424913,77.900000,22.100000,1.237500,-0.006800,-0.546492,55.310000,44.690000,3.789300,-0.034600,-0.904835,79.120000,20.880000,binance_kline_quote_asset_volume,0.000000,0.000000,0.000000,0.000000,OK
69,2026-06-11 13:00:00 UTC,INXUSDT,0.006893,0.006908,0.006864,0.006892,-0.000004,-0.058005,-0.014507,0.638329,51.480737,333,-117,-26.000000,1465362.000000,-1376872.000000,-48.443302,10094.613901,-9573.515468,-48.675272,822347.000000,5666.730523,4427.883378,56.136179,201464733.000000,1389300.798768,-279425.000000,-0.138505,-9149.355656,-0.654250,3.572500,0.047600,1.350393,78.130000,21.870000,1.242700,0.005200,0.420202,55.410000,44.590000,3.830900,0.041600,1.097828,79.300000,20.700000,binance_kline_quote_asset_volume,0.000000,0.000000,0.000000,0.000000,OK
70,2026-06-11 13:15:00 UTC,INXUSDT,0.006889,0.006912,0.006874,0.006908,0.000016,0.232153,0.275802,0.551604,53.540670,374,41,12.312312,2915021.000000,1449659.000000,98.928388,20091.424965,9996.811064,99.031138,1286267.000000,8863.508686,11227.916279,44.115879,201560143.000000,1389102.115520,95410.000000,0.047358,-198.683248,-0.014301,3.616800,0.044300,1.240028,78.340000,21.660000,1.247000,0.004300,0.346021,55.500000,44.500000,3.826300,-0.004600,-0.120076,79.280000,20.720000,binance_kline_quote_asset_volume,0.000000,0.000000,0.000000,0.000000,OK
71,2026-06-11 13:30:00 UTC,INXUSDT,0.006908,0.007500,0.006902,0.007434,0.000526,7.614360,7.614360,8.656630,81.439320,6262,5888,1574.331551,75813596.000000,72898575.000000,2500.790732,548904.594850,528813.169885,2632.034168,43425373.000000,314033.563659,234871.031191,57.210956,201234844.000000,1390130.302352,-325299.000000,-0.161391,1028.186832,0.074018,3.608300,-0.008500,-0.235014,78.300000,21.700000,1.247300,0.000300,0.024058,55.500000,44.500000,3.810000,-0.016300,-0.425999,79.210000,20.790000,binance_kline_quote_asset_volume,0.000000,0.000000,0.000000,0.000000,OK
72,2026-06-11 13:45:00 UTC,INXUSDT,0.007436,0.007606,0.007308,0.007595,0.000161,2.165725,2.138246,4.007531,84.506178,11957,5695,90.945385,120869703.000000,45056107.000000,59.430115,902458.534135,353553.939285,64.410818,59383974.000000,443661.168675,458797.365460,49.161391,222742971.000000,1656984.961269,21508127.000000,10.688073,266854.658917,19.196377,3.260800,-0.347500,-9.630574,76.530000,23.470000,1.298600,0.051300,4.112884,56.500000,43.500000,3.434600,-0.375400,-9.853018,77.450000,22.550000,binance_kline_quote_asset_volume,0.000000,0.000000,0.000000,0.000000,OK
73,2026-06-11 14:00:00 UTC,INXUSDT,0.007591,0.007927,0.007476,0.007915,0.000320,4.213298,4.268212,5.941246,88.554281,10884,-1073,-8.973823,83762975.000000,-37106728.000000,-30.699776,645471.978219,-256986.555916,-28.476273,41402736.000000,319379.698077,326092.280142,49.480025,241542423.000000,1828311.893262,18799452.000000,8.439975,171326.931993,10.339679,3.237300,-0.023500,-0.720682,76.400000,23.600000,1.310100,0.011500,0.885569,56.710000,43.290000,3.336500,-0.098100,-2.856228,76.940000,23.060000,binance_kline_quote_asset_volume,0.000000,0.000000,0.000000,0.000000,OK
74,2026-06-11 14:15:00 UTC,INXUSDT,0.007920,0.008400,0.007900,0.008358,0.000443,5.596968,5.530303,6.313131,91.762835,18471,7587,69.707828,142835531.000000,59072556.000000,70.523469,1161525.955821,516053.977602,79.949865,67893792.000000,552445.827612,609080.128209,47.562073,256800214.000000,2031210.084674,15257791.000000,6.316816,202898.191411,11.097570,3.043700,-0.193600,-5.980292,75.270000,24.730000,1.343800,0.033700,2.572323,57.330000,42.670000,3.239100,-0.097400,-2.919227,76.410000,23.590000,binance_kline_quote_asset_volume,0.000000,0.000000,0.000000,0.000000,OK
75,2026-06-11 14:30:00 UTC,INXUSDT,0.008356,0.008521,0.007840,0.008325,-0.000033,-0.394831,-0.370991,8.149832,89.744610,28545,10074,54.539548,234471135.000000,91635604.000000,64.154628,1932642.439864,771116.484043,66.388227,111845118.000000,921892.652455,1010749.787409,47.701149,273695160.000000,2285628.281160,16894946.000000,6.579023,254418.196486,12.525450,3.066700,0.023000,0.755659,75.410000,24.590000,1.322700,-0.021100,-1.570174,56.950000,43.050000,3.142500,-0.096600,-2.982310,75.860000,24.140000,binance_kline_quote_asset_volume,0.000000,0.000000,0.000000,0.000000,OK
76,2026-06-11 14:45:00 UTC,INXUSDT,0.008322,0.008686,0.008058,0.008632,0.000307,3.687688,3.725066,7.546263,91.596349,22153,-6392,-22.392713,189958073.000000,-44513062.000000,-18.984453,1587924.087351,-344718.352513,-17.836634,96337610.000000,806332.427568,781591.659783,50.779029,286060943.000000,2381062.586374,12365783.000000,4.518086,95434.305214,4.175408,2.746700,-0.320000,-10.434669,73.310000,26.690000,1.248000,-0.074700,-5.647539,55.520000,44.480000,2.847600,-0.294900,-9.384248,74.010000,25.990000,binance_kline_quote_asset_volume,0.000000,0.000000,0.000000,0.000000,OK
77,2026-06-11 15:00:00 UTC,INXUSDT,0.008632,0.008739,0.008220,0.008260,-0.000372,-4.309546,-4.309546,6.012512,74.129717,15430,-6723,-30.348034,113461031.000000,-76497042.000000,-40.270487,966020.367334,-621903.720017,-39.164575,46221725.000000,393850.052329,572170.315005,40.770367,298759110.000000,2584565.060610,12698167.000000,4.438973,203502.474236,8.546708,2.603600,-0.143100,-5.209888,72.250000,27.750000,1.268000,0.020000,1.602564,55.910000,44.090000,2.565100,-0.282500,-9.920635,71.950000,28.050000,binance_kline_quote_asset_volume,0.000000,0.000000,0.000000,0.000000,OK
78,2026-06-11 15:15:00 UTC,INXUSDT,0.008262,0.009220,0.008099,0.008563,0.000303,3.668281,3.643186,13.568143,77.836914,38170,22740,147.375243,353412786.000000,239951755.000000,211.483849,3051419.873237,2085399.505903,215.875314,167889600.000000,1447421.318612,1603998.554625,47.434354,293128787.000000,2415859.004803,-5630323.000000,-1.884569,-168706.055807,-6.527445,2.570200,-0.033400,-1.282839,71.990000,28.010000,1.319200,0.051200,4.037855,56.880000,43.120000,2.488000,-0.077100,-3.005731,71.330000,28.670000,binance_kline_quote_asset_volume,0.000000,0.000000,0.000000,0.000000,OK
79,2026-06-11 15:30:00 UTC,INXUSDT,0.008569,0.008600,0.008243,0.008377,-0.000186,-2.172136,-2.240635,4.166180,71.101303,17837,-20333,-53.269583,95862246.000000,-257550540.000000,-72.875275,802762.359120,-2248657.514117,-73.692170,47329288.000000,396745.112589,406017.246531,49.422486,300966176.000000,2580887.287700,7837389.000000,2.673702,165028.282897,6.831040,2.602300,0.032100,1.248930,72.240000,27.760000,1.291700,-0.027500,-2.084597,56.360000,43.640000,2.523600,0.035600,1.430868,71.620000,28.380000,binance_kline_quote_asset_volume,0.000000,0.000000,0.000000,0.000000,OK
80,2026-06-11 15:45:00 UTC,INXUSDT,0.008383,0.008754,0.008352,0.008645,0.000268,3.199236,3.125373,4.795419,74.522337,12215,-5622,-31.518753,70012578.000000,-25849668.000000,-26.965431,600505.099201,-202257.259919,-25.195160,35163099.000000,301392.219528,299112.879673,50.189785,301530188.000000,2527974.820758,564012.000000,0.187400,-52912.466942,-2.050166,2.527300,-0.075000,-2.882066,71.650000,28.350000,1.267400,-0.024300,-1.881242,55.900000,44.100000,2.479500,-0.044100,-1.747504,71.260000,28.740000,binance_kline_quote_asset_volume,0.000000,0.000000,0.000000,0.000000,OK
81,2026-06-11 16:00:00 UTC,INXUSDT,0.008645,0.008659,0.008323,0.008529,-0.000116,-1.341816,-1.341816,3.886640,70.625191,11624,-591,-4.838314,69854526.000000,-158052.000000,-0.225748,594586.467000,-5918.632201,-0.985609,33114784.000000,281993.680014,312592.786986,47.426858,307376833.000000,2657272.721285,5846645.000000,1.938992,129297.900527,5.114683,2.503900,-0.023400,-0.925889,71.460000,28.540000,1.267100,-0.000300,-0.023671,55.890000,44.110000,2.475800,-0.003700,-0.149224,71.230000,28.770000,binance_kline_quote_asset_volume,0.000000,0.000000,0.000000,0.000000,OK
82,2026-06-11 16:15:00 UTC,INXUSDT,0.008533,0.008760,0.008459,0.008710,0.000181,2.122171,2.074300,3.527482,72.997993,8430,-3194,-27.477632,53889493.000000,-15965033.000000,-22.854687,463717.584032,-130868.882968,-22.010068,28217798.000000,243268.976479,220448.607553,52.460589,308974748.000000,2638097.462616,1597915.000000,0.519855,-19175.258669,-0.721614,2.523600,0.019700,0.786773,71.620000,28.380000,1.244400,-0.022700,-1.791492,55.440000,44.560000,2.471000,-0.004800,-0.193877,71.190000,28.810000,binance_kline_quote_asset_volume,0.000000,0.000000,0.000000,0.000000,OK
83,2026-06-11 16:30:00 UTC,INXUSDT,0.008706,0.008834,0.008587,0.008649,-0.000061,-0.700344,-0.654721,2.837124,70.918851,7334,-1096,-13.001186,51464467.000000,-2425026.000000,-4.499998,449020.981784,-14696.602248,-3.169300,22147308.000000,193267.605635,255753.376149,43.041999,311314437.000000,2709503.410419,2339689.000000,0.757243,71405.947803,2.706721,2.554900,0.031300,1.240292,71.870000,28.130000,1.241900,-0.002500,-0.200900,55.390000,44.610000,2.400200,-0.070800,-2.865237,70.590000,29.410000,binance_kline_quote_asset_volume,0.000000,0.000000,0.000000,0.000000,OK
84,2026-06-11 16:45:00 UTC,INXUSDT,0.008652,0.008675,0.008523,0.008615,-0.000034,-0.393109,-0.427647,1.756819,69.726768,4781,-2553,-34.810472,25809912.000000,-25654555.000000,-49.849064,221822.408112,-227198.573672,-50.598654,12488956.000000,107301.519062,114520.889050,48.372714,304893888.000000,2634490.520164,-6420549.000000,-2.062400,-75012.890255,-2.768511,2.594500,0.039600,1.549963,72.180000,27.820000,1.234800,-0.007100,-0.571705,55.250000,44.750000,2.497700,0.097500,4.062161,71.410000,28.590000,binance_kline_quote_asset_volume,0.000000,0.000000,0.000000,0.000000,OK
85,2026-06-11 17:00:00 UTC,INXUSDT,0.008614,0.008760,0.008582,0.008749,0.000134,1.555427,1.567216,2.066404,71.742744,4247,-534,-11.169211,26706497.000000,896585.000000,3.473801,231887.500284,10065.092172,4.537455,12733968.000000,110644.337487,121243.162797,47.714662,303051822.000000,2611094.498352,-1842066.000000,-0.604166,-23396.021812,-0.888066,2.517400,-0.077100,-2.971671,71.570000,28.430000,1.234400,-0.000400,-0.032394,55.240000,44.760000,2.384100,-0.113600,-4.548184,70.450000,29.550000,binance_kline_quote_asset_volume,0.000000,0.000000,0.000000,0.000000,OK
86,2026-06-11 17:15:00 UTC,INXUSDT,0.008752,0.008903,0.008612,0.008870,0.000121,1.383015,1.348263,3.324954,73.461329,4234,-13,-0.306098,28716546.000000,2010049.000000,7.526442,250995.076817,19107.576533,8.240020,12322238.000000,107910.594042,143084.482775,42.993112,301848967.000000,2640574.763316,-1202855.000000,-0.396914,29480.264964,1.129039,2.495300,-0.022100,-0.877890,71.390000,28.610000,1.226200,-0.008200,-0.664290,55.080000,44.920000,2.371500,-0.012600,-0.528501,70.340000,29.660000,binance_kline_quote_asset_volume,0.000000,0.000000,0.000000,0.000000,OK
87,2026-06-11 17:30:00 UTC,INXUSDT,0.008873,0.008950,0.008556,0.008735,-0.000135,-1.521984,-1.555280,4.440437,68.458652,7545,3311,78.200283,64755346.000000,36038800.000000,125.498380,566651.725259,315656.648442,125.762088,31682415.000000,276968.508440,289683.216819,48.878084,298965157.000000,2653704.423079,-2883810.000000,-0.955382,13129.659763,0.497227,2.338900,-0.156400,-6.267783,70.050000,29.950000,1.203300,-0.022900,-1.867558,54.610000,45.390000,2.301400,-0.070100,-2.955935,69.710000,30.290000,binance_kline_quote_asset_volume,0.000000,0.000000,0.000000,0.000000,OK
88,2026-06-11 17:45:00 UTC,INXUSDT,0.008735,0.008774,0.008674,0.008765,0.000030,0.343446,0.343446,1.144820,68.964448,2403,-5142,-68.151093,13313857.000000,-51441489.000000,-79.439756,116170.560627,-450481.164632,-79.498772,6324286.000000,55206.691875,60963.868752,47.522102,287964612.000000,2514581.862783,-11000545.000000,-3.679541,-139122.560296,-5.242579,2.350100,0.011200,0.478858,70.150000,29.850000,1.221700,0.018400,1.529128,54.990000,45.010000,2.286200,-0.015200,-0.660468,69.570000,30.430000,binance_kline_quote_asset_volume,0.000000,0.000000,0.000000,0.000000,OK
89,2026-06-11 18:00:00 UTC,INXUSDT,0.008763,0.008789,0.008525,0.008542,-0.000223,-2.544210,-2.521967,3.012667,61.118650,3823,1420,59.092801,25051425.000000,11737568.000000,88.160538,216507.084088,100336.523461,86.370009,10591195.000000,91521.877094,124985.206994,42.272001,288115172.000000,2524537.165857,150560.000000,0.052284,9955.303074,0.395903,2.341100,-0.009000,-0.382962,70.070000,29.930000,1.212800,-0.008900,-0.728493,54.810000,45.190000,2.272300,-0.013900,-0.607996,69.440000,30.560000,binance_kline_quote_asset_volume,0.000000,0.000000,0.000000,0.000000,OK
90,2026-06-11 18:15:00 UTC,INXUSDT,0.008540,0.008702,0.008540,0.008630,0.000088,1.030204,1.053864,1.896956,62.911774,2786,-1037,-27.125294,15942873.000000,-9108552.000000,-36.359417,137380.599803,-79126.484285,-36.546834,9534556.000000,82181.955546,55198.644257,59.820641,285737873.000000,2440772.911166,-2377299.000000,-0.825121,-83764.254691,-3.318004,2.280800,-0.060300,-2.575712,69.520000,30.480000,1.203400,-0.009400,-0.775066,54.620000,45.380000,2.247800,-0.024500,-1.078203,69.210000,30.790000,binance_kline_quote_asset_volume,0.000000,0.000000,0.000000,0.000000,OK
91,2026-06-11 18:30:00 UTC,INXUSDT,0.008628,0.008771,0.008611,0.008656,0.000026,0.301275,0.324525,1.854427,63.448131,2719,-67,-2.404882,19839459.000000,3896586.000000,24.440927,172303.498738,34922.898935,25.420546,7587508.000000,65965.833107,106337.665631,38.284674,283671236.000000,2445901.334875,-2066637.000000,-0.723263,5128.423709,0.210115,2.251000,-0.029800,-1.306559,69.240000,30.760000,1.224100,0.020700,1.720126,55.040000,44.960000,2.199000,-0.048800,-2.171012,68.740000,31.260000,binance_kline_quote_asset_volume,0.000000,0.000000,0.000000,0.000000,OK
92,2026-06-11 18:45:00 UTC,INXUSDT,0.008657,0.008751,0.008625,0.008734,0.000078,0.901109,0.889454,1.455470,65.079687,1220,-1499,-55.130563,5155929.000000,-14683530.000000,-74.011746,44767.188044,-127536.310694,-74.018410,2525942.000000,21937.013110,22830.174934,49.002437,287061609.000000,2485666.472331,3390373.000000,1.195177,39765.137456,1.625787,2.320100,0.069100,3.069747,69.880000,30.120000,1.219100,-0.005000,-0.408463,54.940000,45.060000,2.234200,0.035200,1.600728,69.080000,30.920000,binance_kline_quote_asset_volume,0.000000,0.000000,0.000000,0.000000,OK
93,2026-06-11 19:00:00 UTC,INXUSDT,0.008741,0.008765,0.008664,0.008754,0.000020,0.228990,0.148724,1.155474,65.504865,1396,176,14.426230,8729296.000000,3573367.000000,69.305978,76071.596713,31304.408669,69.927128,4354435.000000,37939.896337,38131.700376,49.873932,286187085.000000,2499681.060837,-874524.000000,-0.304647,14014.588506,0.563816,2.337800,0.017700,0.762898,70.040000,29.960000,1.215000,-0.004100,-0.336314,54.850000,45.150000,2.254100,0.019900,0.890699,69.270000,30.730000,binance_kline_quote_asset_volume,0.000000,0.000000,0.000000,0.000000,OK
94,2026-06-11 19:15:00 UTC,INXUSDT,0.008754,0.008763,0.008611,0.008713,-0.000041,-0.468357,-0.468357,1.736349,63.790179,1962,566,40.544413,11598853.000000,2869557.000000,32.872720,100707.001652,24635.404939,32.384498,4678434.000000,40641.769310,60065.232342,40.356449,287099027.000000,2513164.397699,911942.000000,0.318652,13483.336862,0.539402,2.379500,0.041700,1.783728,70.410000,29.590000,1.218400,0.003400,0.279835,54.920000,45.080000,2.266900,0.012800,0.567854,69.390000,30.610000,binance_kline_quote_asset_volume,0.000000,0.000000,0.000000,0.000000,OK
95,2026-06-11 19:30:00 UTC,INXUSDT,0.008717,0.008917,0.008716,0.008880,0.000167,1.916676,1.869909,2.305839,67.519664,2012,50,2.548420,13880888.000000,2282035.000000,19.674661,122436.754992,21729.753340,21.577202,7081197.000000,62477.548923,59959.206069,51.028426,285717745.000000,2489335.853555,-1381282.000000,-0.481117,-23828.544144,-0.948149,2.401400,0.021900,0.920361,70.600000,29.400000,1.209900,-0.008500,-0.697636,54.750000,45.250000,2.317900,0.051000,2.249768,69.860000,30.140000,binance_kline_quote_asset_volume,0.000000,0.000000,0.000000,0.000000,OK
96,2026-06-11 19:45:00 UTC,INXUSDT,0.008883,0.008994,0.008851,0.008986,0.000106,1.193694,1.159518,1.609817,69.655999,2127,115,5.715706,15923820.000000,2042932.000000,14.717589,142083.268894,19646.513902,16.046255,7935776.000000,70884.160237,71199.108657,49.889168,288415361.000000,2561128.405680,2697616.000000,0.944154,71792.552125,2.884004,2.346700,-0.054700,-2.277838,70.120000,29.880000,1.184500,-0.025400,-2.099347,54.220000,45.780000,2.294900,-0.023000,-0.992277,69.650000,30.350000,binance_kline_quote_asset_volume,0.000000,0.000000,0.000000,0.000000,OK
97,2026-06-11 20:00:00 UTC,INXUSDT,0.008988,0.009019,0.008930,0.008995,0.000009,0.100156,0.077882,0.990209,69.837400,2187,60,2.820874,13275855.000000,-2647965.000000,-16.628956,119190.090976,-22893.177918,-16.112508,6441929.000000,57865.267676,61324.823300,48.548723,287461203.000000,2580915.793507,-954158.000000,-0.330828,19787.387827,0.772604,2.316700,-0.030000,-1.278391,69.850000,30.150000,1.190800,0.006300,0.531870,54.360000,45.640000,2.274400,-0.020500,-0.893285,69.460000,30.540000,binance_kline_quote_asset_volume,0.000000,0.000000,0.000000,0.000000,OK
98,2026-06-11 20:15:00 UTC,INXUSDT,0.009003,0.009200,0.008993,0.009162,0.000167,1.856587,1.766078,2.299234,73.056132,4142,1955,89.391861,36783248.000000,23507393.000000,177.068769,335296.627495,216106.536519,181.312502,18042578.000000,164541.374878,170755.252617,49.073376,287394455.000000,2584363.023197,-66748.000000,-0.023220,3447.229691,0.133566,2.316700,0.000000,0.000000,69.850000,30.150000,1.183500,-0.007300,-0.613033,54.200000,45.800000,2.299200,0.024800,1.090397,69.690000,30.310000,binance_kline_quote_asset_volume,0.000000,0.000000,0.000000,0.000000,OK
99,2026-06-11 20:30:00 UTC,INXUSDT,0.009160,0.009368,0.009151,0.009301,0.000139,1.517136,1.539301,2.368996,75.408395,5888,1746,42.153549,43595721.000000,6812473.000000,18.520586,404244.142608,68947.515113,20.563140,24235207.000000,224877.051753,179367.090855,55.629019,287263215.000000,2632480.102260,-131240.000000,-0.045665,48117.079063,1.861854,2.304700,-0.012000,-0.517978,69.740000,30.260000,1.177800,-0.005700,-0.481622,54.080000,45.920000,2.317900,0.018700,0.813326,69.860000,30.140000,binance_kline_quote_asset_volume,0.000000,0.000000,0.000000,0.000000,OK
100,2026-06-11 20:45:00 UTC,INXUSDT,0.009309,0.009391,0.009284,0.009366,0.000065,0.698850,0.612311,1.149425,76.444037,1908,-3980,-67.595109,14503186.000000,-29092535.000000,-66.732547,135556.719699,-268687.422909,-66.466621,6313904.000000,59044.795771,76511.923928,43.557262,287494245.000000,2674271.466990,231030.000000,0.080424,41791.364730,1.587528,2.225800,-0.078900,-3.423439,69.000000,31.000000,1.172000,-0.005800,-0.492444,53.960000,46.040000,2.194900,-0.123000,-5.306527,68.700000,31.300000,binance_kline_quote_asset_volume,0.000000,0.000000,0.000000,0.000000,OK

==================================================================================================================================LAST CANDLE SNAPSHOT — FULL DATA NEEDED FOR V3.2.1
==================================================================================================================================Candle Index        : 100
Time                : 2026-06-11 20:45:00 UTC
Close Time          : 2026-06-11 20:59:59 UTC
Symbol              : INXUSDT

[PRICE / RSI]
Open                : 0.00930900
High                : 0.00939100
Low                 : 0.00928400
Close               : 0.00936600
Close Change        : 0.00006500
Close Change %      : 0.6988%
Candle Body %       : 0.6123%
Price Range %       : 1.1494%
RSI(14)            : 76.44

[TRADES / VOLUME / QUOTE VOLUME]
Number of Trades    : 1908
Trades Change       : -3980
Trades Change %     : -67.5951%
Volume              : 14503186.00000000
Volume Change       : -29092535.00000000
Volume Change %     : -66.7325%
Quote Volume        : 135556.71969900
Quote Volume Change : -268687.42290900
Quote Volume Chg %  : -66.4666%
Quote Volume Source : binance_kline_quote_asset_volume
Taker Buy Base Vol  : 6313904.00000000
Taker Buy Quote Vol : 59044.79577100
Taker Sell Quote Vol: 76511.92392800
Taker Buy Quote %   : 43.5573%

[OPEN INTEREST]
Open Interest       : 287494245.00000000
OI Change           : 231030.00000000
OI Change %         : 0.0804%
OI Value            : 2674271.46699000
OI Value Change     : 41791.36473000
OI Value Change %   : 1.5875%

[TOP ACCOUNT L/S]
Top Acco L/S Ratio  : 2.22580000
Top Acco L/S Change : -0.07890000
Top Acco Chg %      : -3.4234%
Top Acco Long %     : 69.0000
Top Acco Short %    : 31.0000

[TOP POSITION L/S]
Top Posit L/S Ratio : 1.17200000
Top Posit L/S Change: -0.00580000
Top Posit Chg %     : -0.4924%
Top Posit Long %    : 53.9600
Top Posit Short %   : 46.0400

[GLOBAL L/S]
Global L/S Ratio    : 2.19490000
Global L/S Change   : -0.12300000
Global Chg %        : -5.3065%
Global Long %       : 68.7000
Global Short %      : 31.3000

[DATA QUALITY / TIMESTAMP MATCH]
OI Match Delta Min     : 0.0
Acco Match Delta Min   : 0.0
Posit Match Delta Min  : 0.0
Global Match Delta Min : 0.0
Data Quality           : OK

====================================================================================================
تمت الطباعة: 100 شمعة. كل صف في الجدول = شمعة واحدة.
RSI للسياق فقط. القرار البنيوي يعتمد على OI → Trades/Quote → L/S → Price Acceptance.
====================================================================================================

[Program finished]
