####################################################################################################
FETCHING BINANCE FUTURES DATA ...
####################################################################################################
SYMBOL     : LAYERUSDT
PERIOD     : 15m
LIMIT      : 100
RSI_PERIOD : 14
PRINT MODE : CSV_STYLE
NOTE       : EACH OUTPUT ROW = ONE ACTUAL KLINE CANDLE
####################################################################################################

============================================================================================================================================
ANALYSIS-READY CANDLE DATA FOR V3.2.1 | CSV STYLE | EACH ROW = ONE 15m CANDLE
============================================================================================================================================
candle_index,time,symbol,open,high,low,close,close_change,close_change_pct,candle_body_pct,price_range_pct,rsi,number_of_trades,trades_change,trades_change_pct,volume,volume_change,volume_change_pct,quote_volume,quote_volume_change,quote_volume_change_pct,taker_buy_base_volume,taker_buy_quote_volume,taker_sell_quote_volume,taker_buy_quote_pct,oi,oi_value,oi_change,oi_change_pct,oi_value_change,oi_value_change_pct,acco_ls_ratio,acco_ls_change,acco_ls_change_pct,acco_long_pct,acco_short_pct,posit_ls_ratio,posit_ls_change,posit_ls_change_pct,posit_long_pct,posit_short_pct,global_ls_ratio,global_ls_change,global_ls_change_pct,global_long_pct,global_short_pct,quote_volume_source,oi_match_delta_min,acco_match_delta_min,posit_match_delta_min,global_match_delta_min,data_quality1,2026-06-07 17:30:00 UTC,LAYERUSDT,0.063260,0.063410,0.063170,0.063370,0.000000,0.000000,0.173886,0.379387,50.643777,803,0.000000,0.000000,206057.400000,0.000000,0.000000,13042.952701,0.000000,0.000000,99974.000000,6330.069889,6712.882812,48.532491,32150879.800000,2033955.964647,0.000000,0.000000,0.000000,0.000000,1.663800,0.000000,0.000000,62.460000,37.540000,1.221400,0.000000,0.000000,54.980000,45.020000,1.444400,0.000000,0.000000,59.090000,40.910000,binance_kline_quote_asset_volume,0.000000,0.000000,0.000000,0.000000,OK
2,2026-06-07 17:45:00 UTC,LAYERUSDT,0.063340,0.063380,0.062900,0.063140,-0.000230,-0.362948,-0.315756,0.757815,45.777380,634,-169,-21.046077,156219.400000,-49838.000000,-24.186465,9859.854902,-3183.097799,-24.404733,80715.800000,5094.769896,4765.085006,51.671855,32142641.500000,2036879.191855,-8238.300000,-0.025624,2923.227208,0.143721,1.653200,-0.010600,-0.637096,62.310000,37.690000,1.223900,0.002500,0.204683,55.030000,44.970000,1.426000,-0.018400,-1.273885,58.780000,41.220000,binance_kline_quote_asset_volume,0.000000,0.000000,0.000000,0.000000,OK
3,2026-06-07 18:00:00 UTC,LAYERUSDT,0.063100,0.063400,0.063100,0.063370,0.000230,0.364270,0.427892,0.475436,50.862266,802,168,26.498423,256438.500000,100219.100000,64.152788,16226.255460,6366.400558,64.568907,113131.700000,7155.633077,9070.622383,44.099103,32146890.200000,2029754.647228,4248.700000,0.013218,-7124.544627,-0.349777,1.663800,0.010600,0.641181,62.460000,37.540000,1.224400,0.000500,0.040853,55.040000,44.960000,1.436600,0.010600,0.743338,58.960000,41.040000,binance_kline_quote_asset_volume,0.000000,0.000000,0.000000,0.000000,OK
4,2026-06-07 18:15:00 UTC,LAYERUSDT,0.063370,0.063370,0.063060,0.063100,-0.000270,-0.426069,-0.426069,0.489190,45.471387,701,-101,-12.593516,156785.700000,-99652.800000,-38.860312,9902.148497,-6324.106963,-38.974531,65852.800000,4158.863348,5743.285149,41.999606,32132559.600000,2036428.277326,-14330.600000,-0.044578,6673.630098,0.328790,1.655300,-0.008500,-0.510879,62.340000,37.660000,1.224900,0.000500,0.040836,55.060000,44.940000,1.426600,-0.010000,-0.696088,58.790000,41.210000,binance_kline_quote_asset_volume,0.000000,0.000000,0.000000,0.000000,OK
5,2026-06-07 18:30:00 UTC,LAYERUSDT,0.063090,0.063220,0.062860,0.062960,-0.000140,-0.221870,-0.206055,0.570613,42.930537,717,16,2.282454,254532.100000,97746.400000,62.343951,16034.251045,6132.102548,61.926990,49993.600000,3150.446807,12883.804238,19.648232,32167770.100000,2029825.216312,35210.500000,0.109579,-6603.061014,-0.324247,1.653900,-0.001400,-0.084577,62.320000,37.680000,1.226200,0.001300,0.106131,55.080000,44.920000,1.426600,0.000000,0.000000,58.790000,41.210000,binance_kline_quote_asset_volume,0.000000,0.000000,0.000000,0.000000,OK
6,2026-06-07 18:45:00 UTC,LAYERUSDT,0.062950,0.063070,0.062520,0.062530,-0.000430,-0.682973,-0.667196,0.873709,36.233583,715,-2,-0.278940,203700.900000,-50831.200000,-19.970448,12791.765864,-3242.485181,-20.222243,86447.900000,5426.910429,7364.855435,42.425029,32138072.200000,2024114.278447,-29697.900000,-0.092322,-5710.937864,-0.281351,1.646200,-0.007700,-0.465566,62.210000,37.790000,1.232300,0.006100,0.497472,55.200000,44.800000,1.419500,-0.007100,-0.497687,58.670000,41.330000,binance_kline_quote_asset_volume,0.000000,0.000000,0.000000,0.000000,OK
7,2026-06-07 19:00:00 UTC,LAYERUSDT,0.062560,0.062580,0.061740,0.061910,-0.000620,-0.991524,-1.039003,1.342711,29.168294,2113,1398,195.524476,794789.900000,591089.000000,290.174957,49340.372880,36548.607016,285.719794,335346.600000,20830.875025,28509.497855,42.218722,32167180.900000,2011413.821677,29108.700000,0.090574,-12700.456770,-0.627457,1.646900,0.000700,0.042522,62.220000,37.780000,1.231200,-0.001100,-0.089264,55.180000,44.820000,1.417200,-0.002300,-0.162029,58.630000,41.370000,binance_kline_quote_asset_volume,0.000000,0.000000,0.000000,0.000000,OK
8,2026-06-07 19:15:00 UTC,LAYERUSDT,0.061910,0.061920,0.061320,0.061750,-0.000160,-0.258440,-0.258440,0.969149,27.668874,1829,-284,-13.440606,710540.000000,-84249.900000,-10.600273,43774.900924,-5565.471956,-11.279753,360576.700000,22230.070048,21544.830876,50.782685,32046819.400000,1984659.525442,-120361.500000,-0.374175,-26754.296235,-1.330124,1.630900,-0.016000,-0.971522,61.990000,38.010000,1.224700,-0.006500,-0.527940,55.050000,44.950000,1.408500,-0.008700,-0.613887,58.480000,41.520000,binance_kline_quote_asset_volume,0.000000,0.000000,0.000000,0.000000,OK
9,2026-06-07 19:30:00 UTC,LAYERUSDT,0.061760,0.061810,0.061320,0.061430,-0.000320,-0.518219,-0.534326,0.793394,24.910752,1188,-641,-35.046473,299068.000000,-411472.000000,-57.909759,18415.996080,-25358.904844,-57.930239,132872.700000,8180.831088,10235.164992,44.422420,31981997.000000,1976200.536087,-64822.400000,-0.202274,-8458.989355,-0.426219,1.628800,-0.002100,-0.128763,61.960000,38.040000,1.225800,0.001100,0.089818,55.070000,44.930000,1.400400,-0.008100,-0.575080,58.340000,41.660000,binance_kline_quote_asset_volume,0.000000,0.000000,0.000000,0.000000,OK
10,2026-06-07 19:45:00 UTC,LAYERUSDT,0.061450,0.061900,0.061380,0.061730,0.000300,0.488361,0.455655,0.846216,31.776847,1270,82,6.902357,365878.100000,66810.100000,22.339435,22572.737634,4156.741554,22.571364,214813.200000,13250.489100,9322.248534,58.701294,31998837.100000,1966778.123456,16840.100000,0.052655,-9422.412631,-0.476794,1.616400,-0.012400,-0.761297,61.780000,38.220000,1.226100,0.000300,0.024474,55.080000,44.920000,1.385500,-0.014900,-1.063982,58.080000,41.920000,binance_kline_quote_asset_volume,0.000000,0.000000,0.000000,0.000000,OK
11,2026-06-07 20:00:00 UTC,LAYERUSDT,0.061720,0.062310,0.061550,0.062210,0.000480,0.777580,0.793908,1.231367,41.062796,1231,-39,-3.070866,397262.100000,31384.000000,8.577720,24629.972092,2057.234458,9.113801,198021.300000,12279.662759,12350.309333,49.856584,31994931.600000,1975545.288753,-3905.500000,-0.012205,8767.165297,0.445763,1.622600,0.006200,0.383568,61.870000,38.130000,1.224700,-0.001400,-0.114183,55.050000,44.950000,1.399200,0.013700,0.988813,58.320000,41.680000,binance_kline_quote_asset_volume,0.000000,0.000000,0.000000,0.000000,OK
12,2026-06-07 20:15:00 UTC,LAYERUSDT,0.062200,0.062640,0.062030,0.062470,0.000260,0.417939,0.434084,0.980707,45.398096,989,-242,-19.658814,265330.100000,-131932.000000,-33.210316,16556.341616,-8073.630476,-32.779698,164986.600000,10296.066496,6260.275120,62.188053,31971110.400000,1988922.777984,-23821.200000,-0.074453,13377.489231,0.677154,1.626100,0.003500,0.215703,61.920000,38.080000,1.226500,0.001800,0.146975,55.090000,44.910000,1.392900,-0.006300,-0.450257,58.210000,41.790000,binance_kline_quote_asset_volume,0.000000,0.000000,0.000000,0.000000,OK
13,2026-06-07 20:30:00 UTC,LAYERUSDT,0.062470,0.062520,0.062220,0.062360,-0.000110,-0.176085,-0.176085,0.480231,43.925937,786,-203,-20.525784,322747.100000,57417.000000,21.639837,20116.205409,3559.863793,21.501512,147071.600000,9165.514381,10950.691028,45.562839,31982897.800000,1998364.695380,11787.400000,0.036869,9441.917396,0.474725,1.626100,0.000000,0.000000,61.920000,38.080000,1.229500,0.003000,0.244598,55.150000,44.850000,1.401500,0.008600,0.617417,58.360000,41.640000,binance_kline_quote_asset_volume,0.000000,0.000000,0.000000,0.000000,OK
14,2026-06-07 20:45:00 UTC,LAYERUSDT,0.062360,0.062720,0.062360,0.062530,0.000170,0.272611,0.272611,0.577293,46.797322,557,-229,-29.134860,130345.000000,-192402.100000,-59.613890,8150.057716,-11966.147693,-59.485114,74936.000000,4685.204141,3464.853575,57.486760,31952253.800000,1992542.546968,-30644.000000,-0.095814,-5822.148412,-0.291346,1.624000,-0.002100,-0.129143,61.890000,38.110000,1.230300,0.000800,0.065067,55.160000,44.840000,1.396400,-0.005100,-0.363896,58.270000,41.730000,binance_kline_quote_asset_volume,0.000000,0.000000,0.000000,0.000000,OK
15,2026-06-07 21:00:00 UTC,LAYERUSDT,0.062510,0.062760,0.062330,0.062750,0.000220,0.351831,0.383939,0.687890,50.341240,890,333,59.784560,320936.700000,190591.700000,146.220952,20060.342026,11910.284310,146.137423,152984.600000,9560.891638,10499.450388,47.660661,31922119.700000,1996090.144841,-30134.100000,-0.094310,3547.597873,0.178044,1.626100,0.002100,0.129310,61.920000,38.080000,1.229900,-0.000400,-0.032512,55.160000,44.840000,1.401500,0.005100,0.365225,58.360000,41.640000,binance_kline_quote_asset_volume,0.000000,0.000000,0.000000,0.000000,OK
16,2026-06-07 21:15:00 UTC,LAYERUSDT,0.062740,0.062750,0.062430,0.062430,-0.000320,-0.509960,-0.494103,0.510041,45.584798,477,-413,-46.404494,132134.700000,-188802.000000,-58.828423,8267.273065,-11793.068961,-58.787976,73735.700000,4613.328272,3653.944793,55.802297,31913865.000000,2000329.463474,-8254.700000,-0.025859,4239.318633,0.212381,1.621200,-0.004900,-0.301334,61.850000,38.150000,1.227300,-0.002600,-0.211399,55.100000,44.900000,1.401500,0.000000,0.000000,58.360000,41.640000,binance_kline_quote_asset_volume,0.000000,0.000000,0.000000,0.000000,OK
17,2026-06-07 21:30:00 UTC,LAYERUSDT,0.062430,0.062520,0.062070,0.062180,-0.000250,-0.400449,-0.400449,0.720807,42.227940,829,352,73.794549,276876.600000,144741.900000,109.541173,17233.008351,8965.735286,108.448520,148398.300000,9239.009521,7993.998830,53.612285,31928734.900000,1994226.635924,14869.900000,0.046594,-6102.827550,-0.305091,1.615100,-0.006100,-0.376264,61.760000,38.240000,1.227400,0.000100,0.008148,55.100000,44.900000,1.399200,-0.002300,-0.164110,58.320000,41.680000,binance_kline_quote_asset_volume,0.000000,0.000000,0.000000,0.000000,OK
18,2026-06-07 21:45:00 UTC,LAYERUSDT,0.062180,0.062380,0.062010,0.062360,0.000180,0.289482,0.289482,0.595047,45.348498,959,130,15.681544,284606.100000,7729.500000,2.791677,17683.863366,450.855015,2.616229,146945.700000,9131.727392,8552.135974,51.638758,31926091.300000,1985164.357034,-2643.600000,-0.008280,-9062.278890,-0.454426,1.613000,-0.002100,-0.130023,61.730000,38.270000,1.227200,-0.000200,-0.016295,55.100000,44.900000,1.390100,-0.009100,-0.650372,58.160000,41.840000,binance_kline_quote_asset_volume,0.000000,0.000000,0.000000,0.000000,OK
19,2026-06-07 22:00:00 UTC,LAYERUSDT,0.062360,0.064770,0.062350,0.064520,0.002160,3.463759,3.463759,3.880693,67.814948,3289,2330,242.961418,1279922.700000,995316.600000,349.717241,81437.348071,63753.484705,360.517854,610848.500000,38821.101640,42616.246431,47.669899,31932373.700000,1991268.336968,6282.400000,0.019678,6103.979934,0.307480,1.611600,-0.001400,-0.086795,61.710000,38.290000,1.226100,-0.001100,-0.089635,55.080000,44.920000,1.385500,-0.004600,-0.330911,58.080000,41.920000,binance_kline_quote_asset_volume,0.000000,0.000000,0.000000,0.000000,OK
20,2026-06-07 22:15:00 UTC,LAYERUSDT,0.064610,0.065240,0.063950,0.064160,-0.000360,-0.557967,-0.696487,1.996595,63.155075,4118,829,25.205230,1467073.100000,187150.400000,14.622008,94886.966032,13449.617961,16.515295,822174.700000,53158.467471,41728.498561,56.022939,31853587.600000,2058697.366588,-78786.100000,-0.246728,67429.029620,3.386235,1.600800,-0.010800,-0.670141,61.550000,38.450000,1.216100,-0.010000,-0.815594,54.880000,45.120000,1.382100,-0.003400,-0.245399,58.020000,41.980000,binance_kline_quote_asset_volume,0.000000,0.000000,0.000000,0.000000,OK
21,2026-06-07 22:30:00 UTC,LAYERUSDT,0.064170,0.064530,0.063820,0.064270,0.000110,0.171446,0.155836,1.106436,63.969762,2005,-2113,-51.311316,609720.500000,-857352.600000,-58.439665,39121.692397,-55765.273635,-58.770215,251564.900000,16145.168443,22976.523954,41.269095,31718575.200000,2035063.784832,-135012.400000,-0.423853,-23633.581756,-1.147987,1.595400,-0.005400,-0.337331,61.470000,38.530000,1.216700,0.000600,0.049338,54.890000,45.110000,1.375900,-0.006200,-0.448593,57.910000,42.090000,binance_kline_quote_asset_volume,0.000000,0.000000,0.000000,0.000000,OK
22,2026-06-07 22:45:00 UTC,LAYERUSDT,0.064280,0.064440,0.063660,0.063700,-0.000570,-0.886883,-0.902302,1.213441,56.943506,1126,-879,-43.840399,284675.900000,-325044.600000,-53.310427,18242.520864,-20879.171533,-53.369807,185795.400000,11910.152037,6332.368827,65.287863,31591286.700000,2030371.996209,-127288.500000,-0.401306,-4691.788623,-0.230547,1.585300,-0.010100,-0.633070,61.320000,38.680000,1.221800,0.005100,0.419167,54.990000,45.010000,1.374700,-0.001200,-0.087216,57.890000,42.110000,binance_kline_quote_asset_volume,0.000000,0.000000,0.000000,0.000000,OK
23,2026-06-07 23:00:00 UTC,LAYERUSDT,0.063690,0.063860,0.063490,0.063720,0.000020,0.031397,0.047103,0.580939,57.121468,1355,229,20.337478,417657.300000,132981.400000,46.713262,26596.602445,8354.081581,45.794557,207177.500000,13195.211595,13401.390850,49.612396,31615628.900000,2013599.404641,24342.200000,0.077054,-16772.591568,-0.826085,1.594000,0.008700,0.548792,61.450000,38.550000,1.224500,0.002700,0.220985,55.050000,44.950000,1.373000,-0.001700,-0.123663,57.860000,42.140000,binance_kline_quote_asset_volume,0.000000,0.000000,0.000000,0.000000,OK
24,2026-06-07 23:15:00 UTC,LAYERUSDT,0.063720,0.063760,0.063430,0.063710,-0.000010,-0.015694,-0.015694,0.517891,56.994622,813,-542,-40.000000,192125.400000,-225531.900000,-53.999272,12220.417535,-14376.184910,-54.052712,103384.900000,6577.703226,5642.714309,53.825520,31669650.900000,2017990.155348,54022.000000,0.170871,4390.750707,0.218055,1.590700,-0.003300,-0.207026,61.400000,38.600000,1.230000,0.005500,0.449163,55.160000,44.840000,1.365700,-0.007300,-0.531682,57.730000,42.270000,binance_kline_quote_asset_volume,0.000000,0.000000,0.000000,0.000000,OK
25,2026-06-07 23:30:00 UTC,LAYERUSDT,0.063740,0.063870,0.063580,0.063830,0.000120,0.188353,0.141199,0.454973,58.194343,768,-45,-5.535055,242403.000000,50277.600000,26.169158,15453.529048,3233.111513,26.456637,83461.500000,5318.877399,10134.651649,34.418529,31697412.000000,2019838.336170,27761.100000,0.087658,1848.180822,0.091585,1.586700,-0.004000,-0.251462,61.340000,38.660000,1.229700,-0.000300,-0.024390,55.150000,44.850000,1.372500,0.006800,0.497913,57.850000,42.150000,binance_kline_quote_asset_volume,0.000000,0.000000,0.000000,0.000000,OK
26,2026-06-07 23:45:00 UTC,LAYERUSDT,0.063810,0.064000,0.063590,0.063860,0.000030,0.047000,0.078358,0.642533,58.505994,761,-7,-0.911458,148039.400000,-94363.600000,-38.928396,9436.072751,-6017.456297,-38.939043,90221.100000,5751.192062,3684.880689,60.949001,31630205.600000,2018956.023448,-67206.400000,-0.212025,-882.312722,-0.043682,1.570700,-0.016000,-1.008382,61.100000,38.900000,1.235100,0.005400,0.439131,55.260000,44.740000,1.357900,-0.014600,-1.063752,57.590000,42.410000,binance_kline_quote_asset_volume,0.000000,0.000000,0.000000,0.000000,OK
27,2026-06-08 00:00:00 UTC,LAYERUSDT,0.063870,0.064020,0.063510,0.063800,-0.000060,-0.093956,-0.109598,0.798497,57.581445,1346,585,76.872536,400555.000000,252515.600000,170.573239,25547.890421,16111.817670,170.747069,131764.700000,8407.047046,17140.843375,32.907011,31623739.900000,2019492.030014,-6465.700000,-0.020442,536.006566,0.026549,1.576000,0.005300,0.337429,61.180000,38.820000,1.236600,0.001500,0.121448,55.290000,44.710000,1.357400,-0.000500,-0.036822,57.580000,42.420000,binance_kline_quote_asset_volume,0.000000,0.000000,0.000000,0.000000,OK
28,2026-06-08 00:15:00 UTC,LAYERUSDT,0.063780,0.064000,0.063630,0.063970,0.000170,0.266458,0.297899,0.580119,59.532709,846,-500,-37.147103,216126.900000,-184428.100000,-46.043140,13789.761080,-11758.129341,-46.023876,106800.900000,6815.422138,6974.338942,49.423787,31553096.900000,2013087.582220,-70643.000000,-0.223386,-6404.447794,-0.317132,1.570700,-0.005300,-0.336294,61.100000,38.900000,1.239500,0.002900,0.234514,55.350000,44.650000,1.351300,-0.006100,-0.449389,57.470000,42.530000,binance_kline_quote_asset_volume,0.000000,0.000000,0.000000,0.000000,OK
29,2026-06-08 00:30:00 UTC,LAYERUSDT,0.063980,0.064890,0.063920,0.064660,0.000690,1.078631,1.062832,1.516099,66.307272,1821,975,115.248227,728897.000000,512770.100000,237.254178,46970.895655,33181.134575,240.621533,370452.100000,23846.281049,23124.614606,50.768206,31567956.600000,2019402.183702,14859.700000,0.047094,6314.601482,0.313677,1.570700,0.000000,0.000000,61.100000,38.900000,1.237900,-0.001600,-0.129084,55.320000,44.680000,1.361800,0.010500,0.777030,57.660000,42.340000,binance_kline_quote_asset_volume,0.000000,0.000000,0.000000,0.000000,OK
30,2026-06-08 00:45:00 UTC,LAYERUSDT,0.064640,0.064840,0.064350,0.064710,0.000050,0.077328,0.108292,0.758045,66.741764,996,-825,-45.304778,286312.400000,-442584.600000,-60.719772,18508.634550,-28462.261105,-60.595526,178491.200000,11540.274067,6968.360483,62.350759,31492036.200000,2036275.060692,-75920.400000,-0.240498,16872.876990,0.835538,1.556900,-0.013800,-0.878589,60.890000,39.110000,1.245100,0.007200,0.581630,55.460000,44.540000,1.350700,-0.011100,-0.815098,57.460000,42.540000,binance_kline_quote_asset_volume,0.000000,0.000000,0.000000,0.000000,OK
31,2026-06-08 01:00:00 UTC,LAYERUSDT,0.064720,0.064830,0.063720,0.063720,-0.000990,-1.529903,-1.545117,1.715080,52.347445,1394,398,39.959839,445832.200000,159519.800000,55.715296,28639.025962,10130.391412,54.733327,151593.900000,9755.022704,18884.003258,34.061992,31453721.500000,2035370.318265,-38314.700000,-0.121665,-904.742427,-0.044431,1.555600,-0.001300,-0.083499,60.870000,39.130000,1.245300,0.000200,0.016063,55.460000,44.540000,1.351300,0.000600,0.044421,57.470000,42.530000,binance_kline_quote_asset_volume,0.000000,0.000000,0.000000,0.000000,OK
32,2026-06-08 01:15:00 UTC,LAYERUSDT,0.063730,0.063760,0.063220,0.063390,-0.000330,-0.517891,-0.533501,0.847325,48.585893,1676,282,20.229555,440265.300000,-5566.900000,-1.248654,27975.498241,-663.527721,-2.316866,178533.000000,11347.536384,16627.961857,40.562410,31504949.200000,2009809.086493,51227.700000,0.162867,-25561.231772,-1.255852,1.549700,-0.005900,-0.379275,60.780000,39.220000,1.251600,0.006300,0.505902,55.590000,44.410000,1.346900,-0.004400,-0.325612,57.390000,42.610000,binance_kline_quote_asset_volume,0.000000,0.000000,0.000000,0.000000,OK
33,2026-06-08 01:30:00 UTC,LAYERUSDT,0.063400,0.063840,0.063290,0.063780,0.000390,0.615239,0.599369,0.867508,52.893970,1283,-393,-23.448687,472733.700000,32468.400000,7.374735,30077.276096,2101.777855,7.512924,182138.500000,11584.842466,18492.433630,38.516927,31494356.500000,1996427.258535,-10592.700000,-0.033622,-13381.827958,-0.665826,1.553000,0.003300,0.212944,60.830000,39.170000,1.251000,-0.000600,-0.047939,55.580000,44.420000,1.347400,0.000500,0.037122,57.400000,42.600000,binance_kline_quote_asset_volume,0.000000,0.000000,0.000000,0.000000,OK
34,2026-06-08 01:45:00 UTC,LAYERUSDT,0.063810,0.064020,0.063770,0.063920,0.000140,0.219505,0.172387,0.391788,54.371991,736,-547,-42.634451,134485.400000,-338248.300000,-71.551552,8589.948892,-21487.327204,-71.440403,70181.100000,4482.951830,4106.997062,52.188341,31439360.300000,2005621.801000,-54996.200000,-0.174622,9194.542465,0.460550,1.553000,0.000000,0.000000,60.830000,39.170000,1.249600,-0.001400,-0.111910,55.550000,44.450000,1.353500,0.006100,0.452724,57.510000,42.490000,binance_kline_quote_asset_volume,0.000000,0.000000,0.000000,0.000000,OK
35,2026-06-08 02:00:00 UTC,LAYERUSDT,0.063900,0.064050,0.063740,0.064040,0.000120,0.187735,0.219092,0.485133,55.656313,815,79,10.733696,240231.900000,105746.500000,78.630468,15354.023250,6764.074358,78.744058,94565.900000,6041.279911,9312.743339,39.346560,31427477.400000,2008844.355408,-11882.900000,-0.037796,3222.554408,0.160676,1.552300,-0.000700,-0.045074,60.820000,39.180000,1.248400,-0.001200,-0.096031,55.520000,44.480000,1.350200,-0.003300,-0.243812,57.450000,42.550000,binance_kline_quote_asset_volume,0.000000,0.000000,0.000000,0.000000,OK
36,2026-06-08 02:15:00 UTC,LAYERUSDT,0.064020,0.064040,0.063650,0.063750,-0.000290,-0.452842,-0.421743,0.609185,51.857439,530,-285,-34.969325,122535.100000,-117696.800000,-48.992994,7827.019528,-7527.003722,-49.023006,50894.800000,3250.795369,4576.224159,41.532992,31368473.900000,2008837.068556,-59003.500000,-0.187745,-7.286852,-0.000363,1.557500,0.005200,0.334987,60.900000,39.100000,1.197100,-0.051300,-4.109260,54.480000,45.520000,1.346300,-0.003900,-0.288846,57.380000,42.620000,binance_kline_quote_asset_volume,0.000000,0.000000,0.000000,0.000000,OK
37,2026-06-08 02:30:00 UTC,LAYERUSDT,0.063740,0.063770,0.063450,0.063710,-0.000040,-0.062745,-0.047066,0.502040,51.336943,708,178,33.584906,191717.400000,69182.300000,56.459170,12198.026936,4371.007408,55.845107,80781.800000,5138.967027,7059.059909,42.129494,31338293.400000,1997886.715410,-30180.500000,-0.096213,-10950.353146,-0.545109,1.556900,-0.000600,-0.038523,60.890000,39.110000,1.197900,0.000800,0.066828,54.500000,45.500000,1.353500,0.007200,0.534799,57.510000,42.490000,binance_kline_quote_asset_volume,0.000000,0.000000,0.000000,0.000000,OK
38,2026-06-08 02:45:00 UTC,LAYERUSDT,0.063690,0.063690,0.063490,0.063550,-0.000160,-0.251138,-0.219815,0.314021,49.209304,402,-306,-43.220339,79717.400000,-112000.000000,-58.419319,5068.167617,-7129.859319,-58.450923,32507.900000,2067.155840,3001.011777,40.787046,31353015.700000,1997500.630247,14722.300000,0.046979,-386.085163,-0.019325,1.558900,0.002000,0.128460,60.920000,39.080000,1.196600,-0.001300,-0.108523,54.470000,45.530000,1.354000,0.000500,0.036941,57.520000,42.480000,binance_kline_quote_asset_volume,0.000000,0.000000,0.000000,0.000000,OK
39,2026-06-08 03:00:00 UTC,LAYERUSDT,0.063550,0.063940,0.063480,0.063780,0.000230,0.361920,0.361920,0.723839,52.271535,949,547,136.069652,262183.100000,182465.700000,228.890681,16692.186117,11624.018500,229.353474,125915.900000,8014.362216,8677.823901,48.012658,31354016.800000,1992547.767640,1001.100000,0.003193,-4952.862607,-0.247953,1.558900,0.000000,0.000000,60.920000,39.080000,1.196200,-0.000400,-0.033428,54.470000,45.530000,1.356800,0.002800,0.206795,57.570000,42.430000,binance_kline_quote_asset_volume,0.000000,0.000000,0.000000,0.000000,OK
40,2026-06-08 03:15:00 UTC,LAYERUSDT,0.063770,0.063820,0.063520,0.063530,-0.000250,-0.391972,-0.376353,0.470441,48.825666,628,-321,-33.825079,119620.200000,-142562.900000,-54.375320,7615.192532,-9076.993585,-54.378699,71288.200000,4539.409127,3075.783405,59.609906,31372485.400000,2000937.118812,18468.600000,0.058903,8389.351172,0.421036,1.560800,0.001900,0.121881,60.950000,39.050000,1.199900,0.003700,0.309313,54.540000,45.460000,1.348500,-0.008300,-0.611733,57.420000,42.580000,binance_kline_quote_asset_volume,0.000000,0.000000,0.000000,0.000000,OK
41,2026-06-08 03:30:00 UTC,LAYERUSDT,0.063540,0.063670,0.063420,0.063560,0.000030,0.047222,0.031476,0.393453,49.257948,613,-15,-2.388535,151513.600000,31893.400000,26.662219,9629.870788,2014.678256,26.456038,73623.900000,4678.634609,4951.236179,48.584604,31347555.900000,1991940.314794,-24929.500000,-0.079463,-8996.804018,-0.449630,1.561500,0.000700,0.044849,60.960000,39.040000,1.201600,0.001700,0.141678,54.580000,45.420000,1.343000,-0.005500,-0.407861,57.320000,42.680000,binance_kline_quote_asset_volume,0.000000,0.000000,0.000000,0.000000,OK
42,2026-06-08 03:45:00 UTC,LAYERUSDT,0.063560,0.064080,0.063560,0.064010,0.000450,0.707992,0.707992,0.818125,55.350607,545,-68,-11.092985,123807.300000,-27706.300000,-18.286345,7907.250028,-1722.620760,-17.888306,89754.800000,5730.186531,2177.063497,72.467501,31372191.000000,1994016.459960,24635.100000,0.078587,2076.145166,0.104227,1.559500,-0.002000,-0.128082,60.930000,39.070000,1.200200,-0.001400,-0.116511,54.550000,45.450000,1.344700,0.001700,0.126582,57.350000,42.650000,binance_kline_quote_asset_volume,0.000000,0.000000,0.000000,0.000000,OK
43,2026-06-08 04:00:00 UTC,LAYERUSDT,0.064010,0.064040,0.063270,0.063500,-0.000510,-0.796751,-0.796751,1.202937,48.275856,1544,999,183.302752,563245.700000,439438.400000,354.937391,35813.705507,27906.455479,352.922386,190822.700000,12149.290071,23664.415436,33.923577,31340096.900000,2004281.307809,-32094.100000,-0.102301,10264.847849,0.514783,1.570000,0.010500,0.673293,61.090000,38.910000,1.200300,0.000100,0.008332,54.550000,45.450000,1.355700,0.011000,0.818026,57.550000,42.450000,binance_kline_quote_asset_volume,0.000000,0.000000,0.000000,0.000000,OK
44,2026-06-08 04:15:00 UTC,LAYERUSDT,0.063520,0.063530,0.063120,0.063470,-0.000030,-0.047244,-0.078715,0.645466,47.888105,853,-691,-44.753886,223804.600000,-339441.100000,-60.265192,14168.082151,-21645.623356,-60.439497,133574.400000,8456.676893,5711.405258,59.688226,31285129.400000,1986605.716900,-54967.500000,-0.175390,-17675.590909,-0.881892,1.576700,0.006700,0.426752,61.190000,38.810000,1.198400,-0.001900,-0.158294,54.510000,45.490000,1.368000,0.012300,0.907280,57.770000,42.230000,binance_kline_quote_asset_volume,0.000000,0.000000,0.000000,0.000000,OK
45,2026-06-08 04:30:00 UTC,LAYERUSDT,0.063480,0.063560,0.063130,0.063350,-0.000120,-0.189066,-0.204789,0.677379,46.286622,1029,176,20.633060,377771.100000,153966.500000,68.795056,23911.899371,9743.817220,68.773015,175487.400000,11105.832294,12806.067077,46.444794,31306790.400000,1987041.986688,21661.000000,0.069237,436.269788,0.021961,1.580000,0.003300,0.209298,61.240000,38.760000,1.199200,0.000800,0.066756,54.530000,45.470000,1.368500,0.000500,0.036550,57.780000,42.220000,binance_kline_quote_asset_volume,0.000000,0.000000,0.000000,0.000000,OK
46,2026-06-08 04:45:00 UTC,LAYERUSDT,0.063340,0.063530,0.063240,0.063240,-0.000110,-0.173639,-0.157878,0.457847,44.807376,771,-258,-25.072886,229542.400000,-148228.700000,-39.237702,14556.591615,-9355.307756,-39.124068,122348.400000,7760.497650,6796.093965,53.312601,31271192.500000,1981030.044875,-35597.900000,-0.113707,-6011.941813,-0.302557,1.575300,-0.004700,-0.297468,61.170000,38.830000,1.204800,0.005600,0.466978,54.650000,45.350000,1.366900,-0.001600,-0.116916,57.750000,42.250000,binance_kline_quote_asset_volume,0.000000,0.000000,0.000000,0.000000,OK
47,2026-06-08 05:00:00 UTC,LAYERUSDT,0.063240,0.063320,0.062840,0.062910,-0.000330,-0.521822,-0.521822,0.759013,40.613976,776,5,0.648508,292541.000000,62998.600000,27.445300,18473.269542,3916.677927,26.906559,140593.500000,8883.585513,9589.684029,48.088864,31241800.800000,1978865.972466,-29391.700000,-0.093990,-2164.072409,-0.109240,1.577300,0.002000,0.126960,61.200000,38.800000,1.205900,0.001100,0.091301,54.670000,45.330000,1.365200,-0.001700,-0.124369,57.720000,42.280000,binance_kline_quote_asset_volume,0.000000,0.000000,0.000000,0.000000,OK
48,2026-06-08 05:15:00 UTC,LAYERUSDT,0.062890,0.063290,0.062840,0.063280,0.000370,0.588142,0.620130,0.715535,46.643420,503,-273,-35.180412,261354.700000,-31186.300000,-10.660489,16495.323157,-1977.946385,-10.707073,167442.700000,10566.170972,5929.152185,64.055556,31258392.600000,1966726.173460,16591.800000,0.053108,-12139.799006,-0.613473,1.571400,-0.005900,-0.374057,61.110000,38.890000,1.204600,-0.001300,-0.107803,54.640000,45.360000,1.361300,-0.003900,-0.285672,57.650000,42.350000,binance_kline_quote_asset_volume,0.000000,0.000000,0.000000,0.000000,OK
49,2026-06-08 05:30:00 UTC,LAYERUSDT,0.063290,0.063290,0.062770,0.062830,-0.000450,-0.711125,-0.726813,0.821615,41.168770,783,280,55.666004,374953.400000,113598.700000,43.465337,23653.273332,7157.950175,43.393816,183639.900000,11589.082052,12064.191280,48.995680,31282474.500000,1979554.986360,24081.900000,0.077041,12828.812900,0.652293,1.568100,-0.003300,-0.210004,61.060000,38.940000,1.203500,-0.001100,-0.091317,54.620000,45.380000,1.354600,-0.006700,-0.492177,57.530000,42.470000,binance_kline_quote_asset_volume,0.000000,0.000000,0.000000,0.000000,OK
50,2026-06-08 05:45:00 UTC,LAYERUSDT,0.062820,0.063200,0.062730,0.063200,0.000370,0.588891,0.604903,0.748169,46.707451,902,119,15.197957,273535.000000,-101418.400000,-27.048268,17216.927102,-6436.346230,-27.211228,128344.600000,8080.887239,9136.039863,46.935712,31342251.800000,1969233.680594,59777.300000,0.191089,-10321.305766,-0.521395,1.559500,-0.008600,-0.548434,60.930000,39.070000,1.211700,0.008200,0.681346,54.790000,45.210000,1.352900,-0.001700,-0.125498,57.500000,42.500000,binance_kline_quote_asset_volume,0.000000,0.000000,0.000000,0.000000,OK
51,2026-06-08 06:00:00 UTC,LAYERUSDT,0.063200,0.063690,0.063180,0.063550,0.000350,0.553797,0.553797,0.806962,51.371277,1039,137,15.188470,382238.900000,108703.900000,39.740399,24278.613344,7061.686242,41.015950,148594.300000,9436.118182,14842.495162,38.865968,31312806.700000,1976437.743018,-29445.100000,-0.093947,7204.062424,0.365831,1.562800,0.003300,0.211606,60.980000,39.020000,1.210900,-0.000800,-0.066023,54.770000,45.230000,1.356300,0.003400,0.251312,57.560000,42.440000,binance_kline_quote_asset_volume,0.000000,0.000000,0.000000,0.000000,OK
52,2026-06-08 06:15:00 UTC,LAYERUSDT,0.063560,0.063990,0.063560,0.063860,0.000310,0.487805,0.471995,0.676526,55.117799,913,-126,-12.127045,280252.900000,-101986.000000,-26.681220,17878.663619,-6399.949725,-26.360442,127690.500000,8143.189831,9735.473788,45.546972,31230910.000000,1984724.330500,-81896.700000,-0.261544,8286.587482,0.419269,1.558200,-0.004600,-0.294343,60.910000,39.090000,1.215600,0.004700,0.388141,54.870000,45.130000,1.353500,-0.002800,-0.206444,57.510000,42.490000,binance_kline_quote_asset_volume,0.000000,0.000000,0.000000,0.000000,OK
53,2026-06-08 06:30:00 UTC,LAYERUSDT,0.063860,0.063900,0.063590,0.063750,-0.000110,-0.172252,-0.172252,0.485437,53.541489,733,-180,-19.715225,188949.100000,-91303.800000,-32.579074,12042.810446,-5835.853173,-32.641440,69643.800000,4439.289180,7603.521266,36.862568,31220356.100000,1994044.144107,-10553.900000,-0.033793,9319.813607,0.469577,1.564100,0.005900,0.378642,61.000000,39.000000,1.216100,0.000500,0.041132,54.880000,45.120000,1.360200,0.006700,0.495013,57.630000,42.370000,binance_kline_quote_asset_volume,0.000000,0.000000,0.000000,0.000000,OK
54,2026-06-08 06:45:00 UTC,LAYERUSDT,0.063750,0.063770,0.063540,0.063590,-0.000160,-0.250980,-0.250980,0.360784,51.245765,540,-193,-26.330150,121397.600000,-67551.500000,-35.751163,7729.461008,-4313.349438,-35.816801,47595.800000,3030.511833,4698.949175,39.207285,31225017.600000,1990111.508728,4661.500000,0.014931,-3932.635379,-0.197219,1.557500,-0.006600,-0.421968,60.900000,39.100000,1.218300,0.002200,0.180906,54.920000,45.080000,1.355200,-0.005000,-0.367593,57.540000,42.460000,binance_kline_quote_asset_volume,0.000000,0.000000,0.000000,0.000000,OK
55,2026-06-08 07:00:00 UTC,LAYERUSDT,0.063580,0.063750,0.063300,0.063610,0.000020,0.031451,0.047185,0.707770,51.525558,834,294,54.444444,240976.600000,119579.000000,98.501947,15300.897037,7571.436029,97.955550,155785.800000,9891.347997,5409.549040,64.645543,31214902.500000,1984955.649975,-10115.100000,-0.032394,-5155.858753,-0.259074,1.558200,0.000700,0.044944,60.910000,39.090000,1.219400,0.001100,0.090290,54.940000,45.060000,1.359600,0.004400,0.324675,57.620000,42.380000,binance_kline_quote_asset_volume,0.000000,0.000000,0.000000,0.000000,OK
56,2026-06-08 07:15:00 UTC,LAYERUSDT,0.063610,0.063930,0.063480,0.063870,0.000260,0.408741,0.408741,0.707436,55.130541,743,-91,-10.911271,234200.200000,-6776.400000,-2.812057,14912.752412,-388.144625,-2.536744,171507.600000,10919.353569,3993.398843,73.221584,31223358.700000,1988426.502049,8456.200000,0.027090,3470.852074,0.174858,1.564100,0.005900,0.378642,61.000000,39.000000,1.218400,-0.001000,-0.082008,54.920000,45.080000,1.363500,0.003900,0.286849,57.690000,42.310000,binance_kline_quote_asset_volume,0.000000,0.000000,0.000000,0.000000,OK
57,2026-06-08 07:30:00 UTC,LAYERUSDT,0.063890,0.064150,0.063860,0.064130,0.000260,0.407077,0.375646,0.453905,58.457644,887,144,19.380888,273894.400000,39694.200000,16.948833,17539.608549,2626.856137,17.614831,80455.100000,5152.774078,12386.834471,29.377931,31165200.300000,1990521.343161,-58158.400000,-0.186266,2094.841112,0.105352,1.556900,-0.007200,-0.460329,60.890000,39.110000,1.213800,-0.004600,-0.377544,54.830000,45.170000,1.364100,0.000600,0.044004,57.700000,42.300000,binance_kline_quote_asset_volume,0.000000,0.000000,0.000000,0.000000,OK
58,2026-06-08 07:45:00 UTC,LAYERUSDT,0.064130,0.064230,0.063910,0.063950,-0.000180,-0.280680,-0.280680,0.498986,55.395179,750,-137,-15.445321,254293.900000,-19600.500000,-7.156225,16299.150253,-1240.458296,-7.072326,114699.500000,7353.291106,8945.859147,45.114567,31071991.500000,1992362.506173,-93208.800000,-0.299080,1841.163012,0.092497,1.555600,-0.001300,-0.083499,60.870000,39.130000,1.217400,0.003600,0.296589,54.900000,45.100000,1.365700,0.001600,0.117293,57.730000,42.270000,binance_kline_quote_asset_volume,0.000000,0.000000,0.000000,0.000000,OK
59,2026-06-08 08:00:00 UTC,LAYERUSDT,0.063970,0.064140,0.063710,0.064100,0.000150,0.234558,0.203220,0.672190,57.398093,742,-8,-1.066667,335234.000000,80940.100000,31.829352,21412.261498,5113.111245,31.370416,200737.600000,12819.332071,8592.929427,59.869118,31036581.300000,1985046.977760,-35410.200000,-0.113962,-7315.528413,-0.367179,1.553000,-0.002600,-0.167138,60.830000,39.170000,1.217600,0.000200,0.016428,54.910000,45.090000,1.359600,-0.006100,-0.446657,57.620000,42.380000,binance_kline_quote_asset_volume,0.000000,0.000000,0.000000,0.000000,OK
60,2026-06-08 08:15:00 UTC,LAYERUSDT,0.064120,0.064230,0.063640,0.063990,-0.000110,-0.171607,-0.202745,0.920150,55.432336,782,40,5.390836,363427.900000,28193.900000,8.410215,23204.629721,1792.368223,8.370756,114527.300000,7323.662710,15880.967011,31.561213,31022890.500000,1988567.281050,-13690.800000,-0.044112,3520.303290,0.177341,1.555600,0.002600,0.167418,60.870000,39.130000,1.213000,-0.004600,-0.377792,54.810000,45.190000,1.356300,-0.003300,-0.242718,57.560000,42.440000,binance_kline_quote_asset_volume,0.000000,0.000000,0.000000,0.000000,OK
61,2026-06-08 08:30:00 UTC,LAYERUSDT,0.064000,0.064250,0.063750,0.063860,-0.000130,-0.203157,-0.218750,0.781250,53.117065,769,-13,-1.662404,392815.800000,29387.900000,8.086308,25115.393674,1910.763953,8.234408,172935.800000,11054.442238,14060.951436,44.014609,30888436.000000,1975119.340631,-134454.500000,-0.433404,-13447.940419,-0.676263,1.560200,0.004600,0.295706,60.940000,39.060000,1.207700,-0.005300,-0.436933,54.700000,45.300000,1.357900,0.001600,0.117968,57.590000,42.410000,binance_kline_quote_asset_volume,0.000000,0.000000,0.000000,0.000000,OK
62,2026-06-08 08:45:00 UTC,LAYERUSDT,0.063860,0.063980,0.063550,0.063950,0.000090,0.140933,0.140933,0.673348,54.532922,546,-223,-28.998700,279432.500000,-113383.300000,-28.864241,17809.608470,-7305.785204,-29.088874,161699.100000,10306.650739,7502.957731,57.871293,30813053.300000,1967721.583738,-75382.700000,-0.244048,-7397.756893,-0.374547,1.564100,0.003900,0.249968,61.000000,39.000000,1.210900,0.003200,0.264966,54.770000,45.230000,1.359000,0.001100,0.081007,57.610000,42.390000,binance_kline_quote_asset_volume,0.000000,0.000000,0.000000,0.000000,OK
63,2026-06-08 09:00:00 UTC,LAYERUSDT,0.063940,0.064440,0.063940,0.064430,0.000480,0.750586,0.766343,0.781983,61.253685,622,76,13.919414,289305.400000,9872.900000,3.533197,18560.630862,751.022392,4.216951,127052.000000,8149.486397,10411.144465,43.907378,30852305.800000,1973004.955910,39252.500000,0.127389,5283.372172,0.268502,1.562100,-0.002000,-0.127869,60.970000,39.030000,1.209700,-0.001200,-0.099100,54.740000,45.260000,1.360700,0.001700,0.125092,57.640000,42.360000,binance_kline_quote_asset_volume,0.000000,0.000000,0.000000,0.000000,OK
64,2026-06-08 09:15:00 UTC,LAYERUSDT,0.064420,0.064740,0.064350,0.064650,0.000220,0.341456,0.357032,0.605402,63.888404,713,91,14.630225,215062.600000,-74242.800000,-25.662431,13885.537077,-4675.093785,-25.188227,122299.900000,7895.914887,5989.622190,56.864310,30865426.500000,1988659.429395,13120.700000,0.042527,15654.473485,0.793433,1.569400,0.007300,0.467320,61.080000,38.920000,1.214900,0.005200,0.429859,54.850000,45.150000,1.360700,0.000000,0.000000,57.640000,42.360000,binance_kline_quote_asset_volume,0.000000,0.000000,0.000000,0.000000,OK
65,2026-06-08 09:30:00 UTC,LAYERUSDT,0.064630,0.064830,0.064240,0.064580,-0.000070,-0.108275,-0.077363,0.912889,62.433672,1244,531,74.474053,770533.400000,555470.800000,258.283309,49760.837126,35875.300049,258.364512,524011.500000,33841.022864,15919.814262,68.007342,30909917.000000,1998681.288996,44490.500000,0.144143,10021.859601,0.503951,1.573300,0.003900,0.248503,61.140000,38.860000,1.216400,0.001500,0.123467,54.880000,45.120000,1.364100,0.003400,0.249871,57.700000,42.300000,binance_kline_quote_asset_volume,0.000000,0.000000,0.000000,0.000000,OK
66,2026-06-08 09:45:00 UTC,LAYERUSDT,0.064590,0.064890,0.064580,0.064890,0.000310,0.480025,0.464468,0.479950,66.113564,734,-510,-40.996785,185111.500000,-585421.900000,-75.976187,11985.356734,-37775.480392,-75.914077,126314.300000,8179.170293,3806.186441,68.243028,30931999.500000,1997753.395267,22082.500000,0.071441,-927.893729,-0.046425,1.572000,-0.001300,-0.082629,61.120000,38.880000,1.211400,-0.005000,-0.411049,54.780000,45.220000,1.361800,-0.002300,-0.168609,57.660000,42.340000,binance_kline_quote_asset_volume,0.000000,0.000000,0.000000,0.000000,OK
67,2026-06-08 10:00:00 UTC,LAYERUSDT,0.064900,0.065100,0.064810,0.064870,-0.000020,-0.030821,-0.046225,0.446841,65.666640,889,155,21.117166,273161.900000,88050.400000,47.566143,17739.922451,5754.565717,48.013304,108824.200000,7066.188644,10673.733807,39.832128,30921840.700000,2005679.642703,-10158.800000,-0.032842,7926.247436,0.396758,1.564100,-0.007900,-0.502545,61.000000,39.000000,1.210200,-0.001200,-0.099059,54.760000,45.240000,1.358500,-0.003300,-0.242326,57.600000,42.400000,binance_kline_quote_asset_volume,0.000000,0.000000,0.000000,0.000000,OK
68,2026-06-08 10:15:00 UTC,LAYERUSDT,0.064870,0.064930,0.064570,0.064860,-0.000010,-0.015415,-0.015415,0.554956,65.428482,763,-126,-14.173228,289489.700000,16327.800000,5.977334,18733.811642,993.889191,5.602557,191979.500000,12424.475585,6309.336057,66.321130,30870410.900000,2002592.573269,-51429.800000,-0.166322,-3087.069434,-0.153916,1.559500,-0.004600,-0.294099,60.930000,39.070000,1.217700,0.007500,0.619732,54.910000,45.090000,1.361300,0.002800,0.206110,57.650000,42.350000,binance_kline_quote_asset_volume,0.000000,0.000000,0.000000,0.000000,OK
69,2026-06-08 10:30:00 UTC,LAYERUSDT,0.064870,0.066120,0.064840,0.065890,0.001030,1.588036,1.572376,1.973177,75.346432,2319,1556,203.931848,1291354.800000,1001865.100000,346.079705,84688.752123,65954.940481,352.063647,702984.500000,46095.682309,38593.069814,54.429521,30773143.200000,1995946.067952,-97267.700000,-0.315084,-6646.505317,-0.331895,1.558900,-0.000600,-0.038474,60.920000,39.080000,1.218100,0.000400,0.032849,54.920000,45.080000,1.355700,-0.005600,-0.411371,57.550000,42.450000,binance_kline_quote_asset_volume,0.000000,0.000000,0.000000,0.000000,OK
70,2026-06-08 10:45:00 UTC,LAYERUSDT,0.065890,0.068280,0.065750,0.068150,0.002260,3.429959,3.429959,3.839733,85.306805,7765,5446,234.842605,6082960.200000,4791605.400000,371.052588,407956.462667,323267.710544,381.712686,3264014.800000,218832.035564,189124.427103,53.641027,30652834.500000,2019715.265205,-120308.700000,-0.390954,23769.197253,1.190874,1.551700,-0.007200,-0.461864,60.810000,39.190000,1.223700,0.005600,0.459732,55.030000,44.970000,1.354000,-0.001700,-0.125396,57.520000,42.480000,binance_kline_quote_asset_volume,0.000000,0.000000,0.000000,0.000000,OK
71,2026-06-08 11:00:00 UTC,LAYERUSDT,0.068110,0.068500,0.067200,0.067410,-0.000740,-1.085840,-1.027749,1.908677,74.669169,9441,1676,21.584031,6739486.800000,656526.600000,10.792880,457000.968093,49044.505426,12.021995,3405745.600000,230959.141567,226041.826526,50.537998,31020207.800000,2115589.959639,367373.300000,1.198497,95874.694434,4.746941,1.528400,-0.023300,-1.501579,60.450000,39.550000,1.189100,-0.034600,-2.827490,54.320000,45.680000,1.355200,0.001200,0.088626,57.540000,42.460000,binance_kline_quote_asset_volume,0.000000,0.000000,0.000000,0.000000,OK
72,2026-06-08 11:15:00 UTC,LAYERUSDT,0.067420,0.067950,0.066930,0.066930,-0.000480,-0.712061,-0.726787,1.512904,68.686094,3395,-6046,-64.039826,1880340.200000,-4859146.600000,-72.099653,126890.833328,-330110.134765,-72.234012,843360.000000,56934.401360,69956.431968,44.868806,31119560.200000,2097147.161878,99352.400000,0.320283,-18442.797761,-0.871757,1.472800,-0.055600,-3.637791,59.560000,40.440000,1.135000,-0.054100,-4.549659,53.160000,46.840000,1.315900,-0.039300,-2.899941,56.820000,43.180000,binance_kline_quote_asset_volume,0.000000,0.000000,0.000000,0.000000,OK
73,2026-06-08 11:30:00 UTC,LAYERUSDT,0.066930,0.067130,0.066470,0.066560,-0.000370,-0.552816,-0.552816,0.986105,64.402290,2572,-823,-24.241532,1252128.800000,-628211.400000,-33.409454,83650.840776,-43239.992552,-34.076530,673989.300000,45034.859806,38615.980970,53.836709,31079190.400000,2082693.003512,-40369.800000,-0.129725,-14454.158366,-0.689230,1.477700,0.004900,0.332700,59.640000,40.360000,1.150400,0.015400,1.356828,53.500000,46.500000,1.322300,0.006400,0.486359,56.940000,43.060000,binance_kline_quote_asset_volume,0.000000,0.000000,0.000000,0.000000,OK
74,2026-06-08 11:45:00 UTC,LAYERUSDT,0.066570,0.066870,0.066270,0.066590,0.000030,0.045072,0.030044,0.901307,64.595100,1898,-674,-26.205288,1035112.400000,-217016.400000,-17.331795,68934.788571,-14716.052205,-17.592235,584371.500000,38941.474690,29993.313881,56.490308,30941537.200000,2059468.716032,-137653.200000,-0.442911,-23224.287480,-1.115109,1.482000,0.004300,0.290993,59.710000,40.290000,1.159100,0.008700,0.756259,53.690000,46.310000,1.305200,-0.017100,-1.293201,56.620000,43.380000,binance_kline_quote_asset_volume,0.000000,0.000000,0.000000,0.000000,OK
75,2026-06-08 12:00:00 UTC,LAYERUSDT,0.066590,0.066740,0.065650,0.066110,-0.000480,-0.720829,-0.720829,1.636882,59.081183,3269,1371,72.233930,1898723.300000,863610.900000,83.431606,125668.856724,56734.068153,82.301069,804816.600000,53293.734522,72375.122202,42.408068,30957049.800000,2062987.704928,15512.600000,0.050135,3518.988896,0.170869,1.466700,-0.015300,-1.032389,59.460000,40.540000,1.164600,0.005500,0.474506,53.800000,46.200000,1.292000,-0.013200,-1.011339,56.370000,43.630000,binance_kline_quote_asset_volume,0.000000,0.000000,0.000000,0.000000,OK
76,2026-06-08 12:15:00 UTC,LAYERUSDT,0.066110,0.066400,0.066040,0.066360,0.000250,0.378158,0.378158,0.544547,60.950815,1416,-1853,-56.684001,495875.000000,-1402848.300000,-73.883767,32819.590088,-92849.266636,-73.884070,295027.800000,19527.122927,13292.467161,59.498375,31120854.800000,2061216.061252,163805.000000,0.529136,-1771.643676,-0.085878,1.472200,0.005500,0.374991,59.550000,40.450000,1.180000,0.015400,1.322342,54.130000,45.870000,1.303600,0.011600,0.897833,56.590000,43.410000,binance_kline_quote_asset_volume,0.000000,0.000000,0.000000,0.000000,OK
77,2026-06-08 12:30:00 UTC,LAYERUSDT,0.066360,0.066870,0.066090,0.066710,0.000350,0.527426,0.527426,1.175407,63.467479,2621,1205,85.098870,1303441.100000,807566.100000,162.856789,86603.553191,53783.963103,163.877620,699625.500000,46497.540232,40106.012959,53.690107,31135236.500000,2066134.294140,14381.700000,0.046212,4918.232888,0.238608,1.488800,0.016600,1.127564,59.820000,40.180000,1.175700,-0.004300,-0.364407,54.040000,45.960000,1.320200,0.016600,1.273397,56.900000,43.100000,binance_kline_quote_asset_volume,0.000000,0.000000,0.000000,0.000000,OK
78,2026-06-08 12:45:00 UTC,LAYERUSDT,0.066720,0.066810,0.066410,0.066800,0.000090,0.134912,0.119904,0.599520,64.108054,1241,-1380,-52.651660,438087.600000,-865353.500000,-66.389920,29178.929985,-57424.623206,-66.307468,259723.200000,17302.001363,11876.928622,59.296216,31016830.400000,2068822.587680,-118406.100000,-0.380296,2688.293540,0.130112,1.462400,-0.026400,-1.773240,59.390000,40.610000,1.185800,0.010100,0.859063,54.250000,45.750000,1.303600,-0.016600,-1.257385,56.590000,43.410000,binance_kline_quote_asset_volume,0.000000,0.000000,0.000000,0.000000,OK
79,2026-06-08 13:00:00 UTC,LAYERUSDT,0.066800,0.066950,0.066610,0.066770,-0.000030,-0.044910,-0.044910,0.508982,63.707057,1311,70,5.640612,491676.800000,53589.200000,12.232531,32816.898057,3637.968072,12.467791,225945.500000,15080.747971,17736.150086,45.954215,30972156.000000,2066462.248320,-44674.400000,-0.144033,-2360.339360,-0.114091,1.467900,0.005500,0.376094,59.480000,40.520000,1.183200,-0.002600,-0.219261,54.200000,45.800000,1.303600,0.000000,0.000000,56.590000,43.410000,binance_kline_quote_asset_volume,0.000000,0.000000,0.000000,0.000000,OK
80,2026-06-08 13:15:00 UTC,LAYERUSDT,0.066760,0.066910,0.066580,0.066710,-0.000060,-0.089861,-0.074895,0.494308,62.860183,956,-355,-27.078566,379050.700000,-112626.100000,-22.906531,25292.201666,-7524.696391,-22.929335,194094.400000,12953.057284,12339.144382,51.213641,30883801.700000,2062111.439509,-88354.300000,-0.285270,-4350.808811,-0.210544,1.472200,0.004300,0.292935,59.550000,40.450000,1.187300,0.004100,0.346518,54.280000,45.720000,1.303600,0.000000,0.000000,56.590000,43.410000,binance_kline_quote_asset_volume,0.000000,0.000000,0.000000,0.000000,OK
81,2026-06-08 13:30:00 UTC,LAYERUSDT,0.066700,0.066980,0.066470,0.066980,0.000270,0.404737,0.419790,0.764618,65.107967,1409,453,47.384937,331346.800000,-47703.900000,-12.585097,22114.241830,-3177.959836,-12.564979,159478.700000,10645.057922,11469.183908,48.136662,30868078.200000,2061102.018596,-15723.500000,-0.050912,-1009.420913,-0.048951,1.472800,0.000600,0.040755,59.560000,40.440000,1.189400,0.002100,0.176872,54.330000,45.670000,1.304100,0.000500,0.038355,56.600000,43.400000,binance_kline_quote_asset_volume,0.000000,0.000000,0.000000,0.000000,OK
82,2026-06-08 13:45:00 UTC,LAYERUSDT,0.066990,0.067240,0.066770,0.066920,-0.000060,-0.089579,-0.104493,0.701597,64.178410,1330,-79,-5.606813,508264.300000,176917.500000,53.393454,34032.594250,11918.352420,53.894465,283405.900000,18974.284170,15058.310080,55.753270,30819178.500000,2064148.072942,-48899.700000,-0.158415,3046.054346,0.147788,1.472800,0.000000,0.000000,59.560000,40.440000,1.194300,0.004900,0.411972,54.430000,45.570000,1.301000,-0.003100,-0.237712,56.540000,43.460000,binance_kline_quote_asset_volume,0.000000,0.000000,0.000000,0.000000,OK
83,2026-06-08 14:00:00 UTC,LAYERUSDT,0.066940,0.067290,0.066870,0.066970,0.000050,0.074716,0.044816,0.627428,64.631580,1601,271,20.375940,511388.000000,3123.700000,0.614582,34271.059713,238.465463,0.700697,314802.700000,21091.544100,13179.515613,61.543309,30844873.000000,2064138.901160,25694.500000,0.083372,-9.171782,-0.000444,1.463700,-0.009100,-0.617871,59.410000,40.590000,1.202600,0.008300,0.694968,54.600000,45.400000,1.296700,-0.004300,-0.330515,56.460000,43.540000,binance_kline_quote_asset_volume,0.000000,0.000000,0.000000,0.000000,OK
84,2026-06-08 14:15:00 UTC,LAYERUSDT,0.066960,0.067330,0.066710,0.067280,0.000310,0.462894,0.477897,0.925926,67.386387,1254,-347,-21.673954,400931.300000,-110456.700000,-21.599392,26869.383998,-7401.675715,-21.597452,189932.000000,12733.539046,14135.844952,47.390513,30856565.500000,2066464.191535,11692.500000,0.037907,2325.290375,0.112652,1.467900,0.004200,0.286944,59.480000,40.520000,1.205500,0.002900,0.241144,54.660000,45.340000,1.309500,0.012800,0.987121,56.700000,43.300000,binance_kline_quote_asset_volume,0.000000,0.000000,0.000000,0.000000,OK
85,2026-06-08 14:30:00 UTC,LAYERUSDT,0.067290,0.068140,0.067180,0.068140,0.000860,1.278240,1.263189,1.426661,73.542952,3604,2350,187.400319,1824998.700000,1424067.400000,355.189879,123454.915675,96585.531677,359.463141,1012931.800000,68562.453562,54892.462113,55.536431,30847615.500000,2075427.570840,-8950.000000,-0.029005,8963.379305,0.433754,1.463100,-0.004800,-0.326998,59.400000,40.600000,1.208300,0.002800,0.232269,54.720000,45.280000,1.298300,-0.011200,-0.855288,56.490000,43.510000,binance_kline_quote_asset_volume,0.000000,0.000000,0.000000,0.000000,OK
86,2026-06-08 14:45:00 UTC,LAYERUSDT,0.068150,0.069150,0.067530,0.068810,0.000670,0.983270,0.968452,2.377109,77.160305,15005,11401,316.342952,11009969.100000,9184970.400000,503.286408,753032.893806,629577.978131,509.965905,5075819.000000,347173.297959,405859.595847,46.103338,31057432.800000,2117066.554583,209817.300000,0.680173,41638.983743,2.006285,1.448000,-0.015100,-1.032055,59.150000,40.850000,1.204200,-0.004100,-0.339320,54.630000,45.370000,1.301500,0.003200,0.246476,56.550000,43.450000,binance_kline_quote_asset_volume,0.000000,0.000000,0.000000,0.000000,OK
87,2026-06-08 15:00:00 UTC,LAYERUSDT,0.068800,0.069570,0.068110,0.068410,-0.000400,-0.581311,-0.566860,2.122093,70.925514,10859,-4146,-27.630790,6799269.700000,-4210699.400000,-38.244425,467784.449056,-285248.444750,-37.879945,3520791.900000,242277.007192,225507.441864,51.792446,32708016.300000,2250638.601603,1650583.500000,5.314617,133572.047020,6.309298,1.457600,0.009600,0.662983,59.310000,40.690000,1.171600,-0.032600,-2.707191,53.950000,46.050000,1.298300,-0.003200,-0.245870,56.490000,43.510000,binance_kline_quote_asset_volume,0.000000,0.000000,0.000000,0.000000,OK
88,2026-06-08 15:15:00 UTC,LAYERUSDT,0.068400,0.068530,0.067700,0.068130,-0.000280,-0.409297,-0.394737,1.213450,66.853275,4992,-5867,-54.028916,2990172.700000,-3809097.000000,-56.022149,203432.042887,-264352.406169,-56.511585,1508145.100000,102666.799955,100765.242932,50.467369,33107085.100000,2265262.577767,399068.800000,1.220095,14623.976164,0.649770,1.467900,0.010300,0.706641,59.480000,40.520000,1.167600,-0.004000,-0.341413,53.870000,46.130000,1.316400,0.018100,1.394131,56.830000,43.170000,binance_kline_quote_asset_volume,0.000000,0.000000,0.000000,0.000000,OK
89,2026-06-08 15:30:00 UTC,LAYERUSDT,0.068140,0.068740,0.067730,0.068620,0.000490,0.719213,0.704432,1.482242,70.089759,3348,-1644,-32.932692,1802135.600000,-1188037.100000,-39.731387,123096.925347,-80335.117540,-39.489904,924292.300000,63131.904804,59965.020543,51.286338,32920252.800000,2243186.025792,-186832.300000,-0.564327,-22076.551975,-0.974569,1.471600,0.003700,0.252061,59.540000,40.460000,1.144900,-0.022700,-1.944159,53.380000,46.620000,1.327700,0.011300,0.858402,57.040000,42.960000,binance_kline_quote_asset_volume,0.000000,0.000000,0.000000,0.000000,OK
90,2026-06-08 15:45:00 UTC,LAYERUSDT,0.068630,0.068680,0.068020,0.068430,-0.000190,-0.276887,-0.291418,0.961679,67.343930,2514,-834,-24.910394,1404471.300000,-397664.300000,-22.066281,96001.263745,-27095.661602,-22.011648,696951.400000,47655.846822,48345.416923,49.640854,33137869.400000,2274511.115061,217616.600000,0.661042,31325.089269,1.396455,1.471000,-0.000600,-0.040772,59.530000,40.470000,1.151900,0.007000,0.611407,53.530000,46.470000,1.325000,-0.002700,-0.203359,56.990000,43.010000,binance_kline_quote_asset_volume,0.000000,0.000000,0.000000,0.000000,OK
91,2026-06-08 16:00:00 UTC,LAYERUSDT,0.068460,0.070120,0.068460,0.069860,0.001430,2.089727,2.044990,2.424774,75.214191,4692,2178,86.634845,3141090.200000,1736618.900000,123.649298,218189.567108,122188.303363,127.277807,1589480.400000,110437.021006,107752.546102,50.615170,32997101.600000,2258546.673737,-140767.800000,-0.424794,-15964.441324,-0.701885,1.468500,-0.002500,-0.169952,59.490000,40.510000,1.137800,-0.014100,-1.224065,53.220000,46.780000,1.332100,0.007100,0.535849,57.120000,42.880000,binance_kline_quote_asset_volume,0.000000,0.000000,0.000000,0.000000,OK
92,2026-06-08 16:15:00 UTC,LAYERUSDT,0.069850,0.078220,0.069740,0.078100,0.008240,11.795019,11.811024,12.140301,90.068000,75159,70467,1501.854220,51474887.800000,48333797.600000,1538.758664,3864067.754280,3645878.187172,1670.968156,26039226.800000,1952673.609735,1911394.144545,50.534145,33094529.300000,2312314.762191,97427.700000,0.295261,53768.088454,2.380650,1.485700,0.017200,1.171263,59.770000,40.230000,1.144800,0.007000,0.615222,53.380000,46.620000,1.345800,0.013700,1.028451,57.370000,42.630000,binance_kline_quote_asset_volume,0.000000,0.000000,0.000000,0.000000,OK
93,2026-06-08 16:30:00 UTC,LAYERUSDT,0.078080,0.083070,0.076870,0.080300,0.002200,2.816901,2.843238,7.940574,91.527850,119048,43889,58.394870,91603878.100000,40128990.300000,77.958383,7366402.025484,3502334.271204,90.638532,46339599.900000,3725366.417390,3641035.608094,50.572402,39899313.900000,3112821.181598,6804784.600000,20.561660,800506.419407,34.619267,1.495000,0.009300,0.625968,59.920000,40.080000,1.168100,0.023300,2.035290,53.880000,46.120000,1.359000,0.013200,0.980829,57.610000,42.390000,binance_kline_quote_asset_volume,0.000000,0.000000,0.000000,0.000000,OK
94,2026-06-08 16:45:00 UTC,LAYERUSDT,0.080290,0.081210,0.077630,0.079650,-0.000650,-0.809465,-0.797110,4.458837,87.438541,66800,-52248,-43.888180,50483544.900000,-41120333.200000,-44.889293,4006176.732558,-3360225.292926,-45.615557,24913125.400000,1977145.934439,2029030.798119,49.352439,47993486.500000,3855796.705410,8094172.600000,20.286496,742975.523812,23.868237,1.466100,-0.028900,-1.933110,59.450000,40.550000,1.206400,0.038300,3.278829,54.680000,45.320000,1.336400,-0.022600,-1.662987,57.200000,42.800000,binance_kline_quote_asset_volume,0.000000,0.000000,0.000000,0.000000,OK
95,2026-06-08 17:00:00 UTC,LAYERUSDT,0.079640,0.082720,0.078570,0.079750,0.000100,0.125549,0.138122,5.210949,87.530841,62103,-4697,-7.031437,45456869.900000,-5026675.000000,-9.957056,3651346.710034,-354830.022524,-8.857074,21861205.100000,1756618.115056,1894728.594978,48.108773,50441510.400000,4023303.646562,2448023.900000,5.100742,167506.941152,4.344289,1.500000,0.033900,2.312257,60.000000,40.000000,1.226900,0.020500,1.699271,55.090000,44.910000,1.339200,0.002800,0.209518,57.250000,42.750000,binance_kline_quote_asset_volume,0.000000,0.000000,0.000000,0.000000,OK
96,2026-06-08 17:15:00 UTC,LAYERUSDT,0.079770,0.081180,0.076000,0.077710,-0.002040,-2.557994,-2.582424,6.493669,75.364818,56378,-5725,-9.218556,43061519.700000,-2395350.200000,-5.269501,3383050.295590,-268296.414444,-7.347876,21112887.400000,1660171.734212,1722878.561378,49.073221,52722173.200000,4206702.199628,2280662.800000,4.521401,183398.553066,4.558407,1.447400,-0.052600,-3.506667,59.140000,40.860000,1.243000,0.016100,1.312250,55.420000,44.580000,1.264500,-0.074700,-5.577957,55.840000,44.160000,binance_kline_quote_asset_volume,0.000000,0.000000,0.000000,0.000000,OK
97,2026-06-08 17:30:00 UTC,LAYERUSDT,0.077690,0.079800,0.077110,0.079090,0.001380,1.775833,1.802034,3.462479,77.629924,32190,-24188,-42.903260,24406766.900000,-18654752.800000,-43.321167,1914431.908121,-1468618.387469,-43.411072,12491159.500000,979962.354371,934469.553750,51.188154,50069327.100000,3892389.488754,-2652846.100000,-5.031746,-314312.710874,-7.471713,1.430100,-0.017300,-1.195247,58.850000,41.150000,1.253000,0.010000,0.804505,55.620000,44.380000,1.229700,-0.034800,-2.752076,55.150000,44.850000,binance_kline_quote_asset_volume,0.000000,0.000000,0.000000,0.000000,OK
98,2026-06-08 17:45:00 UTC,LAYERUSDT,0.079090,0.079780,0.078240,0.078620,-0.000470,-0.594260,-0.594260,1.947149,75.097358,17244,-14946,-46.430568,11970115.800000,-12436651.100000,-50.955750,944681.130443,-969750.777678,-50.654754,6101645.900000,481837.012508,462844.117935,51.005254,50721593.200000,4018133.165916,652266.100000,1.302726,125743.677162,3.230501,1.423700,-0.006400,-0.447521,58.740000,41.260000,1.196400,-0.056600,-4.517159,54.470000,45.530000,1.218300,-0.011400,-0.927055,54.920000,45.080000,binance_kline_quote_asset_volume,0.000000,0.000000,0.000000,0.000000,OK
99,2026-06-08 18:00:00 UTC,LAYERUSDT,0.078630,0.079040,0.077210,0.077530,-0.001090,-1.386416,-1.398957,2.327356,69.439504,25655,8411,48.776386,17299391.200000,5329275.400000,44.521502,1347771.252841,403090.122398,42.669437,8090465.600000,630456.685139,717314.567702,46.777722,50449862.700000,3969755.913754,-271730.500000,-0.535729,-48377.252162,-1.203973,1.451600,0.027900,1.959683,59.210000,40.790000,1.208700,0.012300,1.028084,54.720000,45.280000,1.217300,-0.001000,-0.082082,54.900000,45.100000,binance_kline_quote_asset_volume,0.000000,0.000000,0.000000,0.000000,OK
100,2026-06-08 18:15:00 UTC,LAYERUSDT,0.077520,0.078560,0.077040,0.077380,-0.000150,-0.193473,-0.180599,1.960784,68.672741,18064,-7591,-29.588774,10927723.300000,-6371667.900000,-36.831746,849030.022854,-498741.229987,-37.004887,5545871.000000,431092.394021,417937.628833,50.774694,50012433.100000,3876463.689581,-437429.600000,-0.867058,-93292.224173,-2.350075,1.429000,-0.022600,-1.556903,58.830000,41.170000,1.136000,-0.072700,-6.014727,53.180000,46.820000,1.198800,-0.018500,-1.519757,54.520000,45.480000,binance_kline_quote_asset_volume,0.000000,0.000000,0.000000,0.000000,OK

==================================================================================================================================LAST CANDLE SNAPSHOT — FULL DATA NEEDED FOR V3.2.1
==================================================================================================================================Candle Index        : 100
Time                : 2026-06-08 18:15:00 UTC
Close Time          : 2026-06-08 18:29:59 UTC
Symbol              : LAYERUSDT

[PRICE / RSI]
Open                : 0.07752000
High                : 0.07856000
Low                 : 0.07704000
Close               : 0.07738000
Close Change        : -0.00015000
Close Change %      : -0.1935%
Candle Body %       : -0.1806%
Price Range %       : 1.9608%
RSI(14)            : 68.67

[TRADES / VOLUME / QUOTE VOLUME]
Number of Trades    : 18064
Trades Change       : -7591
Trades Change %     : -29.5888%
Volume              : 10927723.30000000
Volume Change       : -6371667.90000000
Volume Change %     : -36.8317%
Quote Volume        : 849030.02285400
Quote Volume Change : -498741.22998700
Quote Volume Chg %  : -37.0049%
Quote Volume Source : binance_kline_quote_asset_volume
Taker Buy Base Vol  : 5545871.00000000
Taker Buy Quote Vol : 431092.39402100
Taker Sell Quote Vol: 417937.62883300
Taker Buy Quote %   : 50.7747%

[OPEN INTEREST]
Open Interest       : 50012433.10000000
OI Change           : -437429.60000000
OI Change %         : -0.8671%
OI Value            : 3876463.68958100
OI Value Change     : -93292.22417331
OI Value Change %   : -2.3501%

[TOP ACCOUNT L/S]
Top Acco L/S Ratio  : 1.42900000
Top Acco L/S Change : -0.02260000
Top Acco Chg %      : -1.5569%
Top Acco Long %     : 58.8300
Top Acco Short %    : 41.1700

[TOP POSITION L/S]
Top Posit L/S Ratio : 1.13600000
Top Posit L/S Change: -0.07270000
Top Posit Chg %     : -6.0147%
Top Posit Long %    : 53.1800
Top Posit Short %   : 46.8200

[GLOBAL L/S]
Global L/S Ratio    : 1.19880000
Global L/S Change   : -0.01850000
Global Chg %        : -1.5198%
Global Long %       : 54.5200
Global Short %      : 45.4800

[DATA QUALITY / TIMESTAMP MATCH]
OI Match Delta Min     : 0.0
Acco Match Delta Min   : 0.0
Posit Match Delta Min  : 0.0
Global Match Delta Min : 0.0
Data Quality           : OK

====================================================================================================
تمت الطباعة: 100 شمعة. كل صف في الجدول = شمعة واحدة.
RSI للسياق فقط. القرار البنيوي يعتمد على OI → Trades/Quote → L/S → Price Acceptance.
====================================================================================================

[Program finished]
