####################################################################################################
FETCHING BINANCE FUTURES DATA ...
####################################################################################################
SYMBOL     : MAGMAUSDT
PERIOD     : 15m
LIMIT      : 100
RSI_PERIOD : 14

========================================================================================================================================================================================================================================================================================================================================================================
BINANCE FUTURES MERGED DATA (L.S + OI + RSI + TRADES) | ROW = ONE CANDLE
========================================================================================================================================================================================================================================================================================================================================================================
Time                  Symbol      Close         RSI       Trades      OI              OI Chg        OI Chg %    Acco L/S    Acco Chg    Acco Chg%   Acco L%     Acco S%     Posit L/S   Posit Chg   Posit Chg%  Posit L%    Posit S%    Global L/S  Global Chg  Global Chg% Global L%   Global S%
------------------------------------------------------------------------------------------------------------------------------------------------------------------------------------------------------------------------------------------------------------------------------------------------------------------------------------------------------------------------
2026-06-02 13:30:00 UTCMAGMAUSDT   0.271160      15.56     663         16973735.000000 0.000000      0.00        1.233600    0.000000    0.00        55.23       44.77       0.958000    0.000000    0.00        48.93       51.07       1.368000    0.000000    0.00        57.77       42.23
2026-06-02 13:45:00 UTCMAGMAUSDT   0.270450      14.78     787         16985340.000000 11605.000000  0.07        1.239100    0.005500    0.45        55.34       44.66       0.958600    0.000600    0.06        48.94       51.06       1.371900    0.003900    0.29        57.84       42.16
2026-06-02 14:00:00 UTCMAGMAUSDT   0.270350      14.67     772         16976457.000000 -8883.000000  -0.05       1.234600    -0.004500   -0.36       55.25       44.75       0.954400    -0.004200   -0.44       48.83       51.17       1.368000    -0.003900   -0.28       57.77       42.23
2026-06-02 14:15:00 UTCMAGMAUSDT   0.271260      20.55     901         16971596.000000 -4861.000000  -0.03       1.237100    0.002500    0.20        55.30       44.70       0.953800    -0.000600   -0.06       48.82       51.18       1.354600    -0.013400   -0.98       57.53       42.47
2026-06-02 14:30:00 UTCMAGMAUSDT   0.270760      19.75     905         16975082.000000 3486.000000   0.02        1.240600    0.003500    0.28        55.37       44.63       0.952500    -0.001300   -0.14       48.78       51.22       1.350200    -0.004400   -0.32       57.45       42.55
2026-06-02 14:45:00 UTCMAGMAUSDT   0.271120      22.12     702         16957858.000000 -17224.000000 -0.10       1.246200    0.005600    0.45        55.48       44.52       0.959700    0.007200    0.76        48.97       51.03       1.358500    0.008300    0.61        57.60       42.40
2026-06-02 15:00:00 UTCMAGMAUSDT   0.271450      24.32     871         16951581.000000 -6277.000000  -0.04       1.241100    -0.005100   -0.41       55.38       44.62       0.958400    -0.001300   -0.14       48.94       51.06       1.353500    -0.005000   -0.37       57.51       42.49
2026-06-02 15:15:00 UTCMAGMAUSDT   0.267780      18.16     929         16956356.000000 4775.000000   0.03        1.240100    -0.001000   -0.08       55.36       44.64       0.959800    0.001400    0.15        48.97       51.03       1.328300    -0.025200   -1.86       57.05       42.95
2026-06-02 15:30:00 UTCMAGMAUSDT   0.269300      26.47     892         16911922.000000 -44434.000000 -0.26       1.238100    -0.002000   -0.16       55.32       44.68       0.956400    -0.003400   -0.35       48.89       51.11       1.364100    0.035800    2.70        57.70       42.30
2026-06-02 15:45:00 UTCMAGMAUSDT   0.272110      38.82     924         16908555.000000 -3367.000000  -0.02       1.238100    0.000000    0.00        55.32       44.68       0.956800    0.000400    0.04        48.90       51.10       1.351800    -0.012300   -0.90       57.48       42.52
2026-06-02 16:00:00 UTCMAGMAUSDT   0.272750      41.25     908         16907905.000000 -650.000000   -0.00       1.235100    -0.003000   -0.24       55.26       44.74       0.954800    -0.002000   -0.21       48.84       51.16       1.352900    0.001100    0.08        57.50       42.50
2026-06-02 16:15:00 UTCMAGMAUSDT   0.271970      39.21     532         16895564.000000 -12341.000000 -0.07       1.229700    -0.005400   -0.44       55.15       44.85       0.957100    0.002300    0.24        48.90       51.10       1.347400    -0.005500   -0.41       57.40       42.60
2026-06-02 16:30:00 UTCMAGMAUSDT   0.270560      35.77     626         16881647.000000 -13917.000000 -0.08       1.229200    -0.000500   -0.04       55.14       44.86       0.957200    0.000100    0.01        48.91       51.09       1.348000    0.000600    0.04        57.41       42.59
2026-06-02 16:45:00 UTCMAGMAUSDT   0.270160      34.84     802         16876817.000000 -4830.000000  -0.03       1.226700    -0.002500   -0.20       55.09       44.91       0.957500    0.000300    0.03        48.91       51.09       1.336400    -0.011600   -0.86       57.20       42.80
2026-06-02 17:00:00 UTCMAGMAUSDT   0.271670      41.09     591         16873998.000000 -2819.000000  -0.02       1.224200    -0.002500   -0.20       55.04       44.96       0.955700    -0.001800   -0.19       48.87       51.13       1.329400    -0.007000   -0.52       57.07       42.93
2026-06-02 17:15:00 UTCMAGMAUSDT   0.272250      43.34     374         16872514.000000 -1484.000000  -0.01       1.226700    0.002500    0.20        55.09       44.91       0.955300    -0.000400   -0.04       48.86       51.14       1.323400    -0.006000   -0.45       56.96       43.04
2026-06-02 17:30:00 UTCMAGMAUSDT   0.271150      40.20     413         16893558.000000 21044.000000  0.12        1.225200    -0.001500   -0.12       55.06       44.94       0.958200    0.002900    0.30        48.93       51.07       1.313700    -0.009700   -0.73       56.78       43.22
2026-06-02 17:45:00 UTCMAGMAUSDT   0.274750      52.35     1762        16888453.000000 -5105.000000  -0.03       1.219800    -0.005400   -0.44       54.95       45.05       0.957600    -0.000600   -0.06       48.92       51.08       1.319600    0.005900    0.45        56.89       43.11
2026-06-02 18:00:00 UTCMAGMAUSDT   0.276700      57.40     1807        16908287.000000 19834.000000  0.12        1.214800    -0.005000   -0.41       54.85       45.15       0.957500    -0.000100   -0.01       48.92       51.08       1.319600    0.000000    0.00        56.89       43.11
2026-06-02 18:15:00 UTCMAGMAUSDT   0.278490      61.43     2362        16889398.000000 -18889.000000 -0.11       1.224700    0.009900    0.81        55.05       44.95       0.953000    -0.004500   -0.47       48.80       51.20       1.335900    0.016300    1.24        57.19       42.81
2026-06-02 18:30:00 UTCMAGMAUSDT   0.276920      56.39     1620        16888869.000000 -529.000000   -0.00       1.197300    -0.027400   -2.24       54.49       45.51       0.950400    -0.002600   -0.27       48.73       51.27       1.301500    -0.034400   -2.58       56.55       43.45
2026-06-02 18:45:00 UTCMAGMAUSDT   0.278310      59.55     705         16877979.000000 -10890.000000 -0.06       1.199700    0.002400    0.20        54.54       45.46       0.950500    0.000100    0.01        48.73       51.27       1.314800    0.013300    1.02        56.80       43.20
2026-06-02 19:00:00 UTCMAGMAUSDT   0.278480      59.94     546         16890372.000000 12393.000000  0.07        1.206000    0.006300    0.53        54.67       45.33       0.951000    0.000500    0.05        48.75       51.25       1.319100    0.004300    0.33        56.88       43.12
2026-06-02 19:15:00 UTCMAGMAUSDT   0.280200      63.69     848         16882674.000000 -7698.000000  -0.05       1.204600    -0.001400   -0.12       54.64       45.36       0.951400    0.000400    0.04        48.75       51.25       1.325600    0.006500    0.49        57.00       43.00
2026-06-02 19:30:00 UTCMAGMAUSDT   0.280810      64.94     372         16887839.000000 5165.000000   0.03        1.202200    -0.002400   -0.20       54.59       45.41       0.951400    0.000000    0.00        48.75       51.25       1.317500    -0.008100   -0.61       56.85       43.15
2026-06-02 19:45:00 UTCMAGMAUSDT   0.279780      61.11     771         16899332.000000 11493.000000  0.07        1.200200    -0.002000   -0.17       54.55       45.45       0.950400    -0.001000   -0.11       48.73       51.27       1.327200    0.009700    0.74        57.03       42.97
2026-06-02 20:00:00 UTCMAGMAUSDT   0.280620      63.02     421         16900491.000000 1159.000000   0.01        1.208000    0.007800    0.65        54.71       45.29       0.952200    0.001800    0.19        48.77       51.23       1.341900    0.014700    1.11        57.30       42.70
2026-06-02 20:15:00 UTCMAGMAUSDT   0.280380      62.08     402         16906204.000000 5713.000000   0.03        1.200200    -0.007800   -0.65       54.55       45.45       0.953800    0.001600    0.17        48.82       51.18       1.332100    -0.009800   -0.73       57.12       42.88
2026-06-02 20:30:00 UTCMAGMAUSDT   0.278400      54.80     605         16907796.000000 1592.000000   0.01        1.197300    -0.002900   -0.24       54.49       45.51       0.954200    0.000400    0.04        48.83       51.17       1.334800    0.002700    0.20        57.17       42.83
2026-06-02 20:45:00 UTCMAGMAUSDT   0.279650      58.14     366         16906260.000000 -1536.000000  -0.01       1.192000    -0.005300   -0.44       54.38       45.62       0.954000    -0.000200   -0.02       48.82       51.18       1.333200    -0.001600   -0.12       57.14       42.86
2026-06-02 21:00:00 UTCMAGMAUSDT   0.277520      51.20     345         16902536.000000 -3724.000000  -0.02       1.193500    0.001500    0.13        54.41       45.59       0.955000    0.001000    0.10        48.85       51.15       1.332100    -0.001100   -0.08       57.12       42.88
2026-06-02 21:15:00 UTCMAGMAUSDT   0.278710      54.47     728         16895259.000000 -7277.000000  -0.04       1.209500    0.016000    1.34        54.74       45.26       0.956100    0.001100    0.12        48.88       51.12       1.347400    0.015300    1.15        57.40       42.60
2026-06-02 21:30:00 UTCMAGMAUSDT   0.278220      52.90     400         16893208.000000 -2051.000000  -0.01       1.211900    0.002400    0.20        54.79       45.21       0.962300    0.006200    0.65        49.04       50.96       1.352400    0.005000    0.37        57.49       42.51
2026-06-02 21:45:00 UTCMAGMAUSDT   0.276400      47.43     227         16881555.000000 -11653.000000 -0.07       1.210900    -0.001000   -0.08       54.77       45.23       0.963100    0.000800    0.08        49.06       50.94       1.339700    -0.012700   -0.94       57.26       42.74
2026-06-02 22:00:00 UTCMAGMAUSDT   0.276750      48.53     307         16883954.000000 2399.000000   0.01        1.210400    -0.000500   -0.04       54.76       45.24       0.963100    0.000000    0.00        49.06       50.94       1.343000    0.003300    0.25        57.32       42.68
2026-06-02 22:15:00 UTCMAGMAUSDT   0.276420      47.52     508         16884792.000000 838.000000    0.00        1.213400    0.003000    0.25        54.82       45.18       0.964200    0.001100    0.11        49.09       50.91       1.352900    0.009900    0.74        57.50       42.50
2026-06-02 22:30:00 UTCMAGMAUSDT   0.274020      40.85     592         16866001.000000 -18791.000000 -0.11       1.214800    0.001400    0.12        54.85       45.15       0.964700    0.000500    0.05        49.10       50.90       1.368500    0.015600    1.15        57.78       42.22
2026-06-02 22:45:00 UTCMAGMAUSDT   0.273310      39.10     724         16860402.000000 -5599.000000  -0.03       1.226700    0.011900    0.98        55.09       44.91       0.965500    0.000800    0.08        49.12       50.88       1.382100    0.013600    0.99        58.02       41.98
2026-06-02 23:00:00 UTCMAGMAUSDT   0.275830      47.66     752         16881833.000000 21431.000000  0.13        1.214800    -0.011900   -0.97       54.85       45.15       0.964300    -0.001200   -0.12       49.09       50.91       1.350200    -0.031900   -2.31       57.45       42.55
2026-06-02 23:15:00 UTCMAGMAUSDT   0.275370      46.38     616         16885495.000000 3662.000000   0.02        1.214800    0.000000    0.00        54.85       45.15       0.964800    0.000500    0.05        49.10       50.90       1.347400    -0.002800   -0.21       57.40       42.60
2026-06-02 23:30:00 UTCMAGMAUSDT   0.278110      54.27     1739        16877657.000000 -7838.000000  -0.05       1.215300    0.000500    0.04        54.86       45.14       0.965800    0.001000    0.10        49.13       50.87       1.357900    0.010500    0.78        57.59       42.41
2026-06-02 23:45:00 UTCMAGMAUSDT   0.280780      60.39     997         16844098.000000 -33559.000000 -0.20       1.244700    0.029400    2.42        55.45       44.55       0.967000    0.001200    0.12        49.16       50.84       1.383800    0.025900    1.91        58.05       41.95
2026-06-03 00:00:00 UTCMAGMAUSDT   0.278930      54.91     683         16852794.000000 8696.000000   0.05        1.229700    -0.015000   -1.21       55.15       44.85       0.969100    0.002100    0.22        49.21       50.79       1.371900    -0.011900   -0.86       57.84       42.16
2026-06-03 00:15:00 UTCMAGMAUSDT   0.280460      58.28     817         16844617.000000 -8177.000000  -0.05       1.232600    0.002900    0.24        55.21       44.79       0.968200    -0.000900   -0.09       49.19       50.81       1.379300    0.007400    0.54        57.97       42.03
2026-06-03 00:30:00 UTCMAGMAUSDT   0.279690      56.01     387         16846614.000000 1997.000000   0.01        1.234600    0.002000    0.16        55.25       44.75       0.969200    0.001000    0.10        49.22       50.78       1.383800    0.004500    0.33        58.05       41.95
2026-06-03 00:45:00 UTCMAGMAUSDT   0.280940      58.82     597         16844970.000000 -1644.000000  -0.01       1.230600    -0.004000   -0.32       55.17       44.83       0.970600    0.001400    0.14        49.25       50.75       1.392900    0.009100    0.66        58.21       41.79
2026-06-03 01:00:00 UTCMAGMAUSDT   0.280950      58.84     455         16829293.000000 -15677.000000 -0.09       1.221700    -0.008900   -0.72       54.99       45.01       0.969100    -0.001500   -0.15       49.22       50.78       1.381500    -0.011400   -0.82       58.01       41.99
2026-06-03 01:15:00 UTCMAGMAUSDT   0.280710      58.01     334         16827376.000000 -1917.000000  -0.01       1.227700    0.006000    0.49        55.11       44.89       0.969500    0.000400    0.04        49.22       50.78       1.393500    0.012000    0.87        58.22       41.78
2026-06-03 01:30:00 UTCMAGMAUSDT   0.280220      56.28     416         16828134.000000 758.000000    0.00        1.228700    0.001000    0.08        55.13       44.87       0.970100    0.000600    0.06        49.24       50.76       1.399800    0.006300    0.45        58.33       41.67
2026-06-03 01:45:00 UTCMAGMAUSDT   0.282610      62.21     538         16815831.000000 -12303.000000 -0.07       1.229700    0.001000    0.08        55.15       44.85       0.968900    -0.001200   -0.12       49.21       50.79       1.396900    -0.002900   -0.21       58.28       41.72
2026-06-03 02:00:00 UTCMAGMAUSDT   0.283160      63.44     555         16839002.000000 23171.000000  0.14        1.220700    -0.009000   -0.73       54.97       45.03       0.967400    -0.001500   -0.15       49.17       50.83       1.373000    -0.023900   -1.71       57.86       42.14
2026-06-03 02:15:00 UTCMAGMAUSDT   0.282480      60.81     590         16837426.000000 -1576.000000  -0.01       1.229200    0.008500    0.70        55.14       44.86       0.969100    0.001700    0.18        49.22       50.78       1.370200    -0.002800   -0.20       57.81       42.19
2026-06-03 02:30:00 UTCMAGMAUSDT   0.281850      58.39     218         16842918.000000 5492.000000   0.03        1.228700    -0.000500   -0.04       55.13       44.87       0.969200    0.000100    0.01        49.22       50.78       1.368000    -0.002200   -0.16       57.77       42.23
2026-06-03 02:45:00 UTCMAGMAUSDT   0.283700      63.03     297         16841111.000000 -1807.000000  -0.01       1.209000    -0.019700   -1.60       54.73       45.27       0.976500    0.007300    0.75        49.41       50.59       1.373600    0.005600    0.41        57.87       42.13
2026-06-03 03:00:00 UTCMAGMAUSDT   0.280810      53.07     906         16840892.000000 -219.000000   -0.00       1.205100    -0.003900   -0.32       54.65       45.35       0.977000    0.000500    0.05        49.42       50.58       1.364600    -0.009000   -0.66       57.71       42.29
2026-06-03 03:15:00 UTCMAGMAUSDT   0.280970      53.51     479         16866487.000000 25595.000000  0.15        1.218800    0.013700    1.14        54.93       45.07       0.975900    -0.001100   -0.11       49.39       50.61       1.388300    0.023700    1.74        58.13       41.87
2026-06-03 03:30:00 UTCMAGMAUSDT   0.280710      52.65     611         16879125.000000 12638.000000  0.07        1.215800    -0.003000   -0.25       54.87       45.13       0.977400    0.001500    0.15        49.43       50.57       1.375900    -0.012400   -0.89       57.91       42.09
2026-06-03 03:45:00 UTCMAGMAUSDT   0.281690      55.55     567         16881329.000000 2204.000000   0.01        1.200700    -0.015100   -1.24       54.56       45.44       0.975900    -0.001500   -0.15       49.39       50.61       1.344100    -0.031800   -2.31       57.34       42.66
2026-06-03 04:00:00 UTCMAGMAUSDT   0.281050      53.25     686         16882537.000000 1208.000000   0.01        1.204600    0.003900    0.32        54.64       45.36       0.976000    0.000100    0.01        49.39       50.61       1.353500    0.009400    0.70        57.51       42.49
2026-06-03 04:15:00 UTCMAGMAUSDT   0.281240      53.86     280         16898553.000000 16016.000000  0.09        1.200200    -0.004400   -0.37       54.55       45.45       0.973200    -0.002800   -0.29       49.32       50.68       1.349100    -0.004400   -0.33       57.43       42.57
2026-06-03 04:30:00 UTCMAGMAUSDT   0.281380      54.33     278         16890827.000000 -7726.000000  -0.05       1.200200    0.000000    0.00        54.55       45.45       0.974400    0.001200    0.12        49.35       50.65       1.354000    0.004900    0.36        57.52       42.48
2026-06-03 04:45:00 UTCMAGMAUSDT   0.280670      51.46     334         16887916.000000 -2911.000000  -0.02       1.200200    0.000000    0.00        54.55       45.45       0.974900    0.000500    0.05        49.36       50.64       1.355700    0.001700    0.13        57.55       42.45
2026-06-03 05:00:00 UTCMAGMAUSDT   0.279660      47.60     614         16897739.000000 9823.000000   0.06        1.204100    0.003900    0.32        54.63       45.37       0.974600    -0.000300   -0.03       49.36       50.64       1.372500    0.016800    1.24        57.85       42.15
2026-06-03 05:15:00 UTCMAGMAUSDT   0.278070      42.22     751         16894409.000000 -3330.000000  -0.02       1.201200    -0.002900   -0.24       54.57       45.43       0.974600    0.000000    0.00        49.36       50.64       1.373600    0.001100    0.08        57.87       42.13
2026-06-03 05:30:00 UTCMAGMAUSDT   0.277920      41.75     702         16892774.000000 -1635.000000  -0.01       1.203600    0.002400    0.20        54.62       45.38       0.972000    -0.002600   -0.27       49.29       50.71       1.370200    -0.003400   -0.25       57.81       42.19
2026-06-03 05:45:00 UTCMAGMAUSDT   0.277990      42.08     1125        16879731.000000 -13043.000000 -0.08       1.213400    0.009800    0.81        54.82       45.18       0.974100    0.002100    0.22        49.34       50.66       1.369100    -0.001100   -0.08       57.79       42.21
2026-06-03 06:00:00 UTCMAGMAUSDT   0.279520      48.89     775         16865322.000000 -14409.000000 -0.09       1.216300    0.002900    0.24        54.88       45.12       0.975900    0.001800    0.18        49.39       50.61       1.356800    -0.012300   -0.90       57.57       42.43
2026-06-03 06:15:00 UTCMAGMAUSDT   0.278510      45.12     550         16871899.000000 6577.000000   0.04        1.209000    -0.007300   -0.60       54.73       45.27       0.968600    -0.007300   -0.75       49.20       50.80       1.371400    0.014600    1.08        57.83       42.17
2026-06-03 06:30:00 UTCMAGMAUSDT   0.290040      71.84     3263        16882669.000000 10770.000000  0.06        1.213900    0.004900    0.41        54.83       45.17       0.969200    0.000600    0.06        49.22       50.78       1.368500    -0.002900   -0.21       57.78       42.22
2026-06-03 06:45:00 UTCMAGMAUSDT   0.300500      80.92     5220        16934326.000000 51657.000000  0.31        1.189100    -0.024800   -2.04       54.32       45.68       0.970300    0.001100    0.11        49.25       50.75       1.353500    -0.015000   -1.10       57.51       42.49
2026-06-03 07:00:00 UTCMAGMAUSDT   0.297470      73.52     3147        17000157.000000 65831.000000  0.39        1.163100    -0.026000   -2.19       53.77       46.23       0.950900    -0.019400   -2.00       48.74       51.26       1.334800    -0.018700   -1.38       57.17       42.83
2026-06-03 07:15:00 UTCMAGMAUSDT   0.319050      84.43     10712       17020188.000000 20031.000000  0.12        1.139000    -0.024100   -2.07       53.25       46.75       0.946100    -0.004800   -0.50       48.62       51.38       1.302600    -0.032200   -2.41       56.57       43.43
2026-06-03 07:30:00 UTCMAGMAUSDT   0.326810      86.58     6363        16950953.000000 -69235.000000 -0.41       1.019000    -0.120000   -10.54      50.47       49.53       0.953600    0.007500    0.79        48.81       51.19       1.186300    -0.116300   -8.93       54.26       45.74
2026-06-03 07:45:00 UTCMAGMAUSDT   0.339560      89.20     12703       17051414.000000 100461.000000 0.59        1.031300    0.012300    1.21        50.77       49.23       0.940100    -0.013500   -1.42       48.46       51.54       1.231100    0.044800    3.78        55.18       44.82
2026-06-03 08:00:00 UTCMAGMAUSDT   0.338810      88.11     11437       17327742.000000 276328.000000 1.62        0.953500    -0.077800   -7.54       48.81       51.19       0.937500    -0.002600   -0.28       48.39       51.61       1.140000    -0.091100   -7.40       53.27       46.73
2026-06-03 08:15:00 UTCMAGMAUSDT   0.339520      88.26     11066       17514963.000000 187221.000000 1.08        0.918600    -0.034900   -3.66       47.88       52.12       0.939300    0.001800    0.19        48.43       51.57       1.078100    -0.061900   -5.43       51.88       48.12
2026-06-03 08:30:00 UTCMAGMAUSDT   0.340140      88.39     6033        17628724.000000 113761.000000 0.65        0.928600    0.010000    1.09        48.15       51.85       0.937700    -0.001600   -0.17       48.39       51.61       1.063100    -0.015000   -1.39       51.53       48.47
2026-06-03 08:45:00 UTCMAGMAUSDT   0.337120      83.38     5080        17656919.000000 28195.000000  0.16        0.923800    -0.004800   -0.52       48.02       51.98       0.935900    -0.001800   -0.19       48.34       51.66       1.052100    -0.011000   -1.03       51.27       48.73
2026-06-03 09:00:00 UTCMAGMAUSDT   0.333130      77.15     7324        17711136.000000 54217.000000  0.31        0.917200    -0.006600   -0.71       47.84       52.16       0.927100    -0.008800   -0.94       48.11       51.89       1.048300    -0.003800   -0.36       51.18       48.82
2026-06-03 09:15:00 UTCMAGMAUSDT   0.334960      77.96     5615        17717110.000000 5974.000000   0.03        0.918600    0.001400    0.15        47.88       52.12       0.926900    -0.000200   -0.02       48.10       51.90       1.028800    -0.019500   -1.86       50.71       49.29
2026-06-03 09:30:00 UTCMAGMAUSDT   0.339330      79.81     4381        17683081.000000 -34029.000000 -0.19       0.915300    -0.003300   -0.36       47.79       52.21       0.934800    0.007900    0.85        48.31       51.69       1.019400    -0.009400   -0.91       50.48       49.52
2026-06-03 09:45:00 UTCMAGMAUSDT   0.346130      82.30     8228        17736561.000000 53480.000000  0.30        0.904400    -0.010900   -1.19       47.49       52.51       0.940600    0.005800    0.62        48.47       51.53       1.032500    0.013100    1.29        50.80       49.20
2026-06-03 10:00:00 UTCMAGMAUSDT   0.348740      83.15     9596        17836865.000000 100304.000000 0.57        0.924200    0.019800    2.19        48.03       51.97       0.950200    0.009600    1.02        48.72       51.28       1.068300    0.035800    3.47        51.65       48.35
2026-06-03 10:15:00 UTCMAGMAUSDT   0.354630      84.93     14201       17949798.000000 112933.000000 0.63        0.912400    -0.011800   -1.28       47.71       52.29       0.948400    -0.001800   -0.19       48.67       51.33       1.050000    -0.018300   -1.71       51.22       48.78
2026-06-03 10:30:00 UTCMAGMAUSDT   0.359740      86.28     19387       18160802.000000 211004.000000 1.18        0.917900    0.005500    0.60        47.86       52.14       0.945000    -0.003400   -0.36       48.59       51.41       1.054700    0.004700    0.45        51.33       48.67
2026-06-03 10:45:00 UTCMAGMAUSDT   0.365170      87.56     23864       18606165.000000 445363.000000 2.45        0.916400    -0.001500   -0.16       47.82       52.18       0.949600    0.004600    0.49        48.71       51.29       1.056300    0.001600    0.15        51.37       48.63
2026-06-03 11:00:00 UTCMAGMAUSDT   0.356060      74.96     30145       18981435.000000 375270.000000 2.02        0.886100    -0.030300   -3.31       46.98       53.02       0.951700    0.002100    0.22        48.76       51.24       1.058000    0.001700    0.16        51.41       48.59
2026-06-03 11:15:00 UTCMAGMAUSDT   0.371800      80.25     32670       19037089.000000 55654.000000  0.29        0.893900    0.007800    0.88        47.20       52.80       0.972300    0.020600    2.16        49.30       50.70       1.001200    -0.056800   -5.37       50.03       49.97
2026-06-03 11:30:00 UTCMAGMAUSDT   0.362690      70.91     36874       19150816.000000 113727.000000 0.60        0.843700    -0.050200   -5.62       45.76       54.24       0.950500    -0.021800   -2.24       48.73       51.27       0.971600    -0.029600   -2.96       49.28       50.72
2026-06-03 11:45:00 UTCMAGMAUSDT   0.362960      71.02     19432       19091177.000000 -59639.000000 -0.31       0.863200    0.019500    2.31        46.33       53.67       0.942200    -0.008300   -0.87       48.51       51.49       0.979000    0.007400    0.76        49.47       50.53
2026-06-03 12:00:00 UTCMAGMAUSDT   0.377240      76.06     34980       19288846.000000 197669.000000 1.04        0.840300    -0.022900   -2.65       45.66       54.34       0.935600    -0.006600   -0.70       48.34       51.66       0.928300    -0.050700   -5.18       48.14       51.86
2026-06-03 12:15:00 UTCMAGMAUSDT   0.386950      78.77     40261       19914479.000000 625633.000000 3.24        0.806700    -0.033600   -4.00       44.65       55.35       0.926500    -0.009100   -0.97       48.09       51.91       0.935000    0.006700    0.72        48.32       51.68
2026-06-03 12:30:00 UTCMAGMAUSDT   0.387540      78.92     45525       20663034.000000 748555.000000 3.76        0.756900    -0.049800   -6.17       43.08       56.92       0.929800    0.003300    0.36        48.18       51.82       0.882500    -0.052500   -5.61       46.88       53.12
2026-06-03 12:45:00 UTCMAGMAUSDT   0.392360      80.20     30895       20975802.000000 312768.000000 1.51        0.749800    -0.007100   -0.94       42.85       57.15       0.906300    -0.023500   -2.53       47.54       52.46       0.876500    -0.006000   -0.68       46.71       53.29
2026-06-03 13:00:00 UTCMAGMAUSDT   0.389600      77.31     46556       21404232.000000 428430.000000 2.04        0.733100    -0.016700   -2.23       42.30       57.70       0.911800    0.005500    0.61        47.69       52.31       0.850100    -0.026400   -3.01       45.95       54.05
2026-06-03 13:15:00 UTCMAGMAUSDT   0.390000      77.44     33701       21633751.000000 229519.000000 1.07        0.738800    0.005700    0.78        42.49       57.51       0.901500    -0.010300   -1.13       47.41       52.59       0.861900    0.011800    1.39        46.29       53.71
2026-06-03 13:30:00 UTCMAGMAUSDT   0.388670      75.92     39166       22055174.000000 421423.000000 1.95        0.722900    -0.015900   -2.15       41.96       58.04       0.896700    -0.004800   -0.53       47.28       52.72       0.829800    -0.032100   -3.72       45.35       54.65
2026-06-03 13:45:00 UTCMAGMAUSDT   0.390920      76.75     30519       22550088.000000 494914.000000 2.24        0.700700    -0.022200   -3.07       41.20       58.80       0.888900    -0.007800   -0.87       47.06       52.94       0.799900    -0.029900   -3.60       44.44       55.56
2026-06-03 14:00:00 UTCMAGMAUSDT   0.388370      73.64     33451       22954601.000000 404513.000000 1.79        0.695800    -0.004900   -0.70       41.03       58.97       0.912500    0.023600    2.65        47.71       52.29       0.782800    -0.017100   -2.14       43.91       56.09
2026-06-03 14:15:00 UTCMAGMAUSDT   0.389930      74.33     17361       23216957.000000 262356.000000 1.14        0.696600    0.000800    0.11        41.06       58.94       0.894300    -0.018200   -1.99       47.21       52.79       0.772700    -0.010100   -1.29       43.59       56.41

==============================================================================================================
LAST SNAPSHOT
==============================================================================================================
Time                : 2026-06-03 14:15:00 UTC
Symbol              : MAGMAUSDT
Close               : 0.389930
RSI(14)            : 74.33
Number of Trades    : 17361
Volume              : 2918628.000000
Quote Volume        : 1137378.383070

Open Interest       : 23216957.000000
OI Change           : 262356.000000
OI Change %         : 1.14%
OI Value            : 9014215.724820

Top Acco L/S Ratio  : 0.696600
Top Acco L/S Change : 0.000800
Top Acco Chg %      : 0.11%
Top Acco Long %     : 41.06
Top Acco Short %    : 58.94

Top Posit L/S Ratio : 0.894300
Top Posit L/S Change: -0.018200
Top Posit Chg %     : -1.99%
Top Posit Long %    : 47.21
Top Posit Short %   : 52.79

Global L/S Ratio    : 0.772700
Global L/S Change   : -0.010100
Global Chg %        : -1.29%
Global Long %       : 43.59
Global Short %      : 56.41

[Program finished]
