####################################################################################################
FETCHING BINANCE FUTURES DATA ...
####################################################################################################
SYMBOL     : MOVEUSDT
PERIOD     : 15m
LIMIT      : 100
RSI_PERIOD : 14
PRINT MODE : CSV_STYLE
NOTE       : EACH OUTPUT ROW = ONE ACTUAL KLINE CANDLE
####################################################################################################

============================================================================================================================================
ANALYSIS-READY CANDLE DATA FOR V3.2.1 | CSV STYLE | EACH ROW = ONE 15m CANDLE
============================================================================================================================================
candle_index,time,symbol,open,high,low,close,close_change,close_change_pct,candle_body_pct,price_range_pct,rsi,number_of_trades,trades_change,trades_change_pct,volume,volume_change,volume_change_pct,quote_volume,quote_volume_change,quote_volume_change_pct,taker_buy_base_volume,taker_buy_quote_volume,taker_sell_quote_volume,taker_buy_quote_pct,oi,oi_value,oi_change,oi_change_pct,oi_value_change,oi_value_change_pct,acco_ls_ratio,acco_ls_change,acco_ls_change_pct,acco_long_pct,acco_short_pct,posit_ls_ratio,posit_ls_change,posit_ls_change_pct,posit_long_pct,posit_short_pct,global_ls_ratio,global_ls_change,global_ls_change_pct,global_long_pct,global_short_pct,quote_volume_source,oi_match_delta_min,acco_match_delta_min,posit_match_delta_min,global_match_delta_min,data_quality1,2026-06-07 17:45:00 UTC,MOVEUSDT,0.011760,0.011760,0.011700,0.011720,0.000000,0.000000,-0.340136,0.510204,40.909091,254,0.000000,0.000000,1499539.000000,0.000000,0.000000,17568.139430,0.000000,0.000000,901057.000000,10553.243340,7014.896090,60.070353,206234491.000000,2423255.269250,0.000000,0.000000,0.000000,0.000000,1.717400,0.000000,0.000000,63.200000,36.800000,1.224600,0.000000,0.000000,55.050000,44.950000,1.266000,0.000000,0.000000,55.870000,44.130000,binance_kline_quote_asset_volume,0.000000,0.000000,0.000000,0.000000,OK
2,2026-06-07 18:00:00 UTC,MOVEUSDT,0.011720,0.011760,0.011710,0.011760,0.000040,0.341297,0.341297,0.426621,50.584795,211,-43,-16.929134,619162.000000,-880377.000000,-58.709843,7267.271940,-10300.867490,-58.633799,404618.000000,4749.779980,2517.491960,65.358501,205883615.000000,2412955.967800,-350876.000000,-0.170134,-10299.301450,-0.425019,1.731500,0.014100,0.821009,63.390000,36.610000,1.223200,-0.001400,-0.114323,55.020000,44.980000,1.270700,0.004700,0.371248,55.960000,44.040000,binance_kline_quote_asset_volume,0.000000,0.000000,0.000000,0.000000,OK
3,2026-06-07 18:15:00 UTC,MOVEUSDT,0.011750,0.011750,0.011720,0.011730,-0.000030,-0.255102,-0.170213,0.255319,44.676202,138,-73,-34.597156,368295.000000,-250867.000000,-40.517183,4323.191880,-2944.080060,-40.511489,117570.000000,1379.862350,2943.329530,31.917675,205758976.000000,2418618.574469,-124639.000000,-0.060539,5662.606669,0.234675,1.718900,-0.012600,-0.727693,63.220000,36.780000,1.220500,-0.002700,-0.220733,54.970000,45.030000,1.268100,-0.002600,-0.204612,55.910000,44.090000,binance_kline_quote_asset_volume,0.000000,0.000000,0.000000,0.000000,OK
4,2026-06-07 18:30:00 UTC,MOVEUSDT,0.011740,0.011760,0.011700,0.011710,-0.000020,-0.170503,-0.255537,0.511073,41.219512,193,55,39.855072,1528353.000000,1160058.000000,314.980654,17931.417480,13608.225600,314.772649,734878.000000,8629.534050,9301.883430,48.125220,205680825.000000,2412636.077250,-78151.000000,-0.037982,-5982.497219,-0.247352,1.715200,-0.003700,-0.215254,63.170000,36.830000,1.221500,0.001000,0.081934,54.990000,45.010000,1.266000,-0.002100,-0.165602,55.870000,44.130000,binance_kline_quote_asset_volume,0.000000,0.000000,0.000000,0.000000,OK
5,2026-06-07 18:45:00 UTC,MOVEUSDT,0.011710,0.011730,0.011680,0.011680,-0.000030,-0.256191,-0.256191,0.426985,36.640034,232,39,20.207254,1233243.000000,-295110.000000,-19.309021,14426.070780,-3505.346700,-19.548631,521473.000000,6099.467930,8326.602850,42.280868,206470531.000000,2417769.918010,789706.000000,0.383947,5133.840760,0.212790,1.697600,-0.017600,-1.026119,62.930000,37.070000,1.222400,0.000900,0.073680,55.000000,45.000000,1.253300,-0.012700,-1.003160,55.620000,44.380000,binance_kline_quote_asset_volume,0.000000,0.000000,0.000000,0.000000,OK
6,2026-06-07 19:00:00 UTC,MOVEUSDT,0.011690,0.011690,0.011530,0.011540,-0.000140,-1.198630,-1.283148,1.368691,23.512108,813,581,250.431034,5735987.000000,4502744.000000,365.114093,66414.468230,51988.397450,360.378084,2183856.000000,25291.517540,41122.950690,38.081337,206637882.000000,2413561.457442,167351.000000,0.081053,-4208.460568,-0.174064,1.704900,0.007300,0.430019,63.030000,36.970000,1.226400,0.004000,0.327225,55.080000,44.920000,1.258900,0.005600,0.446820,55.730000,44.270000,binance_kline_quote_asset_volume,0.000000,0.000000,0.000000,0.000000,OK
7,2026-06-07 19:15:00 UTC,MOVEUSDT,0.011540,0.011540,0.011440,0.011470,-0.000070,-0.606586,-0.606586,0.866551,19.709581,601,-212,-26.076261,5471879.000000,-264108.000000,-4.604404,62762.158080,-3652.310150,-5.499269,1999222.000000,22932.951180,39829.206900,36.539456,206588915.000000,2384036.079100,-48967.000000,-0.023697,-29525.378342,-1.223312,1.714400,0.009500,0.557217,63.160000,36.840000,1.221100,-0.005300,-0.432159,54.980000,45.020000,1.256800,-0.002100,-0.166812,55.690000,44.310000,binance_kline_quote_asset_volume,0.000000,0.000000,0.000000,0.000000,OK
8,2026-06-07 19:30:00 UTC,MOVEUSDT,0.011480,0.011500,0.011400,0.011400,-0.000070,-0.610288,-0.696864,0.871080,16.786014,666,65,10.815308,7566250.000000,2094371.000000,38.275170,86694.258760,23932.100680,38.131418,4215706.000000,48310.545420,38383.713340,55.725196,206516787.000000,2374399.911350,-72128.000000,-0.034914,-9636.167750,-0.404196,1.763200,0.048800,2.846477,63.810000,36.190000,1.232400,0.011300,0.925395,55.210000,44.790000,1.280000,0.023200,1.845958,56.140000,43.860000,binance_kline_quote_asset_volume,0.000000,0.000000,0.000000,0.000000,OK
9,2026-06-07 19:45:00 UTC,MOVEUSDT,0.011420,0.011480,0.011380,0.011430,0.000030,0.263158,0.087566,0.875657,22.117904,394,-272,-40.840841,3106564.000000,-4459686.000000,-58.941827,35517.824390,-51176.434370,-59.030938,1218894.000000,13942.248320,21575.576070,39.254230,206593894.000000,2355843.887694,77107.000000,0.037337,-18556.023656,-0.781504,1.747300,-0.015900,-0.901770,63.600000,36.400000,1.236700,0.004300,0.348913,55.290000,44.710000,1.282100,0.002100,0.164062,56.180000,43.820000,binance_kline_quote_asset_volume,0.000000,0.000000,0.000000,0.000000,OK
10,2026-06-07 20:00:00 UTC,MOVEUSDT,0.011420,0.011530,0.011390,0.011500,0.000070,0.612423,0.700525,1.225919,32.918529,444,50,12.690355,2828084.000000,-278480.000000,-8.964245,32436.283690,-3081.540700,-8.676040,1370974.000000,15731.316570,16704.967120,48.499134,206773435.000000,2362411.307687,179541.000000,0.086905,6567.419993,0.278771,1.767800,0.020500,1.173239,63.870000,36.130000,1.243200,0.006500,0.525592,55.420000,44.580000,1.291500,0.009400,0.733172,56.360000,43.640000,binance_kline_quote_asset_volume,0.000000,0.000000,0.000000,0.000000,OK
11,2026-06-07 20:15:00 UTC,MOVEUSDT,0.011500,0.011560,0.011470,0.011540,0.000040,0.347826,0.347826,0.782609,38.193186,195,-249,-56.081081,1699875.000000,-1128209.000000,-39.893051,19577.930760,-12858.352930,-39.641881,771435.000000,8883.688090,10694.242670,45.376032,206771494.000000,2378895.699895,-1941.000000,-0.000939,16484.392208,0.697778,1.701200,-0.066600,-3.767395,62.980000,37.020000,1.240000,-0.003200,-0.257400,55.360000,44.640000,1.257300,-0.034200,-2.648084,55.700000,44.300000,binance_kline_quote_asset_volume,0.000000,0.000000,0.000000,0.000000,OK
12,2026-06-07 20:30:00 UTC,MOVEUSDT,0.011540,0.011560,0.011500,0.011510,-0.000030,-0.259965,-0.259965,0.519931,35.912413,216,21,10.769231,1465852.000000,-234023.000000,-13.767071,16914.073210,-2663.857550,-13.606431,966437.000000,11153.468840,5760.604370,65.941945,206810225.000000,2385543.536761,38731.000000,0.018731,6647.836866,0.279451,1.702700,0.001500,0.088173,63.000000,37.000000,1.237700,-0.002300,-0.185484,55.310000,44.690000,1.257300,0.000000,0.000000,55.700000,44.300000,binance_kline_quote_asset_volume,0.000000,0.000000,0.000000,0.000000,OK
13,2026-06-07 20:45:00 UTC,MOVEUSDT,0.011520,0.011590,0.011510,0.011570,0.000060,0.521286,0.434028,0.694444,43.216011,385,169,78.240741,3122846.000000,1656994.000000,113.039652,36101.363190,19187.289980,113.439795,1797700.000000,20774.146110,15327.217080,57.543938,206763745.000000,2379850.704950,-46480.000000,-0.022475,-5692.831811,-0.238639,1.697600,-0.005100,-0.299524,62.930000,37.070000,1.231600,-0.006100,-0.492850,55.190000,44.810000,1.251700,-0.005600,-0.445399,55.590000,44.410000,binance_kline_quote_asset_volume,0.000000,0.000000,0.000000,0.000000,OK
14,2026-06-07 21:00:00 UTC,MOVEUSDT,0.011570,0.011570,0.011510,0.011560,-0.000010,-0.086430,-0.086430,0.518583,42.349753,270,-115,-29.870130,1546009.000000,-1576837.000000,-50.493588,17836.278390,-18265.084800,-50.593892,460102.000000,5306.141930,12530.136460,29.749154,206729171.000000,2390841.468240,-34574.000000,-0.016722,10990.763290,0.461826,1.702000,0.004400,0.259189,62.990000,37.010000,1.235900,0.004300,0.349139,55.280000,44.720000,1.256300,0.004600,0.367500,55.680000,44.320000,binance_kline_quote_asset_volume,0.000000,0.000000,0.000000,0.000000,OK
15,2026-06-07 21:15:00 UTC,MOVEUSDT,0.011560,0.011570,0.011530,0.011540,-0.000020,-0.173010,-0.173010,0.346021,40.597037,211,-59,-21.851852,1236647.000000,-309362.000000,-20.010362,14277.642240,-3558.636150,-19.951674,483571.000000,5585.462760,8692.179480,39.120344,206733907.000000,2388791.689333,4736.000000,0.002291,-2049.778907,-0.085735,1.715900,0.013900,0.816686,63.180000,36.820000,1.238400,0.002500,0.202282,55.330000,44.670000,1.259900,0.003600,0.286556,55.750000,44.250000,binance_kline_quote_asset_volume,0.000000,0.000000,0.000000,0.000000,OK
16,2026-06-07 21:30:00 UTC,MOVEUSDT,0.011540,0.011550,0.011480,0.011490,-0.000050,-0.433276,-0.433276,0.606586,36.526991,270,59,27.962085,1241627.000000,4980.000000,0.402702,14277.169510,-0.472730,-0.003311,562081.000000,6463.139700,7814.029810,45.269055,206929857.000000,2387370.453195,195950.000000,0.094784,-1421.236139,-0.059496,1.715200,-0.000700,-0.040795,63.170000,36.830000,1.238600,0.000200,0.016150,55.330000,44.670000,1.261900,0.002000,0.158743,55.790000,44.210000,binance_kline_quote_asset_volume,0.000000,0.000000,0.000000,0.000000,OK
17,2026-06-07 21:45:00 UTC,MOVEUSDT,0.011490,0.011540,0.011470,0.011540,0.000050,0.435161,0.435161,0.609225,42.712167,195,-75,-27.777778,909056.000000,-332571.000000,-26.785097,10453.526500,-3823.643010,-26.781520,659051.000000,7580.446270,2873.080230,72.515684,206993323.000000,2379406.877284,63466.000000,0.030670,-7963.575911,-0.333571,1.721100,0.005900,0.343983,63.250000,36.750000,1.239800,0.001200,0.096884,55.350000,44.650000,1.269100,0.007200,0.570568,55.930000,44.070000,binance_kline_quote_asset_volume,0.000000,0.000000,0.000000,0.000000,OK
18,2026-06-07 22:00:00 UTC,MOVEUSDT,0.011550,0.011930,0.011530,0.011900,0.000360,3.119584,3.030303,3.463203,67.368135,1135,940,482.051282,9438149.000000,8529093.000000,938.236258,110901.157570,100447.631070,960.897082,3752366.000000,44091.828290,66809.329280,39.757771,206852797.000000,2387081.277380,-140526.000000,-0.067889,7674.400096,0.322534,1.706400,-0.014700,-0.854105,63.050000,36.950000,1.236400,-0.003400,-0.274238,55.280000,44.720000,1.261900,-0.007200,-0.567331,55.790000,44.210000,binance_kline_quote_asset_volume,0.000000,0.000000,0.000000,0.000000,OK
19,2026-06-07 22:15:00 UTC,MOVEUSDT,0.011890,0.011990,0.011810,0.011830,-0.000070,-0.588235,-0.504626,1.513877,61.798605,1474,339,29.867841,15098949.000000,5660800.000000,59.977862,179826.322690,68925.165120,62.150086,6980319.000000,83178.014850,96648.307840,46.254638,208372752.000000,2480419.230348,1519955.000000,0.734800,93337.952968,3.910129,1.661700,-0.044700,-2.619550,62.430000,37.570000,1.218000,-0.018400,-1.488192,54.910000,45.090000,1.263500,0.001600,0.126793,55.820000,44.180000,binance_kline_quote_asset_volume,0.000000,0.000000,0.000000,0.000000,OK
20,2026-06-07 22:30:00 UTC,MOVEUSDT,0.011840,0.011880,0.011770,0.011810,-0.000020,-0.169062,-0.253378,0.929054,60.265577,568,-906,-61.465400,3185115.000000,-11913834.000000,-78.905055,37635.712980,-142190.609710,-79.071077,1531426.000000,18087.015350,19548.697630,48.058118,208393948.000000,2465300.404840,21196.000000,0.010172,-15118.825508,-0.609527,1.641300,-0.020400,-1.227658,62.140000,37.860000,1.196600,-0.021400,-1.756979,54.480000,45.520000,1.243200,-0.020300,-1.606648,55.420000,44.580000,binance_kline_quote_asset_volume,0.000000,0.000000,0.000000,0.000000,OK
21,2026-06-07 22:45:00 UTC,MOVEUSDT,0.011820,0.011850,0.011720,0.011720,-0.000090,-0.762066,-0.846024,1.099831,53.798093,340,-228,-40.140845,1576203.000000,-1608912.000000,-50.513467,18578.325300,-19057.387680,-50.636447,682140.000000,8040.085200,10538.240100,43.276695,207833667.000000,2454515.607270,-560281.000000,-0.268857,-10784.797570,-0.437464,1.648300,0.007000,0.426491,62.240000,37.760000,1.193800,-0.002800,-0.233996,54.420000,45.580000,1.243700,0.000500,0.040219,55.430000,44.570000,binance_kline_quote_asset_volume,0.000000,0.000000,0.000000,0.000000,OK
22,2026-06-07 23:00:00 UTC,MOVEUSDT,0.011720,0.011760,0.011700,0.011760,0.000040,0.341297,0.341297,0.511945,56.055316,276,-64,-18.823529,1576214.000000,11.000000,0.000698,18498.727540,-79.597760,-0.428444,979077.000000,11487.793390,7010.934150,62.100452,207792627.000000,2435329.588440,-41040.000000,-0.019747,-19186.018830,-0.781662,1.648300,0.000000,0.000000,62.240000,37.760000,1.191900,-0.001900,-0.159156,54.380000,45.620000,1.254300,0.010600,0.852296,55.640000,44.360000,binance_kline_quote_asset_volume,0.000000,0.000000,0.000000,0.000000,OK
23,2026-06-07 23:15:00 UTC,MOVEUSDT,0.011760,0.011810,0.011720,0.011800,0.000040,0.340136,0.340136,0.765306,58.251844,307,31,11.231884,1499218.000000,-76996.000000,-4.884870,17626.921780,-871.805760,-4.712788,623181.000000,7327.095430,10299.826350,41.567640,207631550.000000,2440725.480774,-161077.000000,-0.077518,5395.892334,0.221567,1.635000,-0.013300,-0.806892,62.050000,37.950000,1.190600,-0.001300,-0.109070,54.350000,45.650000,1.238600,-0.015700,-1.251694,55.330000,44.670000,binance_kline_quote_asset_volume,0.000000,0.000000,0.000000,0.000000,OK
24,2026-06-07 23:30:00 UTC,MOVEUSDT,0.011800,0.011800,0.011730,0.011750,-0.000050,-0.423729,-0.423729,0.593220,54.579411,282,-25,-8.143322,1824526.000000,325308.000000,21.698512,21449.593690,3822.671910,21.686554,691593.000000,8133.156180,13316.437510,37.917530,207750609.000000,2451457.186200,119059.000000,0.057341,10731.705426,0.439693,1.635000,0.000000,0.000000,62.050000,37.950000,1.191200,0.000600,0.050395,54.360000,45.640000,1.241600,0.003000,0.242209,55.390000,44.610000,binance_kline_quote_asset_volume,0.000000,0.000000,0.000000,0.000000,OK
25,2026-06-07 23:45:00 UTC,MOVEUSDT,0.011750,0.011780,0.011720,0.011760,0.000010,0.085106,0.085106,0.510638,55.187902,217,-65,-23.049645,1160209.000000,-664317.000000,-36.410388,13631.127970,-7818.465720,-36.450414,529493.000000,6221.246710,7409.881260,45.639999,208147067.000000,2444718.523975,396458.000000,0.190834,-6738.662225,-0.274884,1.635000,0.000000,0.000000,62.050000,37.950000,1.192000,0.000800,0.067159,54.380000,45.620000,1.244700,0.003100,0.249678,55.450000,44.550000,binance_kline_quote_asset_volume,0.000000,0.000000,0.000000,0.000000,OK
26,2026-06-08 00:00:00 UTC,MOVEUSDT,0.011770,0.011870,0.011740,0.011870,0.000110,0.935374,0.849618,1.104503,61.325561,668,451,207.834101,5312841.000000,4152632.000000,357.921030,62764.182660,49133.054690,360.447461,4009588.000000,47390.080400,15374.102260,75.504975,208266271.000000,2449211.346960,119204.000000,0.057269,4492.822985,0.183777,1.628100,-0.006900,-0.422018,61.950000,38.050000,1.192100,0.000100,0.008389,54.380000,45.620000,1.242200,-0.002500,-0.200852,55.400000,44.600000,binance_kline_quote_asset_volume,0.000000,0.000000,0.000000,0.000000,OK
27,2026-06-08 00:15:00 UTC,MOVEUSDT,0.011880,0.011880,0.011780,0.011840,-0.000030,-0.252738,-0.336700,0.841751,58.954002,497,-171,-25.598802,3753930.000000,-1558911.000000,-29.342324,44428.445300,-18335.737360,-29.213696,1304845.000000,15457.816770,28970.628530,34.792612,206682155.000000,2451808.400118,-1584116.000000,-0.760621,2597.053158,0.106036,1.613700,-0.014400,-0.884467,61.740000,38.260000,1.191400,-0.000700,-0.058720,54.370000,45.630000,1.220200,-0.022000,-1.771051,54.960000,45.040000,binance_kline_quote_asset_volume,0.000000,0.000000,0.000000,0.000000,OK
28,2026-06-08 00:30:00 UTC,MOVEUSDT,0.011840,0.012000,0.011840,0.011980,0.000140,1.182432,1.182432,1.351351,65.633183,641,144,28.973843,5380679.000000,1626749.000000,43.334559,64256.899420,19828.454120,44.630088,3789632.000000,45247.336640,19009.562780,70.416309,206884314.000000,2449510.277760,202159.000000,0.097812,-2298.122359,-0.093732,1.613700,0.000000,0.000000,61.740000,38.260000,1.177300,-0.014100,-1.183482,54.070000,45.930000,1.228200,0.008000,0.655630,55.120000,44.880000,binance_kline_quote_asset_volume,0.000000,0.000000,0.000000,0.000000,OK
29,2026-06-08 00:45:00 UTC,MOVEUSDT,0.011970,0.012030,0.011940,0.011970,-0.000010,-0.083472,0.000000,0.751880,64.821793,448,-193,-30.109204,3466130.000000,-1914549.000000,-35.581922,41532.496060,-22724.403360,-35.364924,1258425.000000,15078.115500,26454.380560,36.304381,206496185.000000,2472793.880337,-388129.000000,-0.187607,23283.602577,0.950541,1.606200,-0.007500,-0.464770,61.630000,38.370000,1.159700,-0.017600,-1.494946,53.700000,46.300000,1.233100,0.004900,0.398958,55.220000,44.780000,binance_kline_quote_asset_volume,0.000000,0.000000,0.000000,0.000000,OK
30,2026-06-08 01:00:00 UTC,MOVEUSDT,0.011970,0.012000,0.011830,0.011830,-0.000140,-1.169591,-1.169591,1.420217,54.637908,839,391,87.276786,9354528.000000,5888398.000000,169.883934,111454.278400,69921.782340,168.354395,4386242.000000,52264.964420,59189.313980,46.893637,206822072.000000,2477660.171276,325887.000000,0.157817,4866.290939,0.196793,1.601500,-0.004700,-0.292616,61.560000,38.440000,1.150800,-0.008900,-0.767440,53.500000,46.500000,1.234100,0.001000,0.081096,55.240000,44.760000,binance_kline_quote_asset_volume,0.000000,0.000000,0.000000,0.000000,OK
31,2026-06-08 01:15:00 UTC,MOVEUSDT,0.011820,0.011840,0.011750,0.011760,-0.000070,-0.591716,-0.507614,0.761421,50.376302,941,102,12.157330,10264199.000000,909671.000000,9.724392,121273.324270,9819.045870,8.809932,5759587.000000,68067.111860,53206.212410,56.127027,206986268.000000,2448647.550440,164196.000000,0.079390,-29012.620836,-1.170969,1.606200,0.004700,0.293475,61.630000,38.370000,1.122200,-0.028600,-2.485228,52.880000,47.120000,1.229200,-0.004900,-0.397050,55.140000,44.860000,binance_kline_quote_asset_volume,0.000000,0.000000,0.000000,0.000000,OK
32,2026-06-08 01:30:00 UTC,MOVEUSDT,0.011760,0.011840,0.011740,0.011800,0.000040,0.340136,0.340136,0.850340,52.649066,525,-416,-44.208289,4587696.000000,-5676503.000000,-55.303906,54022.468380,-67250.855890,-55.453956,2117146.000000,24942.151600,29080.316780,46.169959,206224141.000000,2425131.968676,-762127.000000,-0.368202,-23515.581764,-0.960350,1.586700,-0.019500,-1.214046,61.340000,38.660000,1.128200,0.006000,0.534664,53.010000,46.990000,1.212900,-0.016300,-1.326066,54.810000,45.190000,binance_kline_quote_asset_volume,0.000000,0.000000,0.000000,0.000000,OK
33,2026-06-08 01:45:00 UTC,MOVEUSDT,0.011800,0.011870,0.011800,0.011840,0.000040,0.338983,0.338983,0.593220,54.874781,309,-216,-41.142857,1925820.000000,-2661876.000000,-58.022066,22793.009580,-31229.458800,-57.808278,1061565.000000,12567.961940,10225.047640,55.139546,206363378.000000,2435087.860400,139237.000000,0.067517,9955.891724,0.410530,1.590700,0.004000,0.252096,61.400000,38.600000,1.128200,0.000000,0.000000,53.010000,46.990000,1.211900,-0.001000,-0.082447,54.790000,45.210000,binance_kline_quote_asset_volume,0.000000,0.000000,0.000000,0.000000,OK
34,2026-06-08 02:00:00 UTC,MOVEUSDT,0.011850,0.011880,0.011830,0.011860,0.000020,0.168919,0.084388,0.421941,55.988715,350,41,13.268608,1749221.000000,-176599.000000,-9.170068,20744.338860,-2048.670720,-8.988154,839047.000000,9951.969980,10792.368880,47.974390,206199027.000000,2441396.479680,-164351.000000,-0.079642,6308.619280,0.259072,1.600800,0.010100,0.634941,61.550000,38.450000,1.125600,-0.002600,-0.230456,52.960000,47.040000,1.221200,0.009300,0.767390,54.980000,45.020000,binance_kline_quote_asset_volume,0.000000,0.000000,0.000000,0.000000,OK
35,2026-06-08 02:15:00 UTC,MOVEUSDT,0.011850,0.011860,0.011810,0.011840,-0.000020,-0.168634,-0.084388,0.421941,54.538839,256,-94,-26.857143,1763082.000000,13861.000000,0.792410,20856.782970,112.444110,0.542047,773250.000000,9150.926960,11705.856010,43.875064,206323481.000000,2445964.867255,124454.000000,0.060356,4568.387575,0.187122,1.641300,0.040500,2.529985,62.140000,37.860000,1.181200,0.055600,4.939588,54.150000,45.850000,1.227200,0.006000,0.491320,55.100000,44.900000,binance_kline_quote_asset_volume,0.000000,0.000000,0.000000,0.000000,OK
36,2026-06-08 02:30:00 UTC,MOVEUSDT,0.011830,0.011910,0.011810,0.011880,0.000040,0.337838,0.422654,0.845309,56.940512,481,225,87.890625,3983018.000000,2219936.000000,125.912238,47240.327810,26383.544840,126.498631,2191995.000000,25990.710080,21249.617730,55.018056,206572738.000000,2444778.025593,249257.000000,0.120809,-1186.841662,-0.048522,1.638500,-0.002800,-0.170596,62.100000,37.900000,1.181700,0.000500,0.042330,54.160000,45.840000,1.221200,-0.006000,-0.488918,54.980000,45.020000,binance_kline_quote_asset_volume,0.000000,0.000000,0.000000,0.000000,OK
37,2026-06-08 02:45:00 UTC,MOVEUSDT,0.011880,0.011990,0.011830,0.011950,0.000070,0.589226,0.589226,1.346801,60.839438,543,62,12.889813,5900806.000000,1917788.000000,48.149117,70244.520770,23004.192960,48.696091,4734056.000000,56374.418100,13870.102670,80.254542,207010729.000000,2460324.584272,437991.000000,0.212027,15546.558679,0.635909,1.642000,0.003500,0.213610,62.150000,37.850000,1.185600,0.003900,0.330033,54.250000,45.750000,1.226700,0.005500,0.450377,55.090000,44.910000,binance_kline_quote_asset_volume,0.000000,0.000000,0.000000,0.000000,OK
38,2026-06-08 03:00:00 UTC,MOVEUSDT,0.011950,0.012040,0.011900,0.012000,0.000050,0.418410,0.418410,1.171548,63.389432,1255,712,131.123389,14040283.000000,8139477.000000,137.938394,168013.629630,97769.108860,139.183965,7317793.000000,87602.329650,80411.299980,52.140014,206928615.000000,2471780.929750,-82114.000000,-0.039667,11456.345478,0.465644,1.642000,0.000000,0.000000,62.150000,37.850000,1.196100,0.010500,0.885628,54.460000,45.540000,1.216300,-0.010400,-0.847803,54.880000,45.120000,binance_kline_quote_asset_volume,0.000000,0.000000,0.000000,0.000000,OK
39,2026-06-08 03:15:00 UTC,MOVEUSDT,0.012000,0.012070,0.011970,0.012000,0.000000,0.000000,0.000000,0.833333,63.389432,778,-477,-38.007968,8047307.000000,-5992976.000000,-42.684154,96834.285590,-71179.344040,-42.365220,4212872.000000,50698.484790,46135.800800,52.355924,207911941.000000,2494943.292000,983326.000000,0.475201,23162.362250,0.937072,1.678800,0.036800,2.241169,62.670000,37.330000,1.208900,0.012800,1.070145,54.730000,45.270000,1.237100,0.020800,1.710104,55.300000,44.700000,binance_kline_quote_asset_volume,0.000000,0.000000,0.000000,0.000000,OK
40,2026-06-08 03:30:00 UTC,MOVEUSDT,0.012000,0.012150,0.012000,0.012100,0.000100,0.833333,0.833333,1.250000,68.193466,1136,358,46.015424,9859469.000000,1812162.000000,22.518863,119235.339450,22401.053860,23.133391,5235898.000000,63343.507280,55891.832170,53.124776,209065654.000000,2509849.901522,1153713.000000,0.554905,14906.609522,0.597473,1.683100,0.004300,0.256135,62.730000,37.270000,1.204600,-0.004300,-0.355695,54.640000,45.360000,1.254300,0.017200,1.390348,55.640000,44.360000,binance_kline_quote_asset_volume,0.000000,0.000000,0.000000,0.000000,OK
41,2026-06-08 03:45:00 UTC,MOVEUSDT,0.012100,0.012370,0.012080,0.012370,0.000270,2.231405,2.231405,2.396694,76.977595,4791,3655,321.742958,45189358.000000,35329889.000000,358.334602,552383.592350,433148.252900,363.271707,26171660.000000,320091.869980,232291.722370,57.947389,208935438.000000,2528118.799800,-130216.000000,-0.062285,18268.898278,0.727888,1.700500,0.017400,1.033807,62.970000,37.030000,1.203000,-0.001600,-0.132824,54.610000,45.390000,1.282600,0.028300,2.256239,56.190000,43.810000,binance_kline_quote_asset_volume,0.000000,0.000000,0.000000,0.000000,OK
42,2026-06-08 04:00:00 UTC,MOVEUSDT,0.012360,0.012390,0.012110,0.012200,-0.000170,-1.374293,-1.294498,2.265372,64.836172,5481,690,14.402004,47800547.000000,2611189.000000,5.778327,586542.752080,34159.159730,6.183956,23528723.000000,288991.194830,297551.557250,49.270270,214779342.000000,2654672.667120,5843904.000000,2.796990,126553.867320,5.005851,1.708600,0.008100,0.476330,63.080000,36.920000,1.178600,-0.024400,-2.028263,54.100000,45.900000,1.312700,0.030100,2.346796,56.760000,43.240000,binance_kline_quote_asset_volume,0.000000,0.000000,0.000000,0.000000,OK
43,2026-06-08 04:15:00 UTC,MOVEUSDT,0.012200,0.012220,0.012050,0.012120,-0.000080,-0.655738,-0.655738,1.393443,60.037168,1658,-3823,-69.750046,12989265.000000,-34811282.000000,-72.826116,157727.866110,-428814.885970,-73.108888,4468400.000000,54254.322310,103473.543800,34.397424,217518788.000000,2653729.213600,2739446.000000,1.275470,-943.453520,-0.035539,1.724100,0.015500,0.907175,63.290000,36.710000,1.166600,-0.012000,-1.018157,53.840000,46.160000,1.350700,0.038000,2.894797,57.460000,42.540000,binance_kline_quote_asset_volume,0.000000,0.000000,0.000000,0.000000,OK
44,2026-06-08 04:30:00 UTC,MOVEUSDT,0.012120,0.012210,0.012060,0.012190,0.000070,0.577558,0.577558,1.237624,62.642731,1532,-126,-7.599517,16453025.000000,3463760.000000,26.666328,199355.316690,41627.450580,26.391944,7950421.000000,96397.422180,102957.894510,48.354578,217243116.000000,2631259.483148,-275672.000000,-0.126735,-22469.730452,-0.846723,1.726300,0.002200,0.127603,63.320000,36.680000,1.169700,0.003100,0.265729,53.910000,46.090000,1.352900,0.002200,0.162879,57.500000,42.500000,binance_kline_quote_asset_volume,0.000000,0.000000,0.000000,0.000000,OK
45,2026-06-08 04:45:00 UTC,MOVEUSDT,0.012180,0.012220,0.012060,0.012070,-0.000120,-0.984413,-0.903120,1.313629,55.912608,1264,-268,-17.493473,15399347.000000,-1053678.000000,-6.404160,186876.675640,-12478.641050,-6.259497,4724820.000000,57388.579860,129488.095780,30.709333,216986599.000000,2645066.641810,-256517.000000,-0.118078,13807.158662,0.524736,1.739700,0.013400,0.776227,63.500000,36.500000,1.175300,0.005600,0.478755,54.030000,45.970000,1.356800,0.003900,0.288270,57.570000,42.430000,binance_kline_quote_asset_volume,0.000000,0.000000,0.000000,0.000000,OK
46,2026-06-08 05:00:00 UTC,MOVEUSDT,0.012070,0.012220,0.012020,0.012160,0.000090,0.745650,0.745650,1.657001,59.432852,2926,1662,131.487342,12696607.000000,-2702740.000000,-17.551004,154373.473890,-32503.201750,-17.392862,6684168.000000,81229.806610,73143.667280,52.619018,220726467.000000,2667706.701956,3739868.000000,1.723548,22640.060146,0.855935,1.748800,0.009100,0.523079,63.620000,36.380000,1.218200,0.042900,3.650132,54.920000,45.080000,1.371900,0.015100,1.112913,57.840000,42.160000,binance_kline_quote_asset_volume,0.000000,0.000000,0.000000,0.000000,OK
47,2026-06-08 05:15:00 UTC,MOVEUSDT,0.012160,0.012190,0.012030,0.012150,-0.000010,-0.082237,-0.082237,1.315789,58.870384,1251,-1675,-57.245386,9955834.000000,-2740773.000000,-21.586657,120710.879560,-33662.594330,-21.805945,3434022.000000,41664.770060,79046.109500,34.516168,222854179.000000,2710512.980007,2127712.000000,0.963959,42806.278051,1.604610,1.760100,0.011300,0.646157,63.770000,36.230000,1.242500,0.024300,1.994746,55.410000,44.590000,1.370800,-0.001100,-0.080181,57.820000,42.180000,binance_kline_quote_asset_volume,0.000000,0.000000,0.000000,0.000000,OK
48,2026-06-08 05:30:00 UTC,MOVEUSDT,0.012140,0.012180,0.012050,0.012150,0.000000,0.000000,0.082372,1.070840,58.870384,858,-393,-31.414868,6394575.000000,-3561259.000000,-35.770574,77477.737530,-43233.142030,-35.815448,4043863.000000,49005.126940,28472.610590,63.250591,223130552.000000,2712676.216357,276373.000000,0.124015,2163.236350,0.079809,1.719600,-0.040500,-2.301006,63.230000,36.770000,1.242100,-0.000400,-0.032193,55.400000,44.600000,1.361300,-0.009500,-0.693026,57.650000,42.350000,binance_kline_quote_asset_volume,0.000000,0.000000,0.000000,0.000000,OK
49,2026-06-08 05:45:00 UTC,MOVEUSDT,0.012150,0.012440,0.012140,0.012420,0.000270,2.222222,2.222222,2.469136,68.272738,1303,445,51.864802,10875503.000000,4480928.000000,70.073899,133472.352580,55994.615050,72.271877,6443798.000000,79029.504120,54442.848460,59.210393,223479845.000000,2717684.759882,349293.000000,0.156542,5008.543525,0.184635,1.721100,0.001500,0.087230,63.250000,36.750000,1.234600,-0.007500,-0.603816,55.250000,44.750000,1.358500,-0.002800,-0.205686,57.600000,42.400000,binance_kline_quote_asset_volume,0.000000,0.000000,0.000000,0.000000,OK
50,2026-06-08 06:00:00 UTC,MOVEUSDT,0.012430,0.012530,0.012400,0.012410,-0.000010,-0.080515,-0.160901,1.045857,67.655847,2090,787,60.399079,15691126.000000,4815623.000000,44.279543,195644.508900,62172.156320,46.580550,7652656.000000,95455.013050,100189.495850,48.790029,226249212.000000,2810402.099193,2769367.000000,1.239202,92717.339310,3.411630,1.702000,-0.019100,-1.109755,62.990000,37.010000,1.226300,-0.008300,-0.672283,55.080000,44.920000,1.351800,-0.006700,-0.493191,57.480000,42.520000,binance_kline_quote_asset_volume,0.000000,0.000000,0.000000,0.000000,OK
51,2026-06-08 06:15:00 UTC,MOVEUSDT,0.012410,0.012590,0.012410,0.012560,0.000150,1.208703,1.208703,1.450443,71.775520,1532,-558,-26.698565,13006513.000000,-2684613.000000,-17.109116,162746.510320,-32897.998580,-16.815191,6621634.000000,82879.382280,79867.128040,50.925444,225635334.000000,2806246.956138,-613878.000000,-0.271328,-4155.143054,-0.147849,1.760900,0.058900,3.460635,63.780000,36.220000,1.219300,-0.007000,-0.570823,54.940000,45.060000,1.391800,0.040000,2.959018,58.190000,41.810000,binance_kline_quote_asset_volume,0.000000,0.000000,0.000000,0.000000,OK
52,2026-06-08 06:30:00 UTC,MOVEUSDT,0.012570,0.012600,0.012480,0.012600,0.000040,0.318471,0.238663,0.954654,72.771486,984,-548,-35.770235,9090390.000000,-3916123.000000,-30.108938,114133.275440,-48613.234880,-29.870524,4535055.000000,56963.990020,57169.285420,49.910063,224271771.000000,2816853.443760,-1363563.000000,-0.604322,10606.487622,0.377960,1.748000,-0.012900,-0.732580,63.610000,36.390000,1.188900,-0.030400,-2.493234,54.320000,45.680000,1.378700,-0.013100,-0.941227,57.960000,42.040000,binance_kline_quote_asset_volume,0.000000,0.000000,0.000000,0.000000,OK
53,2026-06-08 06:45:00 UTC,MOVEUSDT,0.012600,0.012640,0.012450,0.012470,-0.000130,-1.031746,-1.031746,1.507937,64.771809,1598,614,62.398374,15320771.000000,6230381.000000,68.538105,192361.822010,78228.546570,68.541402,6280717.000000,79019.387640,113342.434370,41.078519,223135648.000000,2811509.164800,-1136123.000000,-0.506583,-5344.278960,-0.189725,1.744200,-0.003800,-0.217391,63.560000,36.440000,1.181700,-0.007200,-0.605602,54.160000,45.840000,1.388300,0.009600,0.696308,58.130000,41.870000,binance_kline_quote_asset_volume,0.000000,0.000000,0.000000,0.000000,OK
54,2026-06-08 07:00:00 UTC,MOVEUSDT,0.012480,0.012650,0.012460,0.012530,0.000060,0.481155,0.400641,1.522436,66.596924,1564,-34,-2.127660,14071226.000000,-1249545.000000,-8.155888,176452.874960,-15908.947050,-8.270325,7688713.000000,96510.496660,79942.378300,54.694771,222271968.000000,2771904.813095,-863680.000000,-0.387065,-39604.351705,-1.408651,1.759400,0.015200,0.871460,63.760000,36.240000,1.169200,-0.012500,-1.057798,53.900000,46.100000,1.402100,0.013800,0.994021,58.370000,41.630000,binance_kline_quote_asset_volume,0.000000,0.000000,0.000000,0.000000,OK
55,2026-06-08 07:15:00 UTC,MOVEUSDT,0.012520,0.012690,0.012470,0.012580,0.000050,0.399042,0.479233,1.757188,68.080988,1306,-258,-16.496164,15267798.000000,1196572.000000,8.503680,192638.776100,16185.901140,9.172931,7871706.000000,99273.489500,93365.286600,51.533493,223115248.000000,2795634.057440,843280.000000,0.379391,23729.244345,0.856063,1.714400,-0.045000,-2.557690,63.160000,36.840000,1.174100,0.004900,0.419090,54.000000,46.000000,1.367400,-0.034700,-2.474859,57.760000,42.240000,binance_kline_quote_asset_volume,0.000000,0.000000,0.000000,0.000000,OK
56,2026-06-08 07:30:00 UTC,MOVEUSDT,0.012580,0.012720,0.012580,0.012710,0.000130,1.033386,1.033386,1.112878,71.612434,1135,-171,-13.093415,9845954.000000,-5421844.000000,-35.511630,124466.385220,-68172.390880,-35.388717,5593643.000000,70747.940090,53718.445130,56.841002,224558601.000000,2825342.423718,1443353.000000,0.646909,29708.366278,1.062670,1.682400,-0.032000,-1.866542,62.720000,37.280000,1.181000,0.006900,0.587684,54.150000,45.850000,1.346300,-0.021100,-1.543074,57.380000,42.620000,binance_kline_quote_asset_volume,0.000000,0.000000,0.000000,0.000000,OK
57,2026-06-08 07:45:00 UTC,MOVEUSDT,0.012710,0.012810,0.012680,0.012710,0.000000,0.000000,0.000000,1.022817,71.612434,2048,913,80.440529,19606271.000000,9760317.000000,99.130232,249925.598580,125459.213360,100.797668,10940508.000000,139531.171540,110394.427040,55.829084,225172051.000000,2861936.768210,613450.000000,0.273180,36594.344492,1.295218,1.693200,0.010800,0.641940,62.870000,37.130000,1.179600,-0.001400,-0.118544,54.120000,45.880000,1.365200,0.018900,1.403848,57.720000,42.280000,binance_kline_quote_asset_volume,0.000000,0.000000,0.000000,0.000000,OK
58,2026-06-08 08:00:00 UTC,MOVEUSDT,0.012710,0.012900,0.012650,0.012810,0.000100,0.786782,0.786782,1.966955,74.162650,2180,132,6.445312,23858128.000000,4251857.000000,21.686209,304813.137750,54887.539170,21.961552,14250750.000000,182031.438890,122781.698860,59.719027,226776837.000000,2882034.252845,1604786.000000,0.712693,20097.484635,0.702234,1.687400,-0.005800,-0.342547,62.790000,37.210000,1.130500,-0.049100,-4.162428,53.060000,46.940000,1.375900,0.010700,0.783768,57.910000,42.090000,binance_kline_quote_asset_volume,0.000000,0.000000,0.000000,0.000000,OK
59,2026-06-08 08:15:00 UTC,MOVEUSDT,0.012790,0.012830,0.012730,0.012790,-0.000020,-0.156128,0.000000,0.781861,72.754899,1515,-665,-30.504587,13375710.000000,-10482418.000000,-43.936465,171037.246740,-133775.891010,-43.887836,5800204.000000,74168.529190,96868.717550,43.363963,225998020.000000,2896209.825904,-778817.000000,-0.343429,14175.573059,0.491860,1.658900,-0.028500,-1.688989,62.390000,37.610000,1.127300,-0.003200,-0.283061,52.990000,47.010000,1.363500,-0.012400,-0.901228,57.690000,42.310000,binance_kline_quote_asset_volume,0.000000,0.000000,0.000000,0.000000,OK
60,2026-06-08 08:30:00 UTC,MOVEUSDT,0.012800,0.012830,0.012670,0.012680,-0.000110,-0.860047,-0.937500,1.250000,65.401690,1776,261,17.227723,11783696.000000,-1592014.000000,-11.902277,150140.941830,-20896.304910,-12.217400,3776478.000000,48155.601020,101985.340810,32.073597,224857665.000000,2879662.172589,-1140355.000000,-0.504586,-16547.653315,-0.571355,1.664500,0.005600,0.337573,62.470000,37.530000,1.119200,-0.008100,-0.718531,52.810000,47.190000,1.358500,-0.005000,-0.366703,57.600000,42.400000,binance_kline_quote_asset_volume,0.000000,0.000000,0.000000,0.000000,OK
61,2026-06-08 08:45:00 UTC,MOVEUSDT,0.012680,0.013630,0.012600,0.013010,0.000330,2.602524,2.602524,8.123028,73.918149,12175,10399,585.529279,168361422.000000,156577726.000000,1328.765830,2202156.396100,2052015.454270,1366.726110,86233422.000000,1128419.440430,1073736.955670,51.241567,225548041.000000,2862202.384810,690376.000000,0.307028,-17459.787779,-0.606314,1.663100,-0.001400,-0.084109,62.450000,37.550000,1.117400,-0.001800,-0.160829,52.770000,47.230000,1.373000,0.014500,1.067354,57.860000,42.140000,binance_kline_quote_asset_volume,0.000000,0.000000,0.000000,0.000000,OK
62,2026-06-08 09:00:00 UTC,MOVEUSDT,0.013010,0.013360,0.012940,0.012950,-0.000060,-0.461184,-0.461184,3.228286,70.519283,8923,-3252,-26.710472,98859392.000000,-69502030.000000,-41.281446,1296697.217200,-905459.178900,-41.116933,44418481.000000,583010.381510,713686.835690,44.961181,241143017.000000,3134859.221000,15594976.000000,6.914259,272656.836190,9.526120,1.642000,-0.021100,-1.268715,62.150000,37.850000,1.132400,0.015000,1.342402,53.100000,46.900000,1.331000,-0.042000,-3.058995,57.100000,42.900000,binance_kline_quote_asset_volume,0.000000,0.000000,0.000000,0.000000,OK
63,2026-06-08 09:15:00 UTC,MOVEUSDT,0.012950,0.013150,0.012800,0.013040,0.000090,0.694981,0.694981,2.702703,72.557640,4304,-4619,-51.765101,42176273.000000,-56683119.000000,-57.337111,547605.929540,-749091.287660,-57.769175,21296501.000000,276798.383810,270807.545730,50.547003,255857529.000000,3318472.151130,14714512.000000,6.101986,183612.930130,5.857135,1.682400,0.040400,2.460414,62.720000,37.280000,1.198100,0.065700,5.801837,54.510000,45.490000,1.466100,0.135100,10.150263,59.450000,40.550000,binance_kline_quote_asset_volume,0.000000,0.000000,0.000000,0.000000,OK
64,2026-06-08 09:30:00 UTC,MOVEUSDT,0.013050,0.013120,0.012860,0.012900,-0.000140,-1.073620,-1.149425,1.992337,65.025845,3411,-893,-20.748141,35671932.000000,-6504341.000000,-15.421801,463528.779800,-84077.149740,-15.353586,16098628.000000,209379.093170,254149.686630,45.170678,257993457.000000,3361654.744710,2135928.000000,0.834811,43182.593580,1.301279,1.677400,-0.005000,-0.297194,62.650000,37.350000,1.216800,0.018700,1.560805,54.890000,45.110000,1.473400,0.007300,0.497920,59.570000,40.430000,binance_kline_quote_asset_volume,0.000000,0.000000,0.000000,0.000000,OK
65,2026-06-08 09:45:00 UTC,MOVEUSDT,0.012910,0.013330,0.012900,0.013190,0.000290,2.248062,2.168861,3.330751,71.601824,2995,-416,-12.195837,36442947.000000,771015.000000,2.161405,477813.294350,14284.514550,3.081689,19748998.000000,258849.573490,218963.720860,54.173791,256385070.000000,3333236.656563,-1608387.000000,-0.623422,-28418.088147,-0.845360,1.667400,-0.010000,-0.596161,62.510000,37.490000,1.208500,-0.008300,-0.682117,54.720000,45.280000,1.491900,0.018500,1.255599,59.870000,40.130000,binance_kline_quote_asset_volume,0.000000,0.000000,0.000000,0.000000,OK
66,2026-06-08 10:00:00 UTC,MOVEUSDT,0.013200,0.013470,0.013150,0.013390,0.000200,1.516300,1.439394,2.424242,75.081592,4366,1371,45.776294,46777361.000000,10334414.000000,28.357789,622268.941540,144455.647190,30.232655,25445613.000000,338596.820180,283672.121360,54.413261,261482882.000000,3454554.947255,5097812.000000,1.988342,121318.290692,3.639654,1.702700,0.035300,2.117068,63.000000,37.000000,1.214400,0.005900,0.488209,54.840000,45.160000,1.503800,0.011900,0.797641,60.060000,39.940000,binance_kline_quote_asset_volume,0.000000,0.000000,0.000000,0.000000,OK
67,2026-06-08 10:15:00 UTC,MOVEUSDT,0.013380,0.013720,0.013120,0.013690,0.000300,2.240478,2.316891,4.484305,79.198968,5346,980,22.446175,78445134.000000,31667773.000000,67.698930,1051634.217920,429365.276380,68.999953,36155643.000000,485145.238920,566488.979000,46.132508,267332564.000000,3579583.031960,5849682.000000,2.237119,125028.084705,3.619224,1.652500,-0.050200,-2.948259,62.300000,37.700000,1.189200,-0.025200,-2.075099,54.320000,45.680000,1.472800,-0.031000,-2.061444,59.560000,40.440000,binance_kline_quote_asset_volume,0.000000,0.000000,0.000000,0.000000,OK
68,2026-06-08 10:30:00 UTC,MOVEUSDT,0.013690,0.014950,0.013660,0.014550,0.000860,6.281958,6.281958,9.422936,86.225468,20616,15270,285.634119,247849488.000000,169404354.000000,215.952661,3560485.454740,2508851.236820,238.566908,122131859.000000,1756394.999210,1804090.455530,49.330211,285618766.000000,3918895.115032,18286202.000000,6.840245,339312.083072,9.479095,1.609600,-0.042900,-2.596067,61.680000,38.320000,1.266600,0.077400,6.508577,55.880000,44.120000,1.426000,-0.046800,-3.177621,58.780000,41.220000,binance_kline_quote_asset_volume,0.000000,0.000000,0.000000,0.000000,OK
69,2026-06-08 10:45:00 UTC,MOVEUSDT,0.014550,0.015960,0.014470,0.015660,0.001110,7.628866,7.628866,10.240550,90.626573,34237,13621,66.070043,388994398.000000,141144910.000000,56.947832,6000608.411840,2440122.957100,68.533434,200397277.000000,3085467.579880,2915140.831960,51.419246,334945081.000000,4919087.195836,49326315.000000,17.269984,1000192.080805,25.522298,1.478900,-0.130700,-8.120030,59.660000,40.340000,1.228200,-0.038400,-3.031739,55.120000,44.880000,1.321300,-0.104700,-7.342216,56.920000,43.080000,binance_kline_quote_asset_volume,0.000000,0.000000,0.000000,0.000000,OK
70,2026-06-08 11:00:00 UTC,MOVEUSDT,0.015650,0.016530,0.015200,0.015460,-0.000200,-1.277139,-1.214058,8.498403,85.335929,41404,7167,20.933493,417552655.000000,28558257.000000,7.341560,6605755.894710,605147.482870,10.084769,210817710.000000,3335379.948610,3270375.946100,50.492025,392179220.000000,6141526.585200,57234139.000000,17.087619,1222439.389364,24.850940,1.296700,-0.182200,-12.319968,56.460000,43.540000,1.214200,-0.014000,-1.139879,54.840000,45.160000,1.216300,-0.105000,-7.946719,54.880000,45.120000,binance_kline_quote_asset_volume,0.000000,0.000000,0.000000,0.000000,OK
71,2026-06-08 11:15:00 UTC,MOVEUSDT,0.015470,0.015890,0.015170,0.015380,-0.000080,-0.517464,-0.581771,4.654169,83.242573,23801,-17603,-42.515216,231732229.000000,-185820426.000000,-44.502274,3595525.737100,-3010230.157610,-45.569806,116520100.000000,1809170.301620,1786355.435480,50.317267,396223011.000000,6182168.584880,4043791.000000,1.031108,40641.999680,0.661757,1.277900,-0.018800,-1.449834,56.100000,43.900000,1.237500,0.023300,1.918959,55.310000,44.690000,1.227200,0.010900,0.896160,55.100000,44.900000,binance_kline_quote_asset_volume,0.000000,0.000000,0.000000,0.000000,OK
72,2026-06-08 11:30:00 UTC,MOVEUSDT,0.015390,0.015590,0.014880,0.015040,-0.000340,-2.210663,-2.274204,4.613385,74.839890,16387,-7414,-31.149952,173116295.000000,-58615934.000000,-25.294684,2638589.407120,-956936.329980,-26.614643,84063748.000000,1283405.623920,1355183.783200,48.639838,403446612.000000,6217729.564236,7223601.000000,1.823115,35560.979356,0.575219,1.337500,0.059600,4.663902,57.220000,42.780000,1.293800,0.056300,4.549495,56.400000,43.600000,1.271700,0.044500,3.626141,55.980000,44.020000,binance_kline_quote_asset_volume,0.000000,0.000000,0.000000,0.000000,OK
73,2026-06-08 11:45:00 UTC,MOVEUSDT,0.015040,0.015150,0.014830,0.015020,-0.000020,-0.132979,-0.132979,2.127660,74.364366,15143,-1244,-7.591383,154248428.000000,-18867867.000000,-10.898955,2313037.021840,-325552.385280,-12.338122,80466600.000000,1207616.188060,1105420.833780,52.209116,397919636.000000,6004591.390455,-5526976.000000,-1.369940,-213138.173782,-3.427910,1.352900,0.015400,1.151402,57.500000,42.500000,1.325300,0.031500,2.434689,56.990000,43.010000,1.257800,-0.013900,-1.093025,55.710000,44.290000,binance_kline_quote_asset_volume,0.000000,0.000000,0.000000,0.000000,OK
74,2026-06-08 12:00:00 UTC,MOVEUSDT,0.015020,0.015130,0.014660,0.014740,-0.000280,-1.864181,-1.864181,3.129161,67.863258,19291,4148,27.392194,202980197.000000,48731769.000000,31.593041,3013763.283110,700726.261270,30.294641,102741910.000000,1527026.072780,1486737.210330,50.668415,398621321.000000,5991278.454630,701685.000000,0.176338,-13312.935825,-0.221713,1.322900,-0.030000,-2.217459,56.950000,43.050000,1.265000,-0.060300,-4.549913,55.850000,44.150000,1.245200,-0.012600,-1.001749,55.460000,44.540000,binance_kline_quote_asset_volume,0.000000,0.000000,0.000000,0.000000,OK
75,2026-06-08 12:15:00 UTC,MOVEUSDT,0.014740,0.014860,0.014420,0.014660,-0.000080,-0.542741,-0.542741,2.985075,66.085608,11677,-7614,-39.469183,123214839.000000,-79765358.000000,-39.297113,1806726.746010,-1207036.537100,-40.050808,57348753.000000,841832.691720,964894.054290,46.594356,410001138.000000,6051616.796880,11379817.000000,2.854794,60338.342250,1.007103,1.254800,-0.068100,-5.147781,55.650000,44.350000,1.316800,0.051800,4.094862,56.840000,43.160000,1.171100,-0.074100,-5.950851,53.940000,46.060000,binance_kline_quote_asset_volume,0.000000,0.000000,0.000000,0.000000,OK
76,2026-06-08 12:30:00 UTC,MOVEUSDT,0.014660,0.014840,0.014510,0.014730,0.000070,0.477490,0.477490,2.251023,66.902564,8558,-3119,-26.710628,82826022.000000,-40388817.000000,-32.779183,1215822.655540,-590904.090470,-32.705781,42702348.000000,627466.991680,588355.663860,51.608431,412695816.000000,6065576.120869,2694678.000000,0.657237,13959.323989,0.230671,1.268600,0.013800,1.099777,55.920000,44.080000,1.352700,0.035900,2.726306,57.500000,42.500000,1.185800,0.014700,1.255230,54.250000,45.750000,binance_kline_quote_asset_volume,0.000000,0.000000,0.000000,0.000000,OK
77,2026-06-08 12:45:00 UTC,MOVEUSDT,0.014730,0.014830,0.014460,0.014600,-0.000130,-0.882553,-0.882553,2.511881,63.827513,7650,-908,-10.609956,67514707.000000,-15311315.000000,-18.486117,987357.697950,-228464.957590,-18.790977,28817335.000000,421848.984350,565508.713600,42.725041,424075473.000000,6250872.472020,11379657.000000,2.757396,185296.351151,3.054885,1.270700,0.002100,0.165537,55.960000,44.040000,1.376700,0.024000,1.774229,57.920000,42.080000,1.187700,0.001900,0.160229,54.290000,45.710000,binance_kline_quote_asset_volume,0.000000,0.000000,0.000000,0.000000,OK
78,2026-06-08 13:00:00 UTC,MOVEUSDT,0.014590,0.014710,0.014540,0.014620,0.000020,0.136986,0.205620,1.165182,64.100892,5307,-2343,-30.627451,51289510.000000,-16225197.000000,-24.032093,750513.158540,-236844.539410,-23.987714,27281688.000000,399414.359560,351098.798980,53.218835,429755895.000000,6265123.256755,5680422.000000,1.339484,14250.784735,0.227981,1.257300,-0.013400,-1.054537,55.700000,44.300000,1.376600,-0.000100,-0.007264,57.920000,42.080000,1.187700,0.000000,0.000000,54.290000,45.710000,binance_kline_quote_asset_volume,0.000000,0.000000,0.000000,0.000000,OK
79,2026-06-08 13:15:00 UTC,MOVEUSDT,0.014620,0.014640,0.014350,0.014400,-0.000220,-1.504788,-1.504788,1.983584,58.833582,11070,5763,108.592425,95541064.000000,44251554.000000,86.277982,1383130.450690,632617.292150,84.291299,45748686.000000,662842.098090,720288.352600,47.923325,438477545.000000,6385167.012371,8721650.000000,2.029443,120043.755615,1.916064,1.255300,-0.002000,-0.159071,55.660000,44.340000,1.365400,-0.011200,-0.813599,57.720000,42.280000,1.191100,0.003400,0.286268,54.360000,45.640000,binance_kline_quote_asset_volume,0.000000,0.000000,0.000000,0.000000,OK
80,2026-06-08 13:30:00 UTC,MOVEUSDT,0.014400,0.014540,0.014320,0.014460,0.000060,0.416667,0.416667,1.527778,59.803699,5420,-5650,-51.038844,49101563.000000,-46439501.000000,-48.606849,707941.355180,-675189.095510,-48.816010,23931493.000000,345435.260050,362506.095130,48.794333,436901946.000000,6294441.967003,-1575599.000000,-0.359334,-90725.045368,-1.420872,1.251700,-0.003600,-0.286784,55.590000,44.410000,1.336600,-0.028800,-2.109272,57.200000,42.800000,1.193000,0.001900,0.159516,54.400000,45.600000,binance_kline_quote_asset_volume,0.000000,0.000000,0.000000,0.000000,OK
81,2026-06-08 13:45:00 UTC,MOVEUSDT,0.014470,0.014710,0.014370,0.014520,0.000060,0.414938,0.345543,2.349689,60.798572,7754,2334,43.062731,84681585.000000,35580022.000000,72.462097,1231583.622430,523642.267250,73.966899,42782369.000000,622660.844820,608922.777610,50.557740,442181469.000000,6393944.041740,5279523.000000,1.208400,99502.074737,1.580793,1.237600,-0.014100,-1.126468,55.310000,44.690000,1.334800,-0.001800,-0.134670,57.170000,42.830000,1.166400,-0.026600,-2.229673,53.840000,46.160000,binance_kline_quote_asset_volume,0.000000,0.000000,0.000000,0.000000,OK
82,2026-06-08 14:00:00 UTC,MOVEUSDT,0.014520,0.014590,0.014390,0.014460,-0.000060,-0.413223,-0.413223,1.377410,59.220106,5903,-1851,-23.871550,66947264.000000,-17734321.000000,-20.942358,969069.064050,-262514.558380,-21.315204,28264385.000000,409540.183050,559528.881000,42.261197,447347864.000000,6491531.956684,5166395.000000,1.168388,97587.914944,1.526255,1.276300,0.038700,3.127020,56.070000,43.930000,1.333400,-0.001400,-0.104885,57.140000,42.860000,1.218300,0.051900,4.449588,54.920000,45.080000,binance_kline_quote_asset_volume,0.000000,0.000000,0.000000,0.000000,OK
83,2026-06-08 14:15:00 UTC,MOVEUSDT,0.014460,0.014460,0.014020,0.014070,-0.000390,-2.697095,-2.697095,3.042877,50.112821,10939,5036,85.312553,117191301.000000,50244037.000000,75.050172,1661495.230110,692426.166060,71.452716,42593152.000000,603845.426320,1057649.803790,36.343494,446417152.000000,6459781.186243,-930712.000000,-0.208051,-31750.770441,-0.489111,1.270700,-0.005600,-0.438768,55.960000,44.040000,1.339100,0.005700,0.427479,57.250000,42.750000,1.223200,0.004900,0.402200,55.020000,44.980000,binance_kline_quote_asset_volume,0.000000,0.000000,0.000000,0.000000,OK
84,2026-06-08 14:30:00 UTC,MOVEUSDT,0.014070,0.014130,0.013940,0.014000,-0.000070,-0.497512,-0.497512,1.350391,48.666167,6502,-4437,-40.561294,77165048.000000,-40026253.000000,-34.154628,1083227.383690,-578267.846420,-34.804063,35848778.000000,503568.665210,579658.718480,46.487808,452135812.000000,6352318.261559,5718660.000000,1.281013,-107462.924684,-1.663569,1.258900,-0.011800,-0.928622,55.730000,44.270000,1.313300,-0.025800,-1.926667,56.770000,43.230000,1.182900,-0.040300,-3.294637,54.190000,45.810000,binance_kline_quote_asset_volume,0.000000,0.000000,0.000000,0.000000,OK
85,2026-06-08 14:45:00 UTC,MOVEUSDT,0.013980,0.014090,0.013980,0.014070,0.000070,0.500000,0.643777,0.786838,50.213944,3836,-2666,-41.002768,36359837.000000,-40805211.000000,-52.880432,510664.338760,-572563.044930,-52.857143,19146380.000000,269009.588680,241654.750080,52.678358,463003857.000000,6468163.882290,10868045.000000,2.403712,115845.620731,1.823675,1.273800,0.014900,1.183573,56.020000,43.980000,1.305100,-0.008200,-0.624381,56.620000,43.380000,1.162200,-0.020700,-1.749937,53.750000,46.250000,binance_kline_quote_asset_volume,0.000000,0.000000,0.000000,0.000000,OK
86,2026-06-08 15:00:00 UTC,MOVEUSDT,0.014070,0.014110,0.013980,0.014050,-0.000020,-0.142146,-0.142146,0.923952,49.752376,3915,79,2.059437,32701654.000000,-3658183.000000,-10.061054,459122.504990,-51541.833770,-10.093094,14713744.000000,206627.370130,252495.134860,45.004845,465627815.000000,6555713.695729,2623958.000000,0.566725,87549.813439,1.353550,1.277900,0.004100,0.321872,56.100000,43.900000,1.294800,-0.010300,-0.789212,56.420000,43.580000,1.170100,0.007900,0.679745,53.920000,46.080000,binance_kline_quote_asset_volume,0.000000,0.000000,0.000000,0.000000,OK
87,2026-06-08 15:15:00 UTC,MOVEUSDT,0.014040,0.014080,0.013770,0.013830,-0.000220,-1.565836,-1.495726,2.207977,44.866824,5508,1593,40.689655,53824956.000000,21123302.000000,64.593987,749975.704810,290853.199820,63.349802,17894392.000000,249724.467960,500251.236850,33.297674,469686102.000000,6611179.453365,4058287.000000,0.871573,55465.757636,0.846067,1.295200,0.017300,1.353784,56.430000,43.570000,1.286000,-0.008800,-0.679642,56.260000,43.740000,1.185300,0.015200,1.299034,54.240000,45.760000,binance_kline_quote_asset_volume,0.000000,0.000000,0.000000,0.000000,OK
88,2026-06-08 15:30:00 UTC,MOVEUSDT,0.013820,0.013870,0.013750,0.013860,0.000030,0.216920,0.289436,0.868307,45.650575,4891,-617,-11.201888,41408661.000000,-12416295.000000,-23.067915,571976.750480,-177998.954330,-23.733963,21414401.000000,295989.173740,275987.576740,51.748462,472565879.000000,6522533.836992,2879777.000000,0.613128,-88645.616373,-1.340844,1.303600,0.008400,0.648548,56.590000,43.410000,1.291300,0.005300,0.412131,56.360000,43.640000,1.183900,-0.001400,-0.118114,54.210000,45.790000,binance_kline_quote_asset_volume,0.000000,0.000000,0.000000,0.000000,OK
89,2026-06-08 15:45:00 UTC,MOVEUSDT,0.013860,0.013880,0.013730,0.013820,-0.000040,-0.288600,-0.288600,1.082251,44.737389,4287,-604,-12.349213,35817031.000000,-5591630.000000,-13.503528,494248.284510,-77728.465970,-13.589445,18346266.000000,253291.667010,240956.617500,51.247860,471450408.000000,6531516.382969,-1115471.000000,-0.236046,8982.545977,0.137716,1.298300,-0.005300,-0.406566,56.490000,43.510000,1.269100,-0.022200,-1.719198,55.930000,44.070000,1.181000,-0.002900,-0.244953,54.150000,45.850000,binance_kline_quote_asset_volume,0.000000,0.000000,0.000000,0.000000,OK
90,2026-06-08 16:00:00 UTC,MOVEUSDT,0.013810,0.013970,0.013770,0.013850,0.000030,0.217077,0.289645,1.448226,45.616067,4718,431,10.053651,47998524.000000,12181493.000000,34.010337,665129.138540,170880.854030,34.573889,26285246.000000,364318.404800,300810.733740,54.774086,467380015.000000,6453270.102510,-4070393.000000,-0.863377,-78246.280459,-1.197980,1.286800,-0.011500,-0.885774,56.270000,43.730000,1.266900,-0.002200,-0.173351,55.890000,44.110000,1.164500,-0.016500,-1.397121,53.800000,46.200000,binance_kline_quote_asset_volume,0.000000,0.000000,0.000000,0.000000,OK
91,2026-06-08 16:15:00 UTC,MOVEUSDT,0.013850,0.013970,0.013840,0.013920,0.000070,0.505415,0.505415,0.938628,47.705440,2871,-1847,-39.147944,24492922.000000,-23505602.000000,-48.971510,341038.175660,-324090.962880,-48.726021,14752758.000000,205404.846790,135633.328870,60.229283,465397696.000000,6439605.532059,-1982319.000000,-0.424134,-13664.570451,-0.211746,1.271700,-0.015100,-1.173454,55.980000,44.020000,1.279500,0.012600,0.994554,56.130000,43.870000,1.185300,0.020800,1.786174,54.240000,45.760000,binance_kline_quote_asset_volume,0.000000,0.000000,0.000000,0.000000,OK
92,2026-06-08 16:30:00 UTC,MOVEUSDT,0.013910,0.013950,0.013540,0.013620,-0.000300,-2.155172,-2.084831,2.947520,40.520431,4460,1589,55.346569,55898763.000000,31405841.000000,128.224150,766804.287470,425766.111810,124.844121,18439298.000000,253132.357770,513671.929700,33.011338,467732686.000000,6506372.141969,2334990.000000,0.501719,66766.609910,1.036812,1.286200,0.014500,1.140206,56.260000,43.740000,1.278800,-0.000700,-0.054709,56.120000,43.880000,1.202600,0.017300,1.459546,54.600000,45.400000,binance_kline_quote_asset_volume,0.000000,0.000000,0.000000,0.000000,OK
93,2026-06-08 16:45:00 UTC,MOVEUSDT,0.013610,0.013660,0.013580,0.013620,0.000000,0.000000,0.073475,0.587803,40.520431,2930,-1530,-34.304933,15970154.000000,-39928609.000000,-71.430219,217522.397850,-549281.889620,-71.632605,8421255.000000,114751.487700,102770.910150,52.753872,461569070.000000,6285799.913053,-6163616.000000,-1.317765,-220572.228916,-3.390095,1.328300,0.042100,3.273208,57.050000,42.950000,1.273400,-0.005400,-0.422271,56.010000,43.990000,1.219800,0.017200,1.430234,54.950000,45.050000,binance_kline_quote_asset_volume,0.000000,0.000000,0.000000,0.000000,OK
94,2026-06-08 17:00:00 UTC,MOVEUSDT,0.013610,0.013720,0.013550,0.013670,0.000050,0.367107,0.440852,1.249082,42.203037,3851,921,31.433447,33811333.000000,17841179.000000,111.715761,460996.831980,243474.434130,111.930742,19283846.000000,263041.177340,197955.654640,57.059216,461352078.000000,6277022.581165,-216992.000000,-0.047012,-8777.331888,-0.139637,1.332600,0.004300,0.323722,57.130000,42.870000,1.283100,0.009700,0.761740,56.200000,43.800000,1.224700,0.004900,0.401705,55.050000,44.950000,binance_kline_quote_asset_volume,0.000000,0.000000,0.000000,0.000000,OK
95,2026-06-08 17:15:00 UTC,MOVEUSDT,0.013670,0.013880,0.013670,0.013820,0.000150,1.097293,1.097293,1.536211,47.043021,3336,-515,-13.373150,25454464.000000,-8356869.000000,-24.716177,351424.066540,-109572.765440,-23.768659,16628061.000000,229506.118490,121917.948050,65.307456,464487206.000000,6360362.657920,3135128.000000,0.679552,83340.076754,1.327701,1.319100,-0.013500,-1.013057,56.880000,43.120000,1.282400,-0.000700,-0.054555,56.190000,43.810000,1.232600,0.007900,0.645056,55.210000,44.790000,binance_kline_quote_asset_volume,0.000000,0.000000,0.000000,0.000000,OK
96,2026-06-08 17:30:00 UTC,MOVEUSDT,0.013830,0.013920,0.013800,0.013890,0.000070,0.506512,0.433839,0.867679,49.181723,4066,730,21.882494,25650240.000000,195776.000000,0.769122,355606.506250,4182.439710,1.190140,14860781.000000,206070.843650,149535.662600,57.949121,466061084.000000,6435110.453665,1573878.000000,0.338842,74747.795745,1.175213,1.278400,-0.040700,-3.085437,56.110000,43.890000,1.267900,-0.014500,-1.130692,55.910000,44.090000,1.208000,-0.024600,-1.995781,54.710000,45.290000,binance_kline_quote_asset_volume,0.000000,0.000000,0.000000,0.000000,OK
97,2026-06-08 17:45:00 UTC,MOVEUSDT,0.013890,0.014240,0.013860,0.013940,0.000050,0.359971,0.359971,2.735781,50.712871,6106,2040,50.172159,74202855.000000,48552615.000000,189.287176,1040450.457530,684843.951280,192.584764,41060685.000000,575889.207710,464561.249820,55.349988,467506908.000000,6503016.415211,1445824.000000,0.310222,67905.961546,1.055242,1.275800,-0.002600,-0.203379,56.060000,43.940000,1.263700,-0.004200,-0.331256,55.820000,44.180000,1.207500,-0.000500,-0.041391,54.700000,45.300000,binance_kline_quote_asset_volume,0.000000,0.000000,0.000000,0.000000,OK
98,2026-06-08 18:00:00 UTC,MOVEUSDT,0.013950,0.013960,0.013860,0.013920,-0.000020,-0.143472,-0.215054,0.716846,50.063101,2342,-3764,-61.644284,16318139.000000,-57884716.000000,-78.008745,227107.354530,-813343.103000,-78.172209,6502722.000000,90535.938500,136571.416030,39.864820,465800749.000000,6508312.463260,-1706159.000000,-0.364948,5296.048049,0.081440,1.333200,0.057400,4.499138,57.140000,42.860000,1.228500,-0.035200,-2.785471,55.130000,44.870000,1.272200,0.064700,5.358178,55.990000,44.010000,binance_kline_quote_asset_volume,0.000000,0.000000,0.000000,0.000000,OK
99,2026-06-08 18:15:00 UTC,MOVEUSDT,0.013920,0.014060,0.013910,0.014040,0.000120,0.862069,0.862069,1.077586,53.881267,2002,-340,-14.517506,18273459.000000,1955320.000000,11.982494,255940.338740,28832.984210,12.695751,8150721.000000,114122.689360,141817.649380,44.589567,464953224.000000,6467271.518760,-847525.000000,-0.181950,-41040.944500,-0.630593,1.338100,0.004900,0.367537,57.230000,42.770000,1.238000,0.009500,0.773301,55.320000,44.680000,1.275300,0.003100,0.243672,56.050000,43.950000,binance_kline_quote_asset_volume,0.000000,0.000000,0.000000,0.000000,OK
100,2026-06-08 18:30:00 UTC,MOVEUSDT,0.014050,0.014050,0.014040,0.014040,0.000000,0.000000,-0.071174,0.071174,53.881267,39,-1963,-98.051948,202812.000000,-18070647.000000,-98.890128,2849.186830,-253091.151910,-98.886777,23579.000000,331.284950,2517.901880,11.627351,464953224.000000,6467271.518760,0.000000,0.000000,0.000000,0.000000,1.338100,0.000000,0.000000,57.230000,42.770000,1.238000,0.000000,0.000000,55.320000,44.680000,1.291500,0.016200,1.270289,56.360000,43.640000,binance_kline_quote_asset_volume,-15.000000,-15.000000,-15.000000,0.000000,OK

==================================================================================================================================LAST CANDLE SNAPSHOT — FULL DATA NEEDED FOR V3.2.1
==================================================================================================================================Candle Index        : 100
Time                : 2026-06-08 18:30:00 UTC
Close Time          : 2026-06-08 18:44:59 UTC
Symbol              : MOVEUSDT

[PRICE / RSI]
Open                : 0.01405000
High                : 0.01405000
Low                 : 0.01404000
Close               : 0.01404000
Close Change        : 0.00000000
Close Change %      : 0.0000%
Candle Body %       : -0.0712%
Price Range %       : 0.0712%
RSI(14)            : 53.88

[TRADES / VOLUME / QUOTE VOLUME]
Number of Trades    : 39
Trades Change       : -1963
Trades Change %     : -98.0519%
Volume              : 202812.00000000
Volume Change       : -18070647.00000000
Volume Change %     : -98.8901%
Quote Volume        : 2849.18683000
Quote Volume Change : -253091.15191000
Quote Volume Chg %  : -98.8868%
Quote Volume Source : binance_kline_quote_asset_volume
Taker Buy Base Vol  : 23579.00000000
Taker Buy Quote Vol : 331.28495000
Taker Sell Quote Vol: 2517.90188000
Taker Buy Quote %   : 11.6274%

[OPEN INTEREST]
Open Interest       : 464953224.00000000
OI Change           : 0.00000000
OI Change %         : 0.0000%
OI Value            : 6467271.51876024
OI Value Change     : 0.00000000
OI Value Change %   : 0.0000%

[TOP ACCOUNT L/S]
Top Acco L/S Ratio  : 1.33810000
Top Acco L/S Change : 0.00000000
Top Acco Chg %      : 0.0000%
Top Acco Long %     : 57.2300
Top Acco Short %    : 42.7700

[TOP POSITION L/S]
Top Posit L/S Ratio : 1.23800000
Top Posit L/S Change: 0.00000000
Top Posit Chg %     : 0.0000%
Top Posit Long %    : 55.3200
Top Posit Short %   : 44.6800

[GLOBAL L/S]
Global L/S Ratio    : 1.29150000
Global L/S Change   : 0.01620000
Global Chg %        : 1.2703%
Global Long %       : 56.3600
Global Short %      : 43.6400

[DATA QUALITY / TIMESTAMP MATCH]
OI Match Delta Min     : -15.0
Acco Match Delta Min   : -15.0
Posit Match Delta Min  : -15.0
Global Match Delta Min : 0.0
Data Quality           : OK

====================================================================================================
تمت الطباعة: 100 شمعة. كل صف في الجدول = شمعة واحدة.
RSI للسياق فقط. القرار البنيوي يعتمد على OI → Trades/Quote → L/S → Price Acceptance.
====================================================================================================

[Program finished]
