####################################################################################################
FETCHING BINANCE FUTURES DATA ...
####################################################################################################
SYMBOL     : NAORISUSDT
PERIOD     : 15m
LIMIT      : 100
RSI_PERIOD : 14
PRINT MODE : CSV_STYLE
NOTE       : EACH OUTPUT ROW = ONE ACTUAL KLINE CANDLE
####################################################################################################

============================================================================================================================================
ANALYSIS-READY CANDLE DATA FOR V3.2.1 | CSV STYLE | EACH ROW = ONE 15m CANDLE
============================================================================================================================================
candle_index,time,symbol,open,high,low,close,close_change,close_change_pct,candle_body_pct,price_range_pct,rsi,number_of_trades,trades_change,trades_change_pct,volume,volume_change,volume_change_pct,quote_volume,quote_volume_change,quote_volume_change_pct,taker_buy_base_volume,taker_buy_quote_volume,taker_sell_quote_volume,taker_buy_quote_pct,oi,oi_value,oi_change,oi_change_pct,oi_value_change,oi_value_change_pct,acco_ls_ratio,acco_ls_change,acco_ls_change_pct,acco_long_pct,acco_short_pct,posit_ls_ratio,posit_ls_change,posit_ls_change_pct,posit_long_pct,posit_short_pct,global_ls_ratio,global_ls_change,global_ls_change_pct,global_long_pct,global_short_pct,quote_volume_source,oi_match_delta_min,acco_match_delta_min,posit_match_delta_min,global_match_delta_min,data_quality1,2026-06-10 20:00:00 UTC,NAORISUSDT,0.029480,0.029490,0.029200,0.029420,0.000000,0.000000,-0.203528,0.983718,25.165563,432,0.000000,0.000000,367476.000000,0.000000,0.000000,10786.544880,0.000000,0.000000,121783.000000,3576.549680,7209.995200,33.157510,92822421.000000,2735101.744289,0.000000,0.000000,0.000000,0.000000,2.519900,0.000000,0.000000,71.590000,28.410000,1.927500,0.000000,0.000000,65.840000,34.160000,2.932400,0.000000,0.000000,74.570000,25.430000,binance_kline_quote_asset_volume,0.000000,0.000000,0.000000,0.000000,OK
2,2026-06-10 20:15:00 UTC,NAORISUSDT,0.029390,0.029710,0.029310,0.029650,0.000230,0.781781,0.884655,1.361007,35.711160,379,-53,-12.268519,383180.000000,15704.000000,4.273476,11331.830030,545.285150,5.055235,280951.000000,8312.903220,3018.926810,73.358877,92865077.000000,2730989.185527,42656.000000,0.045954,-4112.558762,-0.150362,2.516200,-0.003700,-0.146831,71.560000,28.440000,1.924400,-0.003100,-0.160830,65.810000,34.190000,2.935500,0.003100,0.105715,74.590000,25.410000,binance_kline_quote_asset_volume,0.000000,0.000000,0.000000,0.000000,OK
3,2026-06-10 20:30:00 UTC,NAORISUSDT,0.029610,0.029660,0.029410,0.029460,-0.000190,-0.640809,-0.506586,0.844309,31.732927,252,-127,-33.509235,234986.000000,-148194.000000,-38.674774,6934.458950,-4397.371080,-38.805480,107239.000000,3165.836820,3768.622130,45.653696,92940596.000000,2754273.186123,75519.000000,0.081321,23284.000596,0.852585,2.507500,-0.008700,-0.345759,71.490000,28.510000,1.927400,0.003000,0.155893,65.840000,34.160000,2.903200,-0.032300,-1.100324,74.380000,25.620000,binance_kline_quote_asset_volume,0.000000,0.000000,0.000000,0.000000,OK
4,2026-06-10 20:45:00 UTC,NAORISUSDT,0.029450,0.029490,0.029290,0.029460,0.000000,0.000000,0.033956,0.679117,31.732927,199,-53,-21.031746,123002.000000,-111984.000000,-47.655605,3615.175600,-3319.283350,-47.866508,62592.000000,1839.092410,1776.083190,50.871454,92949302.000000,2738286.436920,8706.000000,0.009367,-15986.749203,-0.580434,2.512500,0.005000,0.199402,71.530000,28.470000,1.925300,-0.002100,-0.108955,65.820000,34.180000,2.913900,0.010700,0.368559,74.450000,25.550000,binance_kline_quote_asset_volume,0.000000,0.000000,0.000000,0.000000,OK
5,2026-06-10 21:00:00 UTC,NAORISUSDT,0.029450,0.029600,0.029020,0.029150,-0.000310,-1.052274,-1.018676,1.969440,26.208303,511,312,156.783920,607308.000000,484306.000000,393.738313,17778.448040,14163.272440,391.772738,235621.000000,6906.133720,10872.314320,38.845538,92947313.000000,2738227.840980,-1989.000000,-0.002140,-58.595940,-0.002140,2.488000,-0.024500,-0.975124,71.330000,28.670000,1.925300,0.000000,0.000000,65.820000,34.180000,2.889500,-0.024400,-0.837366,74.290000,25.710000,binance_kline_quote_asset_volume,0.000000,0.000000,0.000000,0.000000,OK
6,2026-06-10 21:15:00 UTC,NAORISUSDT,0.029160,0.030140,0.029130,0.030130,0.000980,3.361921,3.326475,3.463649,53.669068,602,91,17.808219,588189.000000,-19119.000000,-3.148155,17400.219220,-378.228820,-2.127457,342066.000000,10116.544280,7283.674940,58.140327,92922742.000000,2707776.135699,-24571.000000,-0.026435,-30451.705281,-1.112095,2.494100,0.006100,0.245177,71.380000,28.620000,1.926400,0.001100,0.057134,65.830000,34.170000,2.877500,-0.012000,-0.415297,74.210000,25.790000,binance_kline_quote_asset_volume,0.000000,0.000000,0.000000,0.000000,OK
7,2026-06-10 21:30:00 UTC,NAORISUSDT,0.030110,0.030870,0.029840,0.030730,0.000600,1.991371,2.059117,3.420790,62.797347,695,93,15.448505,817286.000000,229097.000000,38.949555,24647.074490,7246.855270,41.648069,392717.000000,11840.425000,12806.649490,48.039880,92847806.000000,2798339.096556,-74936.000000,-0.080643,90562.960857,3.344551,2.471000,-0.023100,-0.926186,71.190000,28.810000,1.921600,-0.004800,-0.249169,65.770000,34.230000,2.870000,-0.007500,-0.260643,74.160000,25.840000,binance_kline_quote_asset_volume,0.000000,0.000000,0.000000,0.000000,OK
8,2026-06-10 21:45:00 UTC,NAORISUSDT,0.030790,0.032470,0.030750,0.031200,0.000470,1.529450,1.331601,5.586229,68.099441,2077,1382,198.848921,4052390.000000,3235104.000000,395.834995,127903.094880,103256.020390,418.938241,2146027.000000,67780.070510,60123.024370,52.993300,92768094.000000,2850763.528620,-79712.000000,-0.085852,52424.432064,1.873412,2.485500,0.014500,0.586807,71.310000,28.690000,1.915600,-0.006000,-0.312240,65.700000,34.300000,2.885000,0.015000,0.522648,74.260000,25.740000,binance_kline_quote_asset_volume,0.000000,0.000000,0.000000,0.000000,OK
9,2026-06-10 22:00:00 UTC,NAORISUSDT,0.031260,0.032940,0.030500,0.032450,0.001250,4.006410,3.806782,7.805502,77.346531,3593,1516,72.989889,4477752.000000,425362.000000,10.496571,143240.834430,15337.739550,11.991688,1961549.000000,62791.475690,80449.358740,43.836296,92099678.000000,2868131.332405,-668416.000000,-0.720524,17367.803785,0.609233,2.397900,-0.087600,-3.524442,70.570000,29.430000,1.940600,0.025000,1.305074,65.990000,34.010000,2.743900,-0.141100,-4.890815,73.290000,26.710000,binance_kline_quote_asset_volume,0.000000,0.000000,0.000000,0.000000,OK
10,2026-06-10 22:15:00 UTC,NAORISUSDT,0.032440,0.032640,0.031550,0.032060,-0.000390,-1.201849,-1.171393,3.360049,70.481807,2534,-1059,-29.473977,2938923.000000,-1538829.000000,-34.366106,94361.925470,-48878.908960,-34.123586,1452470.000000,46659.622290,47702.303180,49.447510,91945534.000000,2982634.969256,-154144.000000,-0.167366,114503.636851,3.992273,2.397900,0.000000,0.000000,70.570000,29.430000,1.942500,0.001900,0.097908,66.010000,33.990000,2.752300,0.008400,0.306134,73.350000,26.650000,binance_kline_quote_asset_volume,0.000000,0.000000,0.000000,0.000000,OK
11,2026-06-10 22:30:00 UTC,NAORISUSDT,0.032060,0.033000,0.032060,0.032960,0.000900,2.807236,2.807236,2.932002,75.816043,1391,-1143,-45.106551,1395802.000000,-1543121.000000,-52.506343,45451.186580,-48910.738890,-51.833129,659141.000000,21467.561040,23983.625540,47.232125,91963911.000000,2948362.986660,18377.000000,0.019987,-34271.982596,-1.149051,2.410600,0.012700,0.529630,70.680000,29.320000,1.944900,0.002400,0.123552,66.040000,33.960000,2.735500,-0.016800,-0.610399,73.230000,26.770000,binance_kline_quote_asset_volume,0.000000,0.000000,0.000000,0.000000,OK
12,2026-06-10 22:45:00 UTC,NAORISUSDT,0.032940,0.033350,0.032520,0.033020,0.000060,0.182039,0.242866,2.519733,76.125788,1891,500,35.945363,2216716.000000,820914.000000,58.813069,73014.550940,27563.364360,60.643883,1247868.000000,41144.248210,31870.302730,56.350752,91802475.000000,3019056.585939,-161436.000000,-0.175543,70693.599279,2.397724,2.410600,0.000000,0.000000,70.680000,29.320000,1.949000,0.004100,0.210808,66.090000,33.910000,2.742500,0.007000,0.255895,73.280000,26.720000,binance_kline_quote_asset_volume,0.000000,0.000000,0.000000,0.000000,OK
13,2026-06-10 23:00:00 UTC,NAORISUSDT,0.033020,0.033390,0.032380,0.032410,-0.000610,-1.847365,-1.847365,3.058752,66.763540,2248,357,18.878900,2594538.000000,377822.000000,17.044222,85430.225270,12415.674330,17.004384,1024537.000000,33772.554550,51657.670720,39.532325,91711181.000000,3030137.420240,-91294.000000,-0.099446,11080.834301,0.367030,2.427000,0.016400,0.680329,70.820000,29.180000,1.965600,0.016600,0.851719,66.280000,33.720000,2.721600,-0.020900,-0.762078,73.130000,26.870000,binance_kline_quote_asset_volume,0.000000,0.000000,0.000000,0.000000,OK
14,2026-06-10 23:15:00 UTC,NAORISUSDT,0.032390,0.032890,0.032190,0.032320,-0.000090,-0.277692,-0.216116,2.161161,65.483922,899,-1349,-60.008897,912014.000000,-1682524.000000,-64.848694,29608.450150,-55821.775120,-65.341950,555909.000000,18048.460580,11559.989570,60.957127,91415708.000000,2961739.128895,-295473.000000,-0.322178,-68398.291345,-2.257267,2.478300,0.051300,2.113721,71.250000,28.750000,1.961300,-0.004300,-0.218763,66.230000,33.770000,2.782100,0.060500,2.222957,73.560000,26.440000,binance_kline_quote_asset_volume,0.000000,0.000000,0.000000,0.000000,OK
15,2026-06-10 23:30:00 UTC,NAORISUSDT,0.032330,0.032590,0.032250,0.032480,0.000160,0.495050,0.463965,1.051655,66.705647,386,-513,-57.063404,276993.000000,-635021.000000,-69.628427,8983.629600,-20624.820550,-69.658562,149297.000000,4841.113140,4142.516460,53.888165,91334807.000000,2951940.962240,-80901.000000,-0.088498,-9798.166655,-0.330825,2.471000,-0.007300,-0.294557,71.190000,28.810000,1.958100,-0.003200,-0.163157,66.190000,33.810000,2.806600,0.024500,0.880630,73.730000,26.270000,binance_kline_quote_asset_volume,0.000000,0.000000,0.000000,0.000000,OK
16,2026-06-10 23:45:00 UTC,NAORISUSDT,0.032460,0.032680,0.032320,0.032580,0.000100,0.307882,0.369686,1.109057,67.480399,623,237,61.398964,424429.000000,147436.000000,53.227338,13797.665830,4814.036230,53.586762,291885.000000,9484.690920,4312.974910,68.741271,91310171.000000,2964418.486278,-24636.000000,-0.026973,12477.524038,0.422689,2.460200,-0.010800,-0.437070,71.100000,28.900000,1.959700,0.001600,0.081712,66.210000,33.790000,2.789300,-0.017300,-0.616404,73.610000,26.390000,binance_kline_quote_asset_volume,0.000000,0.000000,0.000000,0.000000,OK
17,2026-06-11 00:00:00 UTC,NAORISUSDT,0.032610,0.033150,0.032060,0.032910,0.000330,1.012891,0.919963,3.342533,69.964267,1245,622,99.839486,1097445.000000,673016.000000,158.569749,35748.125720,21950.459890,159.088212,604653.000000,19732.355440,16015.770280,55.198294,91350002.000000,2978601.099713,39831.000000,0.043622,14182.613435,0.478428,2.473400,0.013200,0.536542,71.210000,28.790000,1.960900,0.001200,0.061234,66.230000,33.770000,2.790800,0.001500,0.053777,73.620000,26.380000,binance_kline_quote_asset_volume,0.000000,0.000000,0.000000,0.000000,OK
18,2026-06-11 00:15:00 UTC,NAORISUSDT,0.032910,0.033110,0.032680,0.032710,-0.000200,-0.607718,-0.607718,1.306594,66.642018,510,-735,-59.036145,402213.000000,-695232.000000,-63.350054,13226.712710,-22521.413010,-63.000262,200816.000000,6607.771070,6618.941640,49.957773,91409443.000000,3007911.818603,59441.000000,0.065070,29310.718890,0.984043,2.444700,-0.028700,-1.160346,70.970000,29.030000,1.951700,-0.009200,-0.469172,66.120000,33.880000,2.753800,-0.037000,-1.325785,73.360000,26.640000,binance_kline_quote_asset_volume,0.000000,0.000000,0.000000,0.000000,OK
19,2026-06-11 00:30:00 UTC,NAORISUSDT,0.032720,0.033440,0.032650,0.033250,0.000540,1.650871,1.619804,2.414425,70.689030,709,199,39.019608,640089.000000,237876.000000,59.141798,21127.698150,7900.985440,59.735065,300922.000000,9956.695380,11171.002770,47.126267,91377022.000000,2986821.528939,-32421.000000,-0.035468,-21090.289663,-0.701161,2.451800,0.007100,0.290424,71.030000,28.970000,1.951500,-0.000200,-0.010247,66.120000,33.880000,2.803700,0.049900,1.812042,73.710000,26.290000,binance_kline_quote_asset_volume,0.000000,0.000000,0.000000,0.000000,OK
20,2026-06-11 00:45:00 UTC,NAORISUSDT,0.033270,0.033380,0.033040,0.033180,-0.000070,-0.210526,-0.270514,1.021942,69.511744,377,-332,-46.826516,345701.000000,-294388.000000,-45.991729,11482.397140,-9645.301010,-45.652399,130235.000000,4328.719200,7153.677940,37.698741,91397466.000000,3038663.218888,20444.000000,0.022373,51841.689948,1.735681,2.457800,0.006000,0.244718,71.080000,28.920000,1.954700,0.003200,0.163976,66.160000,33.840000,2.765100,-0.038600,-1.376752,73.440000,26.560000,binance_kline_quote_asset_volume,0.000000,0.000000,0.000000,0.000000,OK
21,2026-06-11 01:00:00 UTC,NAORISUSDT,0.033190,0.033590,0.033080,0.033470,0.000290,0.874020,0.843628,1.536607,71.620468,515,138,36.604775,425856.000000,80155.000000,23.186222,14169.831610,2687.434470,23.404821,163172.000000,5433.304200,8736.527410,38.344169,91299455.000000,3029315.916900,-98011.000000,-0.107236,-9347.301988,-0.307612,2.462600,0.004800,0.195297,71.120000,28.880000,1.957900,0.003200,0.163708,66.190000,33.810000,2.762200,-0.002900,-0.104879,73.420000,26.580000,binance_kline_quote_asset_volume,0.000000,0.000000,0.000000,0.000000,OK
22,2026-06-11 01:15:00 UTC,NAORISUSDT,0.033470,0.033880,0.033230,0.033760,0.000290,0.866448,0.866448,1.942038,73.587795,604,89,17.281553,563918.000000,138062.000000,32.419879,18922.357170,4752.525560,33.539746,323532.000000,10854.646580,8067.710590,57.364135,91202207.000000,3052343.607589,-97248.000000,-0.106515,23027.690689,0.760161,2.474600,0.012000,0.487290,71.220000,28.780000,1.956700,-0.001200,-0.061290,66.180000,33.820000,2.806600,0.044400,1.607414,73.730000,26.270000,binance_kline_quote_asset_volume,0.000000,0.000000,0.000000,0.000000,OK
23,2026-06-11 01:30:00 UTC,NAORISUSDT,0.033780,0.034020,0.033400,0.033500,-0.000260,-0.770142,-0.828893,1.835406,68.971426,559,-45,-7.450331,526434.000000,-37484.000000,-6.647066,17743.811810,-1178.545360,-6.228322,156072.000000,5267.789620,12476.022190,29.688038,91213023.000000,3079351.656480,10816.000000,0.011859,27008.048891,0.884830,2.488000,0.013400,0.541502,71.330000,28.670000,1.955800,-0.000900,-0.045996,66.170000,33.830000,2.819700,0.013100,0.466757,73.820000,26.180000,binance_kline_quote_asset_volume,0.000000,0.000000,0.000000,0.000000,OK
24,2026-06-11 01:45:00 UTC,NAORISUSDT,0.033510,0.033710,0.033290,0.033360,-0.000140,-0.417910,-0.447628,1.253357,66.550479,362,-197,-35.241503,265102.000000,-261332.000000,-49.641930,8889.773020,-8854.038790,-49.899305,146990.000000,4929.657540,3960.115480,55.453132,91213473.000000,3055399.596315,450.000000,0.000493,-23952.060165,-0.777828,2.492800,0.004800,0.192926,71.370000,28.630000,1.954900,-0.000900,-0.046017,66.160000,33.840000,2.838800,0.019100,0.677377,73.950000,26.050000,binance_kline_quote_asset_volume,0.000000,0.000000,0.000000,0.000000,OK
25,2026-06-11 02:00:00 UTC,NAORISUSDT,0.033380,0.033380,0.032760,0.032860,-0.000500,-1.498801,-1.557819,1.857400,58.634639,585,223,61.602210,486886.000000,221784.000000,83.659874,16081.666830,7191.893810,80.900759,159649.000000,5278.153700,10803.513130,32.820937,91161630.000000,3041151.976800,-51843.000000,-0.056837,-14247.619515,-0.466310,2.495300,0.002500,0.100289,71.390000,28.610000,1.956100,0.001200,0.061384,66.170000,33.830000,2.841700,0.002900,0.102156,73.970000,26.030000,binance_kline_quote_asset_volume,0.000000,0.000000,0.000000,0.000000,OK
26,2026-06-11 02:15:00 UTC,NAORISUSDT,0.032860,0.033050,0.032630,0.032920,0.000060,0.182593,0.182593,1.278150,59.260854,637,52,8.888889,707191.000000,220305.000000,45.247758,23210.537990,7128.871160,44.329181,335038.000000,11009.309850,12201.228140,47.432377,91096032.000000,2990682.730560,-65598.000000,-0.071958,-50469.246240,-1.659544,2.534800,0.039500,1.582976,71.710000,28.290000,1.965900,0.009800,0.500997,66.280000,33.720000,2.891100,0.049400,1.738396,74.300000,25.700000,binance_kline_quote_asset_volume,0.000000,0.000000,0.000000,0.000000,OK
27,2026-06-11 02:30:00 UTC,NAORISUSDT,0.032940,0.033130,0.032830,0.033030,0.000110,0.334143,0.273224,0.910747,60.443173,304,-333,-52.276295,295208.000000,-411983.000000,-58.256256,9734.948170,-13475.589820,-58.058068,131726.000000,4340.294860,5394.653310,44.584674,91150790.000000,3000297.527450,54758.000000,0.060110,9614.796890,0.321492,2.508800,-0.026000,-1.025722,71.500000,28.500000,1.963000,-0.002900,-0.147515,66.250000,33.750000,2.853600,-0.037500,-1.297084,74.050000,25.950000,binance_kline_quote_asset_volume,0.000000,0.000000,0.000000,0.000000,OK
28,2026-06-11 02:45:00 UTC,NAORISUSDT,0.033030,0.033220,0.032900,0.033030,0.000000,0.000000,0.000000,0.968816,60.443173,162,-142,-46.710526,96123.000000,-199085.000000,-67.438891,3174.242050,-6560.706120,-67.393334,32904.000000,1087.374900,2086.867150,34.256206,91117710.000000,3009617.961300,-33080.000000,-0.036292,9320.433850,0.310650,2.499000,-0.009800,-0.390625,71.420000,28.580000,1.964700,0.001700,0.086602,66.270000,33.730000,2.834400,-0.019200,-0.672834,73.920000,26.080000,binance_kline_quote_asset_volume,0.000000,0.000000,0.000000,0.000000,OK
29,2026-06-11 03:00:00 UTC,NAORISUSDT,0.033040,0.033270,0.032720,0.032860,-0.000170,-0.514684,-0.544794,1.664649,57.454540,993,831,512.962963,946992.000000,850869.000000,885.187728,31215.535170,28041.293120,883.401224,465076.000000,15351.714640,15863.820530,49.179726,91102471.000000,3005862.258915,-15239.000000,-0.016725,-3755.702385,-0.124790,2.497700,-0.001300,-0.052021,71.410000,28.590000,1.964400,-0.000300,-0.015270,66.270000,33.730000,2.828500,-0.005900,-0.208157,73.880000,26.120000,binance_kline_quote_asset_volume,0.000000,0.000000,0.000000,0.000000,OK
30,2026-06-11 03:15:00 UTC,NAORISUSDT,0.032860,0.032990,0.032800,0.032970,0.000110,0.334753,0.334753,0.578211,58.871623,147,-846,-85.196375,62781.000000,-884211.000000,-93.370483,2063.482150,-29152.053020,-93.389567,26663.000000,876.590540,1186.891610,42.481130,90883409.000000,2986428.819740,-219062.000000,-0.240457,-19433.439175,-0.646518,2.495300,-0.002400,-0.096088,71.390000,28.610000,1.975800,0.011400,0.580330,66.400000,33.600000,2.841700,0.013200,0.466678,73.970000,26.030000,binance_kline_quote_asset_volume,0.000000,0.000000,0.000000,0.000000,OK
31,2026-06-11 03:30:00 UTC,NAORISUSDT,0.032970,0.033000,0.032800,0.032820,-0.000150,-0.454959,-0.454959,0.606612,56.126311,318,171,116.326531,187718.000000,124937.000000,199.004476,6171.179870,4107.697720,199.066307,69506.000000,2285.329270,3885.850600,37.032291,90884593.000000,2996465.031210,1184.000000,0.001303,10036.211470,0.336061,2.506300,0.011000,0.440829,71.480000,28.520000,1.976200,0.000400,0.020245,66.400000,33.600000,2.832900,-0.008800,-0.309674,73.910000,26.090000,binance_kline_quote_asset_volume,0.000000,0.000000,0.000000,0.000000,OK
32,2026-06-11 03:45:00 UTC,NAORISUSDT,0.032820,0.032970,0.032440,0.032560,-0.000260,-0.792200,-0.792200,1.614869,51.631920,1130,812,255.345912,1438190.000000,1250472.000000,666.143897,46996.987390,40825.807520,661.555948,502463.000000,16451.294110,30545.693280,35.004997,90861444.000000,2981530.149259,-23149.000000,-0.025471,-14934.881951,-0.498417,2.489200,-0.017100,-0.682281,71.340000,28.660000,1.974700,-0.001500,-0.075903,66.380000,33.620000,2.818300,-0.014600,-0.515373,73.810000,26.190000,binance_kline_quote_asset_volume,0.000000,0.000000,0.000000,0.000000,OK
33,2026-06-11 04:00:00 UTC,NAORISUSDT,0.032560,0.032970,0.032210,0.032410,-0.000150,-0.460688,-0.460688,2.334152,49.184894,1155,25,2.212389,1393727.000000,-44463.000000,-3.091594,45402.394930,-1594.592460,-3.392967,748325.000000,24398.713690,21003.681240,53.738825,91219913.000000,2967813.415680,358469.000000,0.394523,-13716.733579,-0.460057,2.497700,0.008500,0.341475,71.410000,28.590000,1.951000,-0.023700,-1.200182,66.110000,33.890000,2.859500,0.041200,1.461874,74.090000,25.910000,binance_kline_quote_asset_volume,0.000000,0.000000,0.000000,0.000000,OK
34,2026-06-11 04:15:00 UTC,NAORISUSDT,0.032410,0.032660,0.032150,0.032510,0.000100,0.308547,0.308547,1.573588,50.857043,432,-723,-62.597403,391395.000000,-1002332.000000,-71.917384,12669.152150,-32733.242780,-72.095851,194265.000000,6299.377910,6369.774240,49.722174,91323191.000000,2954758.191877,103278.000000,0.113219,-13055.223803,-0.439894,2.513700,0.016000,0.640589,71.540000,28.460000,1.945900,-0.005100,-0.261404,66.050000,33.950000,2.831400,-0.028100,-0.982689,73.900000,26.100000,binance_kline_quote_asset_volume,0.000000,0.000000,0.000000,0.000000,OK
35,2026-06-11 04:30:00 UTC,NAORISUSDT,0.032510,0.032640,0.032170,0.032280,-0.000230,-0.707475,-0.707475,1.445709,47.024240,380,-52,-12.037037,384706.000000,-6689.000000,-1.709015,12472.932790,-196.219360,-1.548796,210760.000000,6837.922150,5635.010640,54.822088,91353016.000000,2969886.550160,29825.000000,0.032659,15128.358283,0.512000,2.502600,-0.011100,-0.441580,71.450000,28.550000,1.947100,0.001200,0.061668,66.070000,33.930000,2.815300,-0.016100,-0.568623,73.790000,26.210000,binance_kline_quote_asset_volume,0.000000,0.000000,0.000000,0.000000,OK
36,2026-06-11 04:45:00 UTC,NAORISUSDT,0.032300,0.032450,0.032250,0.032290,0.000010,0.030979,-0.030960,0.619195,47.210522,314,-66,-17.368421,231689.000000,-153017.000000,-39.775049,7488.695230,-4984.237560,-39.960430,121192.000000,3918.550580,3570.144650,52.326213,91367158.000000,2949331.860240,14142.000000,0.015481,-20554.689920,-0.692104,2.508800,0.006200,0.247742,71.500000,28.500000,1.947500,0.000400,0.020543,66.070000,33.930000,2.819700,0.004400,0.156289,73.820000,26.180000,binance_kline_quote_asset_volume,0.000000,0.000000,0.000000,0.000000,OK
37,2026-06-11 05:00:00 UTC,NAORISUSDT,0.032320,0.032430,0.031650,0.031910,-0.000380,-1.176835,-1.268564,2.413366,41.271547,874,560,178.343949,942561.000000,710872.000000,306.821645,30087.851350,22599.156120,301.776951,299689.000000,9569.890010,20517.961340,31.806492,91378959.000000,2950626.586110,11801.000000,0.012916,1294.725870,0.043899,2.499000,-0.009800,-0.390625,71.420000,28.580000,1.949100,0.001600,0.082157,66.090000,33.910000,2.818300,-0.001400,-0.049651,73.810000,26.190000,binance_kline_quote_asset_volume,0.000000,0.000000,0.000000,0.000000,OK
38,2026-06-11 05:15:00 UTC,NAORISUSDT,0.031910,0.032000,0.031860,0.031970,0.000060,0.188029,0.188029,0.438734,42.501481,248,-626,-71.624714,171926.000000,-770635.000000,-81.759695,5490.625260,-24597.226090,-81.751355,50648.000000,1618.029830,3872.595430,29.468954,91259355.000000,2912026.699469,-119604.000000,-0.130888,-38599.886641,-1.308193,2.526100,0.027100,1.084434,71.640000,28.360000,1.957200,0.008100,0.415576,66.180000,33.820000,2.880500,0.062200,2.207004,74.230000,25.770000,binance_kline_quote_asset_volume,0.000000,0.000000,0.000000,0.000000,OK
39,2026-06-11 05:30:00 UTC,NAORISUSDT,0.031980,0.032060,0.030550,0.031560,-0.000410,-1.282452,-1.313321,4.721701,36.825974,1488,1240,500.000000,2684074.000000,2512148.000000,1461.179810,84285.654040,78795.028780,1435.082983,928269.000000,29220.548170,55065.105870,34.668472,91270894.000000,2917284.283250,11539.000000,0.012644,5257.583781,0.180547,2.512500,-0.013600,-0.538379,71.530000,28.470000,1.957700,0.000500,0.025547,66.190000,33.810000,2.853600,-0.026900,-0.933866,74.050000,25.950000,binance_kline_quote_asset_volume,0.000000,0.000000,0.000000,0.000000,OK
40,2026-06-11 05:45:00 UTC,NAORISUSDT,0.031560,0.031780,0.031400,0.031510,-0.000050,-0.158428,-0.158428,1.204056,36.191264,630,-858,-57.661290,508436.000000,-2175638.000000,-81.057303,16082.206010,-68203.448030,-80.919403,343784.000000,10881.971310,5200.234700,67.664668,91063000.000000,2871612.514050,-207894.000000,-0.227777,-45671.769200,-1.565558,2.585500,0.073000,2.905473,72.110000,27.890000,1.949800,-0.007900,-0.403535,66.100000,33.900000,2.941700,0.088100,3.087328,74.630000,25.370000,binance_kline_quote_asset_volume,0.000000,0.000000,0.000000,0.000000,OK
41,2026-06-11 06:00:00 UTC,NAORISUSDT,0.031510,0.031740,0.031270,0.031730,0.000220,0.698191,0.698191,1.491590,41.009011,793,163,25.873016,940833.000000,432397.000000,85.044529,29647.809790,13565.603780,84.351635,631757.000000,19922.695470,9725.114320,67.197866,91113506.000000,2867049.559466,50506.000000,0.055463,-4562.954584,-0.158899,2.576500,-0.009000,-0.348095,72.040000,27.960000,1.950000,0.000200,0.010257,66.100000,33.900000,2.909300,-0.032400,-1.101404,74.420000,25.580000,binance_kline_quote_asset_volume,0.000000,0.000000,0.000000,0.000000,OK
42,2026-06-11 06:15:00 UTC,NAORISUSDT,0.031730,0.031910,0.031710,0.031820,0.000090,0.283643,0.283643,0.630318,42.908089,360,-433,-54.602774,332583.000000,-608250.000000,-64.650156,10573.754040,-19074.055750,-64.335463,223530.000000,7107.874210,3465.879830,67.221861,91070632.000000,2889191.211129,-42874.000000,-0.047056,22141.651664,0.772280,2.576500,0.000000,0.000000,72.040000,27.960000,1.949900,-0.000100,-0.005128,66.100000,33.900000,2.907800,-0.001500,-0.051559,74.410000,25.590000,binance_kline_quote_asset_volume,0.000000,0.000000,0.000000,0.000000,OK
43,2026-06-11 06:30:00 UTC,NAORISUSDT,0.031830,0.031960,0.031820,0.031910,0.000090,0.282841,0.251335,0.439837,44.821090,202,-158,-43.888889,175150.000000,-157433.000000,-47.336454,5582.670400,-4991.083640,-47.202570,115610.000000,3683.623000,1899.047400,65.983172,91088412.000000,2898433.269840,17780.000000,0.019523,9242.058711,0.319884,2.547400,-0.029100,-1.129439,71.810000,28.190000,1.948200,-0.001700,-0.087184,66.080000,33.920000,2.891100,-0.016700,-0.574317,74.300000,25.700000,binance_kline_quote_asset_volume,0.000000,0.000000,0.000000,0.000000,OK
44,2026-06-11 06:45:00 UTC,NAORISUSDT,0.031900,0.031900,0.031680,0.031680,-0.000230,-0.720777,-0.689655,0.689655,41.036803,145,-57,-28.217822,76577.000000,-98573.000000,-56.279189,2435.583890,-3147.086510,-56.372422,19023.000000,605.136690,1830.447200,24.845652,91068437.000000,2905993.824670,-19975.000000,-0.021929,7560.554830,0.260850,2.543600,-0.003800,-0.149172,71.780000,28.220000,1.949900,0.001700,0.087260,66.100000,33.900000,2.888000,-0.003100,-0.107226,74.280000,25.720000,binance_kline_quote_asset_volume,0.000000,0.000000,0.000000,0.000000,OK
45,2026-06-11 07:00:00 UTC,NAORISUSDT,0.031690,0.031990,0.031610,0.031990,0.000310,0.978535,0.946671,1.199116,47.473969,542,397,273.793103,286163.000000,209586.000000,273.693145,9101.467830,6665.883940,273.687306,201909.000000,6423.120950,2678.346880,70.572363,91060611.000000,2884800.156480,-7826.000000,-0.008594,-21193.668190,-0.729309,2.551100,0.007500,0.294858,71.840000,28.160000,1.950100,0.000200,0.010257,66.100000,33.900000,2.900200,0.012200,0.422438,74.360000,25.640000,binance_kline_quote_asset_volume,0.000000,0.000000,0.000000,0.000000,OK
46,2026-06-11 07:15:00 UTC,NAORISUSDT,0.031980,0.032230,0.031890,0.032120,0.000130,0.406377,0.437774,1.063164,49.942016,549,7,1.291513,293531.000000,7368.000000,2.574756,9414.017580,312.549750,3.434059,197754.000000,6343.214930,3070.802650,67.380530,91008034.000000,2909859.026304,-52577.000000,-0.057738,25058.869824,0.868652,2.566300,0.015200,0.595821,71.960000,28.040000,1.953200,0.003100,0.158966,66.140000,33.860000,2.888000,-0.012200,-0.420661,74.280000,25.720000,binance_kline_quote_asset_volume,0.000000,0.000000,0.000000,0.000000,OK
47,2026-06-11 07:30:00 UTC,NAORISUSDT,0.032110,0.032300,0.031970,0.032280,0.000160,0.498132,0.529430,1.027717,52.876792,349,-200,-36.429872,225907.000000,-67624.000000,-23.038112,7251.419940,-2162.597640,-22.972101,120553.000000,3871.958000,3379.461940,53.395859,90891179.000000,2921242.493060,-116855.000000,-0.128401,11383.466756,0.391203,2.561300,-0.005000,-0.194833,71.920000,28.080000,1.958600,0.005400,0.276469,66.200000,33.800000,2.888000,0.000000,0.000000,74.280000,25.720000,binance_kline_quote_asset_volume,0.000000,0.000000,0.000000,0.000000,OK
48,2026-06-11 07:45:00 UTC,NAORISUSDT,0.032270,0.032550,0.032260,0.032430,0.000150,0.464684,0.495817,0.898667,55.510199,601,252,72.206304,421732.000000,195825.000000,86.683901,13651.080360,6399.660420,88.253893,287832.000000,9316.721700,4334.358660,68.248970,90811716.000000,2931204.222939,-79463.000000,-0.087427,9961.729879,0.341010,2.556200,-0.005100,-0.199118,71.880000,28.120000,1.960500,0.001900,0.097008,66.220000,33.780000,2.898600,0.010600,0.367036,74.350000,25.650000,binance_kline_quote_asset_volume,0.000000,0.000000,0.000000,0.000000,OK
49,2026-06-11 08:00:00 UTC,NAORISUSDT,0.032410,0.032470,0.032100,0.032130,-0.000300,-0.925069,-0.863931,1.141623,49.546560,352,-249,-41.430948,252683.000000,-169049.000000,-40.084461,8166.756930,-5484.323430,-40.175014,71771.000000,2321.591790,5845.165140,28.427340,90769167.000000,2943644.085810,-42549.000000,-0.046854,12439.862871,0.424394,2.570200,0.014000,0.547688,71.990000,28.010000,1.963000,0.002500,0.127518,66.250000,33.750000,2.918500,0.019900,0.686538,74.480000,25.520000,binance_kline_quote_asset_volume,0.000000,0.000000,0.000000,0.000000,OK
50,2026-06-11 08:15:00 UTC,NAORISUSDT,0.032130,0.032590,0.032070,0.032240,0.000110,0.342359,0.342359,1.618425,51.599810,595,243,69.034091,482928.000000,230245.000000,91.120099,15607.501880,7440.744950,91.110156,364977.000000,11799.749710,3807.752170,75.603064,90690876.000000,2913897.845880,-78291.000000,-0.086253,-29746.239930,-1.010524,2.586800,0.016600,0.645864,72.120000,27.880000,1.964000,0.001000,0.050942,66.260000,33.740000,2.937000,0.018500,0.633887,74.600000,25.400000,binance_kline_quote_asset_volume,0.000000,0.000000,0.000000,0.000000,OK
51,2026-06-11 08:30:00 UTC,NAORISUSDT,0.032230,0.032450,0.032210,0.032280,0.000040,0.124069,0.155135,0.744648,52.359057,262,-333,-55.966387,244732.000000,-238196.000000,-49.323295,7906.491290,-7701.010590,-49.341725,168354.000000,5437.628230,2468.863060,68.774227,90749081.000000,2924259.364039,58205.000000,0.064180,10361.518159,0.355590,2.592000,0.005200,0.201021,72.160000,27.840000,1.967800,0.003800,0.193483,66.310000,33.690000,2.920000,-0.017000,-0.578822,74.490000,25.510000,binance_kline_quote_asset_volume,0.000000,0.000000,0.000000,0.000000,OK
52,2026-06-11 08:45:00 UTC,NAORISUSDT,0.032290,0.032460,0.032190,0.032410,0.000130,0.402726,0.371632,0.836172,54.838600,181,-81,-30.916031,97715.000000,-147017.000000,-60.072651,3155.008390,-4751.482900,-60.095973,52876.000000,1707.832170,1447.176220,54.130828,90975704.000000,2935979.746330,226623.000000,0.249725,11720.382290,0.400798,2.592000,0.000000,0.000000,72.160000,27.840000,1.971700,0.003900,0.198191,66.350000,33.650000,2.907800,-0.012200,-0.417808,74.410000,25.590000,binance_kline_quote_asset_volume,0.000000,0.000000,0.000000,0.000000,OK
53,2026-06-11 09:00:00 UTC,NAORISUSDT,0.032420,0.032480,0.032220,0.032460,0.000050,0.154273,0.123381,0.801974,55.791632,311,130,71.823204,228242.000000,130527.000000,133.579287,7379.799930,4224.791540,133.907458,124428.000000,4024.542460,3355.257470,54.534574,90979772.000000,2948654.410520,4068.000000,0.004472,12674.664190,0.431701,2.590700,-0.001300,-0.050154,72.150000,27.850000,1.971500,-0.000200,-0.010144,66.350000,33.650000,2.897100,-0.010700,-0.367976,74.340000,25.660000,binance_kline_quote_asset_volume,0.000000,0.000000,0.000000,0.000000,OK
54,2026-06-11 09:15:00 UTC,NAORISUSDT,0.032460,0.032510,0.032220,0.032320,-0.000140,-0.431300,-0.431300,0.893407,52.453836,302,-9,-2.893891,183850.000000,-44392.000000,-19.449532,5948.439160,-1431.360770,-19.395658,71955.000000,2331.131940,3617.307220,39.188968,91011211.000000,2952947.931882,31439.000000,0.034556,4293.521362,0.145610,2.584200,-0.006500,-0.250897,72.100000,27.900000,1.969500,-0.002000,-0.101446,66.320000,33.680000,2.888000,-0.009100,-0.314107,74.280000,25.720000,binance_kline_quote_asset_volume,0.000000,0.000000,0.000000,0.000000,OK
55,2026-06-11 09:30:00 UTC,NAORISUSDT,0.032350,0.033330,0.032330,0.033050,0.000730,2.258663,2.163833,3.091190,64.410130,1275,973,322.185430,1464239.000000,1280389.000000,696.431330,48281.555440,42333.116280,711.667635,810148.000000,26682.410760,21599.144680,55.264190,91040070.000000,2942415.062400,28859.000000,0.031709,-10532.869482,-0.356690,2.590700,0.006500,0.251529,72.150000,27.850000,1.967100,-0.002400,-0.121858,66.300000,33.700000,2.926200,0.038200,1.322715,74.530000,25.470000,binance_kline_quote_asset_volume,0.000000,0.000000,0.000000,0.000000,OK
56,2026-06-11 09:45:00 UTC,NAORISUSDT,0.033040,0.033240,0.032950,0.033120,0.000070,0.211800,0.242131,0.877724,65.310941,397,-878,-68.862745,381782.000000,-1082457.000000,-73.926251,12638.282780,-35643.272660,-73.823787,146465.000000,4848.717890,7789.564890,38.365322,91274467.000000,3016621.134350,234397.000000,0.257466,74206.071950,2.521944,2.575300,-0.015400,-0.594434,72.030000,27.970000,1.958400,-0.008700,-0.442275,66.200000,33.800000,2.883500,-0.042700,-1.459230,74.250000,25.750000,binance_kline_quote_asset_volume,0.000000,0.000000,0.000000,0.000000,OK
57,2026-06-11 10:00:00 UTC,NAORISUSDT,0.033120,0.033360,0.032910,0.033150,0.000030,0.090580,0.090580,1.358696,65.711497,511,114,28.715365,476467.000000,94685.000000,24.800803,15787.413450,3149.130670,24.917394,253773.000000,8408.080060,7379.333390,53.258123,91285325.000000,3022581.258792,10858.000000,0.011896,5960.124442,0.197576,2.582900,0.007600,0.295111,72.090000,27.910000,1.960200,0.001800,0.091912,66.220000,33.780000,2.903200,0.019700,0.683198,74.380000,25.620000,binance_kline_quote_asset_volume,0.000000,0.000000,0.000000,0.000000,OK
58,2026-06-11 10:15:00 UTC,NAORISUSDT,0.033150,0.033200,0.032900,0.033040,-0.000110,-0.331825,-0.331825,0.904977,62.845970,406,-105,-20.547945,397489.000000,-78978.000000,-16.575754,13135.070160,-2652.343290,-16.800366,141474.000000,4676.815180,8458.254980,35.605559,91276469.000000,3025814.947350,-8856.000000,-0.009701,3233.688558,0.106984,2.597100,0.014200,0.549770,72.200000,27.800000,1.959300,-0.000900,-0.045914,66.210000,33.790000,2.909300,0.006100,0.210113,74.420000,25.580000,binance_kline_quote_asset_volume,0.000000,0.000000,0.000000,0.000000,OK
59,2026-06-11 10:30:00 UTC,NAORISUSDT,0.033040,0.033040,0.032810,0.032960,-0.000080,-0.242131,-0.242131,0.696126,60.770400,188,-218,-53.694581,135527.000000,-261962.000000,-65.904214,4457.818980,-8677.251180,-66.061704,60881.000000,2002.035800,2455.783180,44.910657,91245624.000000,3014755.416960,-30845.000000,-0.033793,-11059.530390,-0.365506,2.584200,-0.012900,-0.496708,72.100000,27.900000,1.957300,-0.002000,-0.102077,66.190000,33.810000,2.915400,0.006100,0.209672,74.460000,25.540000,binance_kline_quote_asset_volume,0.000000,0.000000,0.000000,0.000000,OK
60,2026-06-11 10:45:00 UTC,NAORISUSDT,0.032960,0.033030,0.032670,0.032810,-0.000150,-0.455097,-0.455097,1.092233,56.971127,452,264,140.425532,525594.000000,390067.000000,287.814974,17261.144400,12803.325420,287.210528,221978.000000,7297.904530,9963.239870,42.279378,91237459.000000,3005869.179732,-8165.000000,-0.008948,-8886.237228,-0.294758,2.597100,0.012900,0.499187,72.200000,27.800000,1.957300,0.000000,0.000000,66.190000,33.810000,2.924600,0.009200,0.315566,74.520000,25.480000,binance_kline_quote_asset_volume,0.000000,0.000000,0.000000,0.000000,OK
61,2026-06-11 11:00:00 UTC,NAORISUSDT,0.032790,0.032850,0.032690,0.032790,-0.000020,-0.060957,0.000000,0.487954,56.464246,253,-199,-44.026549,217283.000000,-308311.000000,-58.659536,7117.570740,-10143.573660,-58.765360,89289.000000,2923.729610,4193.841130,41.077633,91256979.000000,2994141.480990,19520.000000,0.021395,-11727.698742,-0.390160,2.603600,0.006500,0.250279,72.250000,27.750000,1.956400,-0.000900,-0.045982,66.170000,33.830000,2.915400,-0.009200,-0.314573,74.460000,25.540000,binance_kline_quote_asset_volume,0.000000,0.000000,0.000000,0.000000,OK
62,2026-06-11 11:15:00 UTC,NAORISUSDT,0.032810,0.033110,0.032690,0.032800,0.000010,0.030497,-0.030479,1.280098,56.671822,422,169,66.798419,401168.000000,183885.000000,84.629262,13200.427060,6082.856320,85.462534,263526.000000,8677.824690,4522.602370,65.738969,91224316.000000,2990370.480450,-32663.000000,-0.035792,-3771.000540,-0.125946,2.612700,0.009100,0.349516,72.320000,27.680000,1.955700,-0.000700,-0.035780,66.170000,33.830000,2.938600,0.023200,0.795774,74.610000,25.390000,binance_kline_quote_asset_volume,0.000000,0.000000,0.000000,0.000000,OK
63,2026-06-11 11:30:00 UTC,NAORISUSDT,0.032820,0.032990,0.032730,0.032830,0.000030,0.091463,0.030469,0.792200,57.329127,270,-152,-36.018957,207080.000000,-194088.000000,-48.380728,6807.307850,-6393.119210,-48.431154,114356.000000,3762.366360,3044.941490,55.269520,91229509.000000,2992327.895200,5193.000000,0.005693,1957.414750,0.065457,2.608800,-0.003900,-0.149271,72.290000,27.710000,1.957200,0.001500,0.076699,66.180000,33.820000,2.927700,-0.010900,-0.370925,74.540000,25.460000,binance_kline_quote_asset_volume,0.000000,0.000000,0.000000,0.000000,OK
64,2026-06-11 11:45:00 UTC,NAORISUSDT,0.032810,0.032940,0.032620,0.032740,-0.000090,-0.274140,-0.213350,0.975312,54.650591,447,177,65.555556,395618.000000,188538.000000,91.045973,12956.217830,6148.909980,90.328073,153199.000000,5019.763390,7936.454440,38.744049,91231584.000000,2993885.766967,2075.000000,0.002274,1557.871767,0.052062,2.617900,0.009100,0.348819,72.360000,27.640000,1.959600,0.002400,0.122624,66.210000,33.790000,2.940100,0.012400,0.423541,74.620000,25.380000,binance_kline_quote_asset_volume,0.000000,0.000000,0.000000,0.000000,OK
65,2026-06-11 12:00:00 UTC,NAORISUSDT,0.032730,0.033740,0.032550,0.033160,0.000420,1.282834,1.313779,3.635808,63.274133,1297,850,190.156600,1238135.000000,842517.000000,212.962251,41100.974180,28144.756350,217.229725,722283.000000,23969.532510,17131.441670,58.318648,91252369.000000,2987602.561060,20785.000000,0.022783,-6283.205907,-0.209868,2.625800,0.007900,0.301769,72.420000,27.580000,1.961200,0.001600,0.081649,66.230000,33.770000,2.940100,0.000000,0.000000,74.620000,25.380000,binance_kline_quote_asset_volume,0.000000,0.000000,0.000000,0.000000,OK
66,2026-06-11 12:15:00 UTC,NAORISUSDT,0.033190,0.033310,0.032880,0.032900,-0.000260,-0.784077,-0.873757,1.295571,56.155231,391,-906,-69.853508,252457.000000,-985678.000000,-79.609897,8337.574210,-32763.399970,-79.714412,90334.000000,2983.148120,5354.426090,35.779569,91399315.000000,3029763.903175,146946.000000,0.161033,42161.342115,1.411210,2.589400,-0.036400,-1.386244,72.140000,27.860000,1.955000,-0.006200,-0.316133,66.160000,33.840000,2.889500,-0.050600,-1.721030,74.290000,25.710000,binance_kline_quote_asset_volume,0.000000,0.000000,0.000000,0.000000,OK
67,2026-06-11 12:30:00 UTC,NAORISUSDT,0.032880,0.033460,0.032870,0.033430,0.000530,1.610942,1.672749,1.794404,64.839433,438,47,12.020460,332259.000000,79802.000000,31.610136,10998.971090,2661.396880,31.920518,197669.000000,6541.246930,4457.724160,59.471444,91380986.000000,3006434.439400,-18329.000000,-0.020054,-23329.463775,-0.770009,2.616600,0.027200,1.050436,72.350000,27.650000,1.955200,0.000200,0.010230,66.160000,33.840000,2.913900,0.024400,0.844437,74.450000,25.550000,binance_kline_quote_asset_volume,0.000000,0.000000,0.000000,0.000000,OK
68,2026-06-11 12:45:00 UTC,NAORISUSDT,0.033440,0.033540,0.033130,0.033150,-0.000280,-0.837571,-0.867225,1.226077,58.272771,403,-35,-7.990868,409589.000000,77330.000000,23.274012,13682.234810,2683.263720,24.395588,184688.000000,6172.295280,7509.939530,45.111748,91389527.000000,3055151.887610,8541.000000,0.009347,48717.448210,1.620439,2.606200,-0.010400,-0.397462,72.270000,27.730000,1.955000,-0.000200,-0.010229,66.160000,33.840000,2.904700,-0.009200,-0.315728,74.390000,25.610000,binance_kline_quote_asset_volume,0.000000,0.000000,0.000000,0.000000,OK
69,2026-06-11 13:00:00 UTC,NAORISUSDT,0.033120,0.033410,0.032690,0.032970,-0.000180,-0.542986,-0.452899,2.173913,54.454733,839,436,108.188586,1131270.000000,721681.000000,176.196382,37338.799610,23656.564800,172.899860,371787.000000,12267.058160,25071.741450,32.853381,91411382.000000,3028711.381074,21855.000000,0.023914,-26440.506536,-0.865440,2.597100,-0.009100,-0.349167,72.200000,27.800000,1.956600,0.001600,0.081841,66.180000,33.820000,2.901700,-0.003000,-0.103281,74.370000,25.630000,binance_kline_quote_asset_volume,0.000000,0.000000,0.000000,0.000000,OK
70,2026-06-11 13:15:00 UTC,NAORISUSDT,0.032970,0.033170,0.032960,0.033040,0.000070,0.212314,0.212314,0.636943,55.671120,231,-608,-72.467223,144287.000000,-986983.000000,-87.245574,4770.599990,-32568.199620,-87.223478,70979.000000,2347.239560,2423.360430,49.202188,91262423.000000,3007047.556142,-148959.000000,-0.162955,-21663.824933,-0.715282,2.631100,0.034000,1.309153,72.460000,27.540000,1.964700,0.008100,0.413983,66.270000,33.730000,2.966700,0.065000,2.240066,74.790000,25.210000,binance_kline_quote_asset_volume,0.000000,0.000000,0.000000,0.000000,OK
71,2026-06-11 13:30:00 UTC,NAORISUSDT,0.033040,0.033180,0.032870,0.032920,-0.000120,-0.363196,-0.363196,0.938257,53.055202,904,673,291.341991,676408.000000,532121.000000,368.793446,22312.464600,17541.864610,367.707723,337022.000000,11124.180250,11188.284350,49.856349,91231570.000000,3014291.072800,-30853.000000,-0.033807,7243.516658,0.240885,2.624500,-0.006600,-0.250846,72.410000,27.590000,1.965800,0.001100,0.055988,66.280000,33.720000,2.946300,-0.020400,-0.687633,74.660000,25.340000,binance_kline_quote_asset_volume,0.000000,0.000000,0.000000,0.000000,OK
72,2026-06-11 13:45:00 UTC,NAORISUSDT,0.032910,0.033250,0.032870,0.033110,0.000190,0.577157,0.607718,1.154664,56.537500,583,-321,-35.508850,428563.000000,-247845.000000,-36.641347,14180.977070,-8131.487530,-36.443699,263294.000000,8714.849300,5466.127770,61.454505,91268216.000000,3004549.670720,36646.000000,0.040168,-9741.402080,-0.323174,2.620600,-0.003900,-0.148600,72.380000,27.620000,1.958900,-0.006900,-0.351002,66.200000,33.800000,2.966700,0.020400,0.692394,74.790000,25.210000,binance_kline_quote_asset_volume,0.000000,0.000000,0.000000,0.000000,OK
73,2026-06-11 14:00:00 UTC,NAORISUSDT,0.033120,0.033750,0.032880,0.033410,0.000300,0.906071,0.875604,2.626812,61.405556,846,263,45.111492,847361.000000,418798.000000,97.721455,28260.582990,14079.605920,99.285161,487634.000000,16245.901490,12014.681500,57.486081,91225133.000000,3020464.153630,-43083.000000,-0.047205,15914.482910,0.529679,2.562500,-0.058100,-2.217050,71.930000,28.070000,1.956600,-0.002300,-0.117413,66.180000,33.820000,2.900200,-0.066500,-2.241548,74.360000,25.640000,binance_kline_quote_asset_volume,0.000000,0.000000,0.000000,0.000000,OK
74,2026-06-11 14:15:00 UTC,NAORISUSDT,0.033420,0.034020,0.033270,0.033870,0.000460,1.376833,1.346499,2.244165,67.429566,916,70,8.274232,803069.000000,-44292.000000,-5.227052,27031.285490,-1229.297500,-4.349866,509477.000000,17164.688920,9866.596570,63.499344,91381344.000000,3053050.703040,156211.000000,0.171237,32586.549410,1.078859,2.528600,-0.033900,-1.322927,71.660000,28.340000,1.948500,-0.008100,-0.413983,66.080000,33.920000,2.861000,-0.039200,-1.351631,74.100000,25.900000,binance_kline_quote_asset_volume,0.000000,0.000000,0.000000,0.000000,OK
75,2026-06-11 14:30:00 UTC,NAORISUSDT,0.033870,0.034020,0.033600,0.034020,0.000150,0.442870,0.442870,1.240035,69.122060,551,-365,-39.847162,484377.000000,-318692.000000,-39.684261,16380.473870,-10650.811620,-39.401795,253739.000000,8586.274080,7794.199790,52.417739,91383064.000000,3095144.377680,1720.000000,0.001882,42093.674640,1.378741,2.533600,0.005000,0.197738,71.700000,28.300000,1.953200,0.004700,0.241211,66.140000,33.860000,2.880500,0.019500,0.681580,74.230000,25.770000,binance_kline_quote_asset_volume,0.000000,0.000000,0.000000,0.000000,OK
76,2026-06-11 14:45:00 UTC,NAORISUSDT,0.034050,0.034490,0.033870,0.034280,0.000260,0.764256,0.675477,1.820852,71.852373,972,421,76.406534,924661.000000,440284.000000,90.896967,31613.006880,15232.533010,92.992017,390479.000000,13349.878640,18263.128240,42.229069,91328586.000000,3100605.494700,-54478.000000,-0.059615,5461.117020,0.176441,2.561300,0.027700,1.093306,71.920000,28.080000,1.957200,0.004000,0.204792,66.180000,33.820000,2.880500,0.000000,0.000000,74.230000,25.770000,binance_kline_quote_asset_volume,0.000000,0.000000,0.000000,0.000000,OK
77,2026-06-11 15:00:00 UTC,NAORISUSDT,0.034250,0.034330,0.033720,0.033740,-0.000540,-1.575263,-1.489051,1.781022,59.988257,1229,257,26.440329,1423623.000000,498962.000000,53.961614,48353.304300,16740.297420,52.953828,411809.000000,14025.707180,34327.597120,29.006719,91205283.000000,3126482.443232,-123303.000000,-0.135010,25876.948532,0.834577,2.558700,-0.002600,-0.101511,71.900000,28.100000,1.964200,0.007000,0.357654,66.260000,33.740000,2.858000,-0.022500,-0.781114,74.080000,25.920000,binance_kline_quote_asset_volume,0.000000,0.000000,0.000000,0.000000,OK
78,2026-06-11 15:15:00 UTC,NAORISUSDT,0.033750,0.034390,0.033700,0.034310,0.000570,1.689389,1.659259,2.044444,66.311523,786,-443,-36.045566,765837.000000,-657786.000000,-46.205070,26033.807950,-22319.496350,-46.159196,381999.000000,13000.251820,13033.556130,49.936036,91031002.000000,3071086.515483,-174281.000000,-0.191087,-55395.927749,-1.771829,2.627100,0.068400,2.673233,72.430000,27.570000,1.968900,0.004700,0.239283,66.320000,33.680000,2.946300,0.088300,3.089573,74.660000,25.340000,binance_kline_quote_asset_volume,0.000000,0.000000,0.000000,0.000000,OK
79,2026-06-11 15:30:00 UTC,NAORISUSDT,0.034310,0.034520,0.034000,0.034040,-0.000270,-0.786943,-0.786943,1.515593,61.364491,661,-125,-15.903308,858278.000000,92441.000000,12.070584,29419.701610,3385.893660,13.005756,312009.000000,10692.455900,18727.245710,36.344542,91138888.000000,3126975.247280,107886.000000,0.118516,55888.731797,1.819836,2.562500,-0.064600,-2.458985,71.930000,28.070000,1.969400,0.000500,0.025395,66.320000,33.680000,2.871500,-0.074800,-2.538777,74.170000,25.830000,binance_kline_quote_asset_volume,0.000000,0.000000,0.000000,0.000000,OK
80,2026-06-11 15:45:00 UTC,NAORISUSDT,0.034010,0.034230,0.033950,0.034200,0.000160,0.470035,0.558659,0.823287,63.120326,275,-386,-58.396369,283353.000000,-574925.000000,-66.985872,9663.743250,-19755.958360,-67.152137,156714.000000,5342.914360,4320.828890,55.288248,91359029.000000,3109861.347160,220141.000000,0.241545,-17113.900120,-0.547299,2.565100,0.002600,0.101463,71.950000,28.050000,1.973900,0.004500,0.228496,66.370000,33.630000,2.879000,0.007500,0.261188,74.220000,25.780000,binance_kline_quote_asset_volume,0.000000,0.000000,0.000000,0.000000,OK
81,2026-06-11 16:00:00 UTC,NAORISUSDT,0.034200,0.034350,0.034040,0.034250,0.000050,0.146199,0.146199,0.906433,63.675881,509,234,85.090909,471623.000000,188270.000000,66.443623,16121.880670,6458.137420,66.828529,210081.000000,7183.727580,8938.153090,44.558868,91433312.000000,3127019.270400,74283.000000,0.081309,17157.923240,0.551726,2.568900,0.003800,0.148142,71.980000,28.020000,1.976200,0.002300,0.116521,66.400000,33.600000,2.861000,-0.018000,-0.625217,74.100000,25.900000,binance_kline_quote_asset_volume,0.000000,0.000000,0.000000,0.000000,OK
82,2026-06-11 16:15:00 UTC,NAORISUSDT,0.034250,0.034510,0.034130,0.034490,0.000240,0.700730,0.700730,1.109489,66.300067,499,-10,-1.964637,647137.000000,175514.000000,37.214894,22185.691770,6063.811100,37.612306,182909.000000,6275.799880,15909.891890,28.287601,91301789.000000,3127086.273250,-131523.000000,-0.143846,67.002850,0.002143,2.561300,-0.007600,-0.295846,71.920000,28.080000,1.976200,0.000000,0.000000,66.400000,33.600000,2.877500,0.016500,0.576721,74.210000,25.790000,binance_kline_quote_asset_volume,0.000000,0.000000,0.000000,0.000000,OK
83,2026-06-11 16:30:00 UTC,NAORISUSDT,0.034490,0.034750,0.034350,0.034660,0.000170,0.492896,0.492896,1.159756,68.060233,644,145,29.058116,642202.000000,-4935.000000,-0.762590,22201.841020,16.149250,0.072791,331946.000000,11472.816140,10729.024880,51.675067,91427501.000000,3153334.509490,125712.000000,0.137688,26248.236240,0.839383,2.566300,0.005000,0.195213,71.960000,28.040000,1.981800,0.005600,0.283372,66.460000,33.540000,2.883500,0.006000,0.208514,74.250000,25.750000,binance_kline_quote_asset_volume,0.000000,0.000000,0.000000,0.000000,OK
84,2026-06-11 16:45:00 UTC,NAORISUSDT,0.034680,0.034850,0.034390,0.034720,0.000060,0.173110,0.115340,1.326413,68.681970,889,245,38.043478,946856.000000,304654.000000,47.438968,32799.126810,10597.285790,47.731563,542024.000000,18787.183460,14011.943350,57.279523,91441284.000000,3169354.903440,13783.000000,0.015075,16020.393950,0.508046,2.563800,-0.002500,-0.097417,71.940000,28.060000,1.983700,0.001900,0.095872,66.480000,33.520000,2.886500,0.003000,0.104040,74.270000,25.730000,binance_kline_quote_asset_volume,0.000000,0.000000,0.000000,0.000000,OK
85,2026-06-11 17:00:00 UTC,NAORISUSDT,0.034690,0.034950,0.034200,0.034500,-0.000220,-0.633641,-0.547708,2.162006,63.779535,1581,692,77.840270,1781522.000000,834666.000000,88.151313,61744.899230,28945.772420,88.251656,693387.000000,24066.550380,37678.348850,38.977390,91474315.000000,3173920.897281,33031.000000,0.036123,4565.993841,0.144067,2.554900,-0.008900,-0.347141,71.870000,28.130000,1.981000,-0.002700,-0.136109,66.450000,33.550000,2.870000,-0.016500,-0.571627,74.160000,25.840000,binance_kline_quote_asset_volume,0.000000,0.000000,0.000000,0.000000,OK
86,2026-06-11 17:15:00 UTC,NAORISUSDT,0.034480,0.035480,0.034450,0.035420,0.000920,2.666667,2.726218,2.987239,72.590447,1693,112,7.084124,2281746.000000,500224.000000,28.078463,79658.681740,17913.782510,29.012571,1488058.000000,51943.871880,27714.809860,65.208049,91393033.000000,3150383.650494,-81282.000000,-0.088858,-23537.246787,-0.741583,2.560000,0.005100,0.199616,71.910000,28.090000,1.968300,-0.012700,-0.641090,66.310000,33.690000,2.917000,0.047000,1.637631,74.470000,25.530000,binance_kline_quote_asset_volume,0.000000,0.000000,0.000000,0.000000,OK
87,2026-06-11 17:30:00 UTC,NAORISUSDT,0.035440,0.035610,0.035110,0.035440,0.000020,0.056465,0.000000,1.410835,72.745660,1166,-527,-31.128175,1216843.000000,-1064903.000000,-46.670532,43044.310630,-36614.371110,-45.964069,512108.000000,18129.869590,24914.441040,42.119085,91511821.000000,3241348.699820,118788.000000,0.129975,90965.049326,2.887428,2.506300,-0.053700,-2.097656,71.480000,28.520000,1.970600,0.002300,0.116852,66.340000,33.660000,2.805200,-0.111800,-3.832705,73.720000,26.280000,binance_kline_quote_asset_volume,0.000000,0.000000,0.000000,0.000000,OK
88,2026-06-11 17:45:00 UTC,NAORISUSDT,0.035470,0.036050,0.035290,0.035860,0.000420,1.185102,1.099521,2.142656,75.839750,1438,272,23.327616,1523652.000000,306809.000000,25.213524,54452.858670,11408.548040,26.504195,937861.000000,33552.599850,20900.258820,61.617701,91449982.000000,3238243.862620,-61839.000000,-0.067575,-3104.837200,-0.095788,2.519900,0.013600,0.542633,71.590000,28.410000,1.971900,0.001300,0.065970,66.350000,33.650000,2.811000,0.005800,0.206759,73.760000,26.240000,binance_kline_quote_asset_volume,0.000000,0.000000,0.000000,0.000000,OK
89,2026-06-11 18:00:00 UTC,NAORISUSDT,0.035810,0.037830,0.035510,0.037000,0.001140,3.179030,3.323094,6.478637,81.859585,3169,1731,120.375522,4802768.000000,3279116.000000,215.214235,174930.124090,120477.265420,221.250580,2587515.000000,94479.933070,80450.191020,54.010099,91607693.000000,3285051.870980,157711.000000,0.172456,46808.008360,1.445475,2.524900,0.005000,0.198421,71.630000,28.370000,1.977500,0.005600,0.283990,66.410000,33.590000,2.779300,-0.031700,-1.127713,73.540000,26.460000,binance_kline_quote_asset_volume,0.000000,0.000000,0.000000,0.000000,OK
90,2026-06-11 18:15:00 UTC,NAORISUSDT,0.036970,0.037950,0.036710,0.037390,0.000390,1.054054,1.136056,3.354071,83.384807,4671,1502,47.396655,6868355.000000,2065587.000000,43.008261,256547.588510,81617.464420,46.657181,3285356.000000,122886.230920,133661.357590,47.899975,92060761.000000,3399803.903730,453068.000000,0.494574,114752.032750,3.493157,2.445900,-0.079000,-3.128837,70.980000,29.020000,1.967300,-0.010200,-0.515803,66.300000,33.700000,2.701000,-0.078300,-2.817256,72.980000,27.020000,binance_kline_quote_asset_volume,0.000000,0.000000,0.000000,0.000000,OK
91,2026-06-11 18:30:00 UTC,NAORISUSDT,0.037440,0.038850,0.037300,0.038540,0.001150,3.075689,2.938034,4.139957,86.886145,5412,741,15.863841,7654970.000000,786615.000000,11.452742,292617.658310,36070.069800,14.059797,3763793.000000,143935.579450,148682.078860,49.188959,92813114.000000,3474922.988160,752353.000000,0.817235,75119.084430,2.209512,2.444700,-0.001200,-0.049062,70.970000,29.030000,1.972000,0.004700,0.238906,66.350000,33.650000,2.741100,0.040100,1.484635,73.270000,26.730000,binance_kline_quote_asset_volume,0.000000,0.000000,0.000000,0.000000,OK
92,2026-06-11 18:45:00 UTC,NAORISUSDT,0.038520,0.040420,0.038510,0.040100,0.001560,4.047743,4.101765,4.958463,89.972973,8695,3283,60.661493,10798504.000000,3143534.000000,41.065269,426899.169530,134281.511220,45.889750,5470912.000000,216177.944650,210721.224880,50.639111,93295714.000000,3595616.817560,482600.000000,0.519970,120693.829400,3.473281,2.382900,-0.061800,-2.527918,70.440000,29.560000,1.969800,-0.002200,-0.111562,66.330000,33.670000,2.671100,-0.070000,-2.553719,72.760000,27.240000,binance_kline_quote_asset_volume,0.000000,0.000000,0.000000,0.000000,OK
93,2026-06-11 19:00:00 UTC,NAORISUSDT,0.040090,0.040190,0.038140,0.039320,-0.000780,-1.945137,-1.920678,5.113495,79.851996,8316,-379,-4.358827,9055594.000000,-1742910.000000,-16.140291,354298.508360,-72600.661170,-17.006513,3816837.000000,149493.255100,204805.253260,42.194153,94427286.000000,3780306.689088,1131572.000000,1.212887,184689.871528,5.136528,2.316700,-0.066200,-2.778127,69.850000,30.150000,1.976500,0.006700,0.340136,66.400000,33.600000,2.607500,-0.063600,-2.381042,72.280000,27.720000,binance_kline_quote_asset_volume,0.000000,0.000000,0.000000,0.000000,OK
94,2026-06-11 19:15:00 UTC,NAORISUSDT,0.039310,0.040160,0.038230,0.039610,0.000290,0.737538,0.763165,4.909692,80.720351,4484,-3832,-46.079846,7219308.000000,-1836286.000000,-20.277919,283012.103520,-71286.404840,-20.120436,2629973.000000,103091.896780,179920.206740,36.426674,93963005.000000,3699599.758085,-464281.000000,-0.491681,-80706.931004,-2.134931,2.317900,0.001200,0.051798,69.860000,30.140000,1.989200,0.012700,0.642550,66.550000,33.450000,2.532300,-0.075200,-2.883988,71.690000,28.310000,binance_kline_quote_asset_volume,0.000000,0.000000,0.000000,0.000000,OK
95,2026-06-11 19:30:00 UTC,NAORISUSDT,0.039650,0.039980,0.038670,0.039410,-0.000200,-0.504923,-0.605296,3.303909,78.216656,3081,-1403,-31.289028,3338663.000000,-3880645.000000,-53.753698,131304.179450,-151707.924070,-53.604748,1141660.000000,44921.727280,86382.452170,34.211955,95554855.000000,3779128.582400,1591850.000000,1.694124,79528.824315,2.149660,2.269000,-0.048900,-2.109668,69.410000,30.590000,2.014800,0.025600,1.286950,66.830000,33.170000,2.410600,-0.121700,-4.805908,70.680000,29.320000,binance_kline_quote_asset_volume,0.000000,0.000000,0.000000,0.000000,OK
96,2026-06-11 19:45:00 UTC,NAORISUSDT,0.039420,0.039840,0.038850,0.039800,0.000390,0.989597,0.963978,2.511416,79.548758,2555,-526,-17.072379,2702428.000000,-636235.000000,-19.056580,106359.477600,-24944.701850,-18.997645,1210397.000000,47717.205450,58642.272150,44.864084,95311059.000000,3753705.013670,-243796.000000,-0.255137,-25423.568730,-0.672736,2.230000,-0.039000,-1.718819,69.040000,30.960000,2.015800,0.001000,0.049633,66.840000,33.160000,2.376100,-0.034500,-1.431179,70.380000,29.620000,binance_kline_quote_asset_volume,0.000000,0.000000,0.000000,0.000000,OK
97,2026-06-11 20:00:00 UTC,NAORISUSDT,0.039790,0.040400,0.039340,0.040400,0.000600,1.507538,1.533049,2.663986,81.430202,2918,363,14.207436,3796631.000000,1094203.000000,40.489626,151305.260560,44945.782960,42.258371,1947060.000000,77729.145940,73576.114620,51.372401,95269509.000000,3789556.218785,-41550.000000,-0.043594,35851.205115,0.955089,2.184700,-0.045300,-2.031390,68.600000,31.400000,2.006800,-0.009000,-0.446473,66.740000,33.260000,2.304700,-0.071400,-3.004924,69.740000,30.260000,binance_kline_quote_asset_volume,0.000000,0.000000,0.000000,0.000000,OK
98,2026-06-11 20:15:00 UTC,NAORISUSDT,0.040390,0.042840,0.040270,0.042490,0.002090,5.173267,5.199307,6.362961,86.194538,8985,6067,207.916381,13330829.000000,9534198.000000,251.122587,555971.301580,404666.041020,267.450080,6871102.000000,286592.822230,269378.479350,51.548132,95431573.000000,3854525.131994,162064.000000,0.170111,64968.913209,1.714420,2.149600,-0.035100,-1.606628,68.250000,31.750000,2.002100,-0.004700,-0.234204,66.690000,33.310000,2.266900,-0.037800,-1.640127,69.390000,30.610000,binance_kline_quote_asset_volume,0.000000,0.000000,0.000000,0.000000,OK
99,2026-06-11 20:30:00 UTC,NAORISUSDT,0.042530,0.042660,0.041110,0.041540,-0.000950,-2.235820,-2.327769,3.644486,76.577165,6067,-2918,-32.476349,8879637.000000,-4451192.000000,-33.390212,371963.765920,-184007.535660,-33.096589,4197183.000000,176042.871160,195920.894760,47.327962,96851909.000000,4115237.613410,1420336.000000,1.488329,260712.481416,6.763803,2.189800,0.040200,1.870115,68.650000,31.350000,1.981400,-0.020700,-1.033914,66.460000,33.540000,2.330000,0.063100,2.783537,69.970000,30.030000,binance_kline_quote_asset_volume,0.000000,0.000000,0.000000,0.000000,OK
100,2026-06-11 20:45:00 UTC,NAORISUSDT,0.041560,0.042440,0.040540,0.040900,-0.000640,-1.540684,-1.588065,4.571704,70.842456,5710,-357,-5.884292,9252737.000000,373100.000000,4.201748,384892.156120,12928.390200,3.475712,3606117.000000,150455.387540,234436.768580,39.090271,96992227.000000,4029057.109580,140318.000000,0.144879,-86180.503830,-2.094181,2.191800,0.002000,0.091333,68.670000,31.330000,1.973100,-0.008300,-0.418896,66.360000,33.640000,2.341100,0.011100,0.476395,70.070000,29.930000,binance_kline_quote_asset_volume,0.000000,0.000000,0.000000,0.000000,OK

==================================================================================================================================LAST CANDLE SNAPSHOT — FULL DATA NEEDED FOR V3.2.1
==================================================================================================================================Candle Index        : 100
Time                : 2026-06-11 20:45:00 UTC
Close Time          : 2026-06-11 20:59:59 UTC
Symbol              : NAORISUSDT

[PRICE / RSI]
Open                : 0.04156000
High                : 0.04244000
Low                 : 0.04054000
Close               : 0.04090000
Close Change        : -0.00064000
Close Change %      : -1.5407%
Candle Body %       : -1.5881%
Price Range %       : 4.5717%
RSI(14)            : 70.84

[TRADES / VOLUME / QUOTE VOLUME]
Number of Trades    : 5710
Trades Change       : -357
Trades Change %     : -5.8843%
Volume              : 9252737.00000000
Volume Change       : 373100.00000000
Volume Change %     : 4.2017%
Quote Volume        : 384892.15612000
Quote Volume Change : 12928.39020000
Quote Volume Chg %  : 3.4757%
Quote Volume Source : binance_kline_quote_asset_volume
Taker Buy Base Vol  : 3606117.00000000
Taker Buy Quote Vol : 150455.38754000
Taker Sell Quote Vol: 234436.76858000
Taker Buy Quote %   : 39.0903%

[OPEN INTEREST]
Open Interest       : 96992227.00000000
OI Change           : 140318.00000000
OI Change %         : 0.1449%
OI Value            : 4029057.10958000
OI Value Change     : -86180.50383000
OI Value Change %   : -2.0942%

[TOP ACCOUNT L/S]
Top Acco L/S Ratio  : 2.19180000
Top Acco L/S Change : 0.00200000
Top Acco Chg %      : 0.0913%
Top Acco Long %     : 68.6700
Top Acco Short %    : 31.3300

[TOP POSITION L/S]
Top Posit L/S Ratio : 1.97310000
Top Posit L/S Change: -0.00830000
Top Posit Chg %     : -0.4189%
Top Posit Long %    : 66.3600
Top Posit Short %   : 33.6400

[GLOBAL L/S]
Global L/S Ratio    : 2.34110000
Global L/S Change   : 0.01110000
Global Chg %        : 0.4764%
Global Long %       : 70.0700
Global Short %      : 29.9300

[DATA QUALITY / TIMESTAMP MATCH]
OI Match Delta Min     : 0.0
Acco Match Delta Min   : 0.0
Posit Match Delta Min  : 0.0
Global Match Delta Min : 0.0
Data Quality           : OK

====================================================================================================
تمت الطباعة: 100 شمعة. كل صف في الجدول = شمعة واحدة.
RSI للسياق فقط. القرار البنيوي يعتمد على OI → Trades/Quote → L/S → Price Acceptance.
====================================================================================================

[Program finished]
