####################################################################################################
FETCHING BINANCE FUTURES DATA ...
####################################################################################################
SYMBOL     : OPNUSDT
PERIOD     : 15m
LIMIT      : 100
RSI_PERIOD : 14

========================================================================================================================================================================================================================================================================================================================================================================
BINANCE FUTURES MERGED DATA (L.S + OI + RSI + TRADES) | ROW = ONE CANDLE

Time                  Symbol      Close         RSI       Trades      OI              OI Chg        OI Chg %    Acco L/S    Acco Chg    Acco Chg%   Acco L%     Acco S%     Posit L/S   Posit Chg   Posit Chg%  Posit L%    Posit S%    Global L/S  Global Chg  Global Chg% Global L%   Global S%

2026-06-02 15:30:00 UTCOPNUSDT     0.111300      33.19     6123        37248767.000000 0.000000      0.00        2.180700    0.000000    0.00        68.56       31.44       1.342700    0.000000    0.00        57.31       42.69       1.564800    0.000000    0.00        61.01       38.99
2026-06-02 15:45:00 UTCOPNUSDT     0.112500      36.63     1892        36937368.000000 -311399.000000-0.84       2.166600    -0.014100   -0.65       68.42       31.58       1.347100    0.004400    0.33        57.39       42.61       1.534200    -0.030600   -1.96       60.54       39.46
2026-06-02 16:00:00 UTCOPNUSDT     0.113700      39.96     1645        36741072.000000 -196296.000000-0.53       2.153600    -0.013000   -0.60       68.29       31.71       1.348900    0.001800    0.13        57.43       42.57       1.534900    0.000700    0.05        60.55       39.45
2026-06-02 16:15:00 UTCOPNUSDT     0.114100      41.08     1368        36916238.000000 175166.000000 0.48        2.115300    -0.038300   -1.78       67.90       32.10       1.352300    0.003400    0.25        57.49       42.51       1.538700    0.003800    0.25        60.61       39.39
2026-06-02 16:30:00 UTCOPNUSDT     0.114800      43.06     1263        36818939.000000 -97299.000000 -0.26       2.088300    -0.027000   -1.28       67.62       32.38       1.345900    -0.006400   -0.47       57.37       42.63       1.533600    -0.005100   -0.33       60.53       39.47
2026-06-02 16:45:00 UTCOPNUSDT     0.115200      44.22     1339        36720477.000000 -98462.000000 -0.27       2.074100    -0.014200   -0.68       67.47       32.53       1.348000    0.002100    0.16        57.41       42.59       1.532900    -0.000700   -0.05       60.52       39.48
2026-06-02 17:00:00 UTCOPNUSDT     0.116400      47.66     1753        36613624.000000 -106853.000000-0.29       2.038600    -0.035500   -1.71       67.09       32.91       1.343700    -0.004300   -0.32       57.33       42.67       1.515700    -0.017200   -1.12       60.25       39.75
2026-06-02 17:15:00 UTCOPNUSDT     0.118000      51.91     1051        36467911.000000 -145713.000000-0.40       2.015700    -0.022900   -1.12       66.84       33.16       1.342200    -0.001500   -0.11       57.31       42.69       1.500000    -0.015700   -1.04       60.00       40.00
2026-06-02 17:30:00 UTCOPNUSDT     0.118200      52.43     1173        36465097.000000 -2814.000000  -0.01       1.998500    -0.017200   -0.85       66.65       33.35       1.340700    -0.001500   -0.11       57.28       42.72       1.488800    -0.011200   -0.75       59.82       40.18
2026-06-02 17:45:00 UTCOPNUSDT     0.119800      56.49     1126        36549364.000000 84267.000000  0.23        1.986000    -0.012500   -0.63       66.51       33.49       1.339100    -0.001600   -0.12       57.25       42.75       1.488800    0.000000    0.00        59.82       40.18
2026-06-02 18:00:00 UTCOPNUSDT     0.119000      54.01     2034        36610148.000000 60784.000000  0.17        1.976200    -0.009800   -0.49       66.40       33.60       1.336600    -0.002500   -0.19       57.20       42.80       1.485100    -0.003700   -0.25       59.76       40.24
2026-06-02 18:15:00 UTCOPNUSDT     0.120700      58.21     1471        36682669.000000 72521.000000  0.20        1.993100    0.016900    0.86        66.59       33.41       1.348600    0.012000    0.90        57.42       42.58       1.491900    0.006800    0.46        59.87       40.13
2026-06-02 18:30:00 UTCOPNUSDT     0.121900      60.92     1543        36888028.000000 205359.000000 0.56        1.977100    -0.016000   -0.80       66.41       33.59       1.356100    0.007500    0.56        57.56       42.44       1.472800    -0.019100   -1.28       59.56       40.44
2026-06-02 18:45:00 UTCOPNUSDT     0.122400      62.03     1429        36827152.000000 -60876.000000 -0.17       1.963800    -0.013300   -0.67       66.26       33.74       1.348100    -0.008000   -0.59       57.41       42.59       1.482000    0.009200    0.62        59.71       40.29
2026-06-02 19:00:00 UTCOPNUSDT     0.122800      62.93     2182        36898747.000000 71595.000000  0.19        1.940300    -0.023500   -1.20       65.99       34.01       1.343700    -0.004400   -0.33       57.33       42.67       1.469700    -0.012300   -0.83       59.51       40.49
2026-06-02 19:15:00 UTCOPNUSDT     0.121100      56.75     1819        37038066.000000 139319.000000 0.38        1.936000    -0.004300   -0.22       65.94       34.06       1.344200    0.000500    0.04        57.34       42.66       1.469700    0.000000    0.00        59.51       40.49
2026-06-02 19:30:00 UTCOPNUSDT     0.120200      53.74     3776        37201300.000000 163234.000000 0.44        1.938600    0.002600    0.13        65.97       34.03       1.337800    -0.006400   -0.48       57.22       42.78       1.471000    0.001300    0.09        59.53       40.47
2026-06-02 19:45:00 UTCOPNUSDT     0.122800      60.29     2020        37157962.000000 -43338.000000 -0.12       1.970000    0.031400    1.62        66.33       33.67       1.350400    0.012600    0.94        57.45       42.55       1.467300    -0.003700   -0.25       59.47       40.53
2026-06-02 20:00:00 UTCOPNUSDT     0.121800      56.95     2489        37376661.000000 218699.000000 0.59        1.932600    -0.037400   -1.90       65.90       34.10       1.353600    0.003200    0.24        57.51       42.49       1.448000    -0.019300   -1.32       59.15       40.85
2026-06-02 20:15:00 UTCOPNUSDT     0.123000      59.83     1967        37409572.000000 32911.000000  0.09        1.943800    0.011200    0.58        66.03       33.97       1.364700    0.011100    0.82        57.71       42.29       1.471600    0.023600    1.63        59.54       40.46
2026-06-02 20:30:00 UTCOPNUSDT     0.125000      64.13     1816        37374595.000000 -34977.000000 -0.09       1.930000    -0.013800   -0.71       65.87       34.13       1.365500    0.000800    0.06        57.73       42.27       1.450400    -0.021200   -1.44       59.19       40.81
2026-06-02 20:45:00 UTCOPNUSDT     0.127100      68.01     2129        37551038.000000 176443.000000 0.47        1.891000    -0.039000   -2.02       65.41       34.59       1.363100    -0.002400   -0.18       57.68       42.32       1.426600    -0.023800   -1.64       58.79       41.21
2026-06-02 21:00:00 UTCOPNUSDT     0.126900      67.26     2231        37707790.000000 156752.000000 0.42        1.885200    -0.005800   -0.31       65.34       34.66       1.357100    -0.006000   -0.44       57.57       42.43       1.425400    -0.001200   -0.08       58.77       41.23
2026-06-02 21:15:00 UTCOPNUSDT     0.127800      68.91     1408        37663320.000000 -44470.000000 -0.12       1.903600    0.018400    0.98        65.56       34.44       1.361800    0.004700    0.35        57.66       42.34       1.443200    0.017800    1.25        59.07       40.93
2026-06-02 21:30:00 UTCOPNUSDT     0.128200      69.64     1151        37670917.000000 7597.000000   0.02        1.897700    -0.005900   -0.31       65.49       34.51       1.361400    -0.000400   -0.03       57.65       42.35       1.436100    -0.007100   -0.49       58.95       41.05
2026-06-02 21:45:00 UTCOPNUSDT     0.129700      72.28     1770        37723335.000000 52418.000000  0.14        1.908700    0.011000    0.58        65.62       34.38       1.361700    0.000300    0.02        57.66       42.34       1.426000    -0.010100   -0.70       58.78       41.22
2026-06-02 22:00:00 UTCOPNUSDT     0.130800      74.06     2298        37886898.000000 163563.000000 0.43        1.854700    -0.054000   -2.83       64.97       35.03       1.351600    -0.010100   -0.74       57.48       42.52       1.401000    -0.025000   -1.75       58.35       41.65
2026-06-02 22:15:00 UTCOPNUSDT     0.133300      77.59     2035        37931092.000000 44194.000000  0.12        1.809800    -0.044900   -2.42       64.41       35.59       1.351800    0.000200    0.01        57.48       42.52       1.379800    -0.021200   -1.51       57.98       42.02
2026-06-02 22:30:00 UTCOPNUSDT     0.128400      60.30     3681        38086223.000000 155131.000000 0.41        1.795600    -0.014200   -0.78       64.23       35.77       1.358300    0.006500    0.48        57.60       42.40       1.369700    -0.010100   -0.73       57.80       42.20
2026-06-02 22:45:00 UTCOPNUSDT     0.123600      48.82     4035        38032362.000000 -53861.000000 -0.14       1.827300    0.031700    1.77        64.63       35.37       1.381000    0.022700    1.67        58.00       42.00       1.402100    0.032400    2.37        58.37       41.63
2026-06-02 23:00:00 UTCOPNUSDT     0.123100      47.80     2480        37995622.000000 -36740.000000 -0.10       1.881000    0.053700    2.94        65.29       34.71       1.401200    0.020200    1.46        58.35       41.65       1.417200    0.015100    1.08        58.63       41.37
2026-06-02 23:15:00 UTCOPNUSDT     0.121100      43.85     3342        37863618.000000 -132004.000000-0.35       1.886000    0.005000    0.27        65.35       34.65       1.410100    0.008900    0.64        58.51       41.49       1.417800    0.000600    0.04        58.64       41.36
2026-06-02 23:30:00 UTCOPNUSDT     0.121400      44.59     2060        37644325.000000 -219293.000000-0.58       1.922300    0.036300    1.92        65.78       34.22       1.421200    0.011100    0.79        58.70       41.30       1.423100    0.005300    0.37        58.73       41.27
2026-06-02 23:45:00 UTCOPNUSDT     0.120200      42.20     1579        37754231.000000 109906.000000 0.29        1.912900    -0.009400   -0.49       65.67       34.33       1.417300    -0.003900   -0.27       58.63       41.37       1.421900    -0.001200   -0.08       58.71       41.29
2026-06-03 00:00:00 UTCOPNUSDT     0.120000      41.79     1794        37758421.000000 4190.000000   0.01        1.927400    0.014500    0.76        65.84       34.16       1.420900    0.003600    0.25        58.69       41.31       1.430100    0.008200    0.58        58.85       41.15
2026-06-03 00:15:00 UTCOPNUSDT     0.120500      43.25     1339        37770785.000000 12364.000000  0.03        1.960300    0.032900    1.71        66.22       33.78       1.421400    0.000500    0.04        58.70       41.30       1.433700    0.003600    0.25        58.91       41.09
2026-06-03 00:30:00 UTCOPNUSDT     0.119400      40.83     1360        37722979.000000 -47806.000000 -0.13       1.912900    -0.047400   -2.42       65.67       34.33       1.422300    0.000900    0.06        58.72       41.28       1.419000    -0.014700   -1.03       58.66       41.34
2026-06-03 00:45:00 UTCOPNUSDT     0.119200      40.39     1149        37614100.000000 -108879.000000-0.29       1.968200    0.055300    2.89        66.31       33.69       1.424400    0.002100    0.15        58.75       41.25       1.451000    0.032000    2.26        59.20       40.80
2026-06-03 01:00:00 UTCOPNUSDT     0.118100      37.95     1650        37606809.000000 -7291.000000  -0.02       1.982400    0.014200    0.72        66.47       33.53       1.430600    0.006200    0.44        58.86       41.14       1.448000    -0.003000   -0.21       59.15       40.85
2026-06-03 01:15:00 UTCOPNUSDT     0.118300      38.67     1049        37543339.000000 -63470.000000 -0.17       1.970000    -0.012400   -0.63       66.33       33.67       1.436900    0.006300    0.44        58.96       41.04       1.435500    -0.012500   -0.86       58.94       41.06
2026-06-03 01:30:00 UTCOPNUSDT     0.119200      41.96     1492        37455027.000000 -88312.000000 -0.24       1.980600    0.010600    0.54        66.45       33.55       1.434700    -0.002200   -0.15       58.93       41.07       1.439600    0.004100    0.29        59.01       40.99
2026-06-03 01:45:00 UTCOPNUSDT     0.121700      49.98     1441        37324655.000000 -130372.000000-0.35       1.971800    -0.008800   -0.44       66.35       33.65       1.431500    -0.003200   -0.22       58.87       41.13       1.427800    -0.011800   -0.82       58.81       41.19
2026-06-03 02:00:00 UTCOPNUSDT     0.121100      48.26     1012        37327831.000000 3176.000000   0.01        1.948100    -0.023700   -1.20       66.08       33.92       1.420000    -0.011500   -0.80       58.68       41.32       1.433700    0.005900    0.41        58.91       41.09
2026-06-03 02:15:00 UTCOPNUSDT     0.121000      47.96     873         37408976.000000 81145.000000  0.22        1.933400    -0.014700   -0.75       65.91       34.09       1.414300    -0.005700   -0.40       58.58       41.42       1.425400    -0.008300   -0.58       58.77       41.23
2026-06-03 02:30:00 UTCOPNUSDT     0.121700      50.27     625         37423475.000000 14499.000000  0.04        1.943800    0.010400    0.54        66.03       33.97       1.415200    0.000900    0.06        58.59       41.41       1.436600    0.011200    0.79        58.96       41.04
2026-06-03 02:45:00 UTCOPNUSDT     0.123000      54.31     695         37456810.000000 33335.000000  0.09        1.936900    -0.006900   -0.35       65.95       34.05       1.423700    0.008500    0.60        58.74       41.26       1.426000    -0.010600   -0.74       58.78       41.22
2026-06-03 03:00:00 UTCOPNUSDT     0.123300      55.22     1038        37502915.000000 46105.000000  0.12        1.932600    -0.004300   -0.22       65.90       34.10       1.422300    -0.001400   -0.10       58.72       41.28       1.417800    -0.008200   -0.58       58.64       41.36
2026-06-03 03:15:00 UTCOPNUSDT     0.121200      48.04     1102        37446694.000000 -56221.000000 -0.15       1.924800    -0.007800   -0.40       65.81       34.19       1.420900    -0.001400   -0.10       58.69       41.31       1.422500    0.004700    0.33        58.72       41.28
2026-06-03 03:30:00 UTCOPNUSDT     0.117700      38.95     1863        37396842.000000 -49852.000000 -0.13       1.963800    0.039000    2.03        66.26       33.74       1.432400    0.011500    0.81        58.89       41.11       1.437200    0.014700    1.03        58.97       41.03
2026-06-03 03:45:00 UTCOPNUSDT     0.118500      41.66     2739        37537668.000000 140826.000000 0.38        1.978000    0.014200    0.72        66.42       33.58       1.436200    0.003800    0.27        58.95       41.05       1.437800    0.000600    0.04        58.98       41.02
2026-06-03 04:00:00 UTCOPNUSDT     0.118100      40.69     1612        37759336.000000 221668.000000 0.59        1.994000    0.016000    0.81        66.60       33.40       1.435700    -0.000500   -0.03       58.94       41.06       1.437800    0.000000    0.00        58.98       41.02
2026-06-03 04:15:00 UTCOPNUSDT     0.119300      44.86     925         37687357.000000 -71979.000000 -0.19       1.969100    -0.024900   -1.25       66.32       33.68       1.431700    -0.004000   -0.28       58.88       41.12       1.437800    0.000000    0.00        58.98       41.02
2026-06-03 04:30:00 UTCOPNUSDT     0.117700      40.75     1177        37654335.000000 -33022.000000 -0.09       1.975300    0.006200    0.31        66.39       33.61       1.427900    -0.003800   -0.27       58.81       41.19       1.430700    -0.007100   -0.49       58.86       41.14
2026-06-03 04:45:00 UTCOPNUSDT     0.117500      40.25     1109        37531203.000000 -123132.000000-0.33       1.997600    0.022300    1.13        66.64       33.36       1.429400    0.001500    0.11        58.84       41.16       1.446800    0.016100    1.13        59.13       40.87
2026-06-03 05:00:00 UTCOPNUSDT     0.119100      45.93     1763        37507695.000000 -23508.000000 -0.06       1.988600    -0.009000   -0.45       66.54       33.46       1.431600    0.002200    0.15        58.87       41.13       1.442000    -0.004800   -0.33       59.05       40.95
2026-06-03 05:15:00 UTCOPNUSDT     0.120800      51.23     1061        37294936.000000 -212759.000000-0.57       1.986000    -0.002600   -0.13       66.51       33.49       1.428100    -0.003500   -0.24       58.82       41.18       1.429500    -0.012500   -0.87       58.84       41.16
2026-06-03 05:30:00 UTCOPNUSDT     0.120200      49.39     1066        37287442.000000 -7494.000000  -0.02       1.971800    -0.014200   -0.72       66.35       33.65       1.420700    -0.007400   -0.52       58.69       41.31       1.428400    -0.001100   -0.08       58.82       41.18
2026-06-03 05:45:00 UTCOPNUSDT     0.120100      49.08     688         37327564.000000 40122.000000  0.11        1.963800    -0.008000   -0.41       66.26       33.74       1.415200    -0.005500   -0.39       58.60       41.40       1.421900    -0.006500   -0.46       58.71       41.29
2026-06-03 06:00:00 UTCOPNUSDT     0.120900      51.74     797         37426600.000000 99036.000000  0.27        1.959500    -0.004300   -0.22       66.21       33.79       1.407200    -0.008000   -0.57       58.46       41.54       1.428400    0.006500    0.46        58.82       41.18
2026-06-03 06:15:00 UTCOPNUSDT     0.120500      50.32     446         37442323.000000 15723.000000  0.04        1.933400    -0.026100   -1.33       65.91       34.09       1.406400    -0.000800   -0.06       58.44       41.56       1.416600    -0.011800   -0.83       58.62       41.38
2026-06-03 06:30:00 UTCOPNUSDT     0.120200      49.23     724         37428684.000000 -13639.000000 -0.04       1.951600    0.018200    0.94        66.12       33.88       1.405600    -0.000800   -0.06       58.43       41.57       1.426600    0.010000    0.71        58.79       41.21
2026-06-03 06:45:00 UTCOPNUSDT     0.119700      47.39     617         37421372.000000 -7312.000000  -0.02       1.953300    0.001700    0.09        66.14       33.86       1.402500    -0.003100   -0.22       58.38       41.62       1.424200    -0.002400   -0.17       58.75       41.25
2026-06-03 07:00:00 UTCOPNUSDT     0.120100      49.03     917         37404661.000000 -16711.000000 -0.04       1.934300    -0.019000   -0.97       65.92       34.08       1.402600    0.000100    0.01        58.38       41.62       1.400400    -0.023800   -1.67       58.34       41.66
2026-06-03 07:15:00 UTCOPNUSDT     0.120900      52.25     719         37328774.000000 -75887.000000 -0.20       1.907000    -0.027300   -1.41       65.60       34.40       1.396900    -0.005700   -0.41       58.28       41.72       1.377000    -0.023400   -1.67       57.93       42.07
2026-06-03 07:30:00 UTCOPNUSDT     0.120200      49.32     710         37266656.000000 -62118.000000 -0.17       1.901900    -0.005100   -0.27       65.54       34.46       1.394100    -0.002800   -0.20       58.23       41.77       1.383200    0.006200    0.45        58.04       41.96
2026-06-03 07:45:00 UTCOPNUSDT     0.120500      50.60     637         37216091.000000 -50565.000000 -0.14       1.914600    0.012700    0.67        65.69       34.31       1.392600    -0.001500   -0.11       58.20       41.80       1.385500    0.002300    0.17        58.08       41.92
2026-06-03 08:00:00 UTCOPNUSDT     0.119800      47.58     939         37221899.000000 5808.000000   0.02        1.884300    -0.030300   -1.58       65.33       34.67       1.392800    0.000200    0.01        58.21       41.79       1.377600    -0.007900   -0.57       57.94       42.06
2026-06-03 08:15:00 UTCOPNUSDT     0.119900      48.06     641         37227386.000000 5487.000000   0.01        1.918000    0.033700    1.79        65.73       34.27       1.387500    -0.005300   -0.38       58.12       41.88       1.392900    0.015300    1.11        58.21       41.79
2026-06-03 08:30:00 UTCOPNUSDT     0.119700      47.13     680         37177885.000000 -49501.000000 -0.13       1.906100    -0.011900   -0.62       65.59       34.41       1.386500    -0.001000   -0.07       58.10       41.90       1.391200    -0.001700   -0.12       58.18       41.82
2026-06-03 08:45:00 UTCOPNUSDT     0.119700      47.13     494         37160790.000000 -17095.000000 -0.05       1.897700    -0.008400   -0.44       65.49       34.51       1.383400    -0.003100   -0.22       58.04       41.96       1.390100    -0.001100   -0.08       58.16       41.84
2026-06-03 09:00:00 UTCOPNUSDT     0.119500      46.11     723         37156995.000000 -3795.000000  -0.01       1.896000    -0.001700   -0.09       65.47       34.53       1.382900    -0.000500   -0.04       58.03       41.97       1.386600    -0.003500   -0.25       58.10       41.90
2026-06-03 09:15:00 UTCOPNUSDT     0.120400      51.25     649         37152087.000000 -4908.000000  -0.01       1.888500    -0.007500   -0.40       65.38       34.62       1.383300    0.000400    0.03        58.04       41.96       1.379800    -0.006800   -0.49       57.98       42.02
2026-06-03 09:30:00 UTCOPNUSDT     0.119600      46.96     392         37127578.000000 -24509.000000 -0.07       1.887700    -0.000800   -0.04       65.37       34.63       1.382600    -0.000700   -0.05       58.03       41.97       1.384900    0.005100    0.37        58.07       41.93
2026-06-03 09:45:00 UTCOPNUSDT     0.120000      49.25     735         37118106.000000 -9472.000000  -0.03       1.876000    -0.011700   -0.62       65.23       34.77       1.380400    -0.002200   -0.16       57.99       42.01       1.381000    -0.003900   -0.28       58.00       42.00
2026-06-03 10:00:00 UTCOPNUSDT     0.120700      53.06     956         37088433.000000 -29673.000000 -0.08       1.829700    -0.046300   -2.47       64.66       35.34       1.377700    -0.002700   -0.20       57.94       42.06       1.354600    -0.026400   -1.91       57.53       42.47
2026-06-03 10:15:00 UTCOPNUSDT     0.120600      52.46     386         36990021.000000 -98412.000000 -0.27       1.838500    0.008800    0.48        64.77       35.23       1.374900    -0.002800   -0.20       57.89       42.11       1.366300    0.011700    0.86        57.74       42.26
2026-06-03 10:30:00 UTCOPNUSDT     0.119500      46.20     612         36975652.000000 -14369.000000 -0.04       1.846600    0.008100    0.44        64.87       35.13       1.372900    -0.002000   -0.15       57.86       42.14       1.372500    0.006200    0.45        57.85       42.15
2026-06-03 10:45:00 UTCOPNUSDT     0.119700      47.43     490         36949567.000000 -26085.000000 -0.07       1.912100    0.065500    3.55        65.66       34.34       1.373100    0.000200    0.01        57.86       42.14       1.413700    0.041200    3.00        58.57       41.43
2026-06-03 11:00:00 UTCOPNUSDT     0.119800      48.07     665         36913958.000000 -35609.000000 -0.10       1.894400    -0.017700   -0.93       65.45       34.55       1.369800    -0.003300   -0.24       57.80       42.20       1.411400    -0.002300   -0.16       58.53       41.47
2026-06-03 11:15:00 UTCOPNUSDT     0.119700      47.45     609         36953743.000000 39785.000000  0.11        1.903600    0.009200    0.49        65.56       34.44       1.369500    -0.000300   -0.02       57.80       42.20       1.412000    0.000600    0.04        58.54       41.46
2026-06-03 11:30:00 UTCOPNUSDT     0.119500      46.16     771         36936156.000000 -17587.000000 -0.05       1.909500    0.005900    0.31        65.63       34.37       1.368400    -0.001100   -0.08       57.78       42.22       1.414300    0.002300    0.16        58.58       41.42
2026-06-03 11:45:00 UTCOPNUSDT     0.119800      48.42     600         36946690.000000 10534.000000  0.03        1.916300    0.006800    0.36        65.71       34.29       1.368000    -0.000400   -0.03       57.77       42.23       1.411400    -0.002900   -0.21       58.53       41.47
2026-06-03 12:00:00 UTCOPNUSDT     0.119800      48.42     538         36952241.000000 5551.000000   0.02        1.907800    -0.008500   -0.44       65.61       34.39       1.368900    0.000900    0.07        57.79       42.21       1.405600    -0.005800   -0.41       58.43       41.57
2026-06-03 12:15:00 UTCOPNUSDT     0.119700      47.64     557         36980954.000000 28713.000000  0.08        1.884300    -0.023500   -1.23       65.33       34.67       1.369600    0.000700    0.05        57.80       42.20       1.395800    -0.009800   -0.70       58.26       41.74
2026-06-03 12:30:00 UTCOPNUSDT     0.119900      49.38     520         36940475.000000 -40479.000000 -0.11       1.880200    -0.004100   -0.22       65.28       34.72       1.368600    -0.001000   -0.07       57.78       42.22       1.395200    -0.000600   -0.04       58.25       41.75
2026-06-03 12:45:00 UTCOPNUSDT     0.120000      50.27     416         36909925.000000 -30550.000000 -0.08       1.872700    -0.007500   -0.40       65.19       34.81       1.368800    0.000200    0.01        57.78       42.22       1.392900    -0.002300   -0.16       58.21       41.79
2026-06-03 13:00:00 UTCOPNUSDT     0.119300      44.40     583         36934489.000000 24564.000000  0.07        1.845000    -0.027700   -1.48       64.85       35.15       1.367400    -0.001400   -0.10       57.76       42.24       1.374700    -0.018200   -1.31       57.89       42.11
2026-06-03 13:15:00 UTCOPNUSDT     0.126700      76.13     5379        36932328.000000 -2161.000000  -0.01       1.841700    -0.003300   -0.18       64.81       35.19       1.365400    -0.002000   -0.15       57.72       42.28       1.383800    0.009100    0.66        58.05       41.95
2026-06-03 13:30:00 UTCOPNUSDT     0.127900      78.30     5286        37453565.000000 521237.000000 1.41        1.724800    -0.116900   -6.35       63.30       36.70       1.391300    0.025900    1.90        58.18       41.82       1.325000    -0.058800   -4.25       56.99       43.01
2026-06-03 13:45:00 UTCOPNUSDT     0.129600      80.93     4479        37476014.000000 22449.000000  0.06        1.727000    0.002200    0.13        63.33       36.67       1.376700    -0.014600   -1.05       57.93       42.07       1.344100    0.019100    1.44        57.34       42.66
2026-06-03 14:00:00 UTCOPNUSDT     0.133100      84.98     8846        37748240.000000 272226.000000 0.73        1.690300    -0.036700   -2.13       62.83       37.17       1.367700    -0.009000   -0.65       57.77       42.23       1.320700    -0.023400   -1.74       56.91       43.09
2026-06-03 14:15:00 UTCOPNUSDT     0.132700      82.82     6747        37960866.000000 212626.000000 0.56        1.726300    0.036000    2.13        63.32       36.68       1.400100    0.032400    2.37        58.33       41.67       1.343600    0.022900    1.73        57.33       42.67
2026-06-03 14:30:00 UTCOPNUSDT     0.137700      87.20     9926        38211261.000000 250395.000000 0.66        1.658900    -0.067400   -3.90       62.39       37.61       1.405100    0.005000    0.36        58.42       41.58       1.329400    -0.014200   -1.06       57.07       42.93
2026-06-03 14:45:00 UTCOPNUSDT     0.139800      88.53     10969       38288663.000000 77402.000000  0.20        1.666700    0.007800    0.47        62.50       37.50       1.405300    0.000200    0.01        58.42       41.58       1.336400    0.007000    0.53        57.20       42.80
2026-06-03 15:00:00 UTCOPNUSDT     0.142900      90.15     15246       38841973.000000 553310.000000 1.45        1.601500    -0.065200   -3.91       61.56       38.44       1.418900    0.013600    0.97        58.66       41.34       1.293100    -0.043300   -3.24       56.39       43.61
2026-06-03 15:15:00 UTCOPNUSDT     0.145100      91.11     9822        39936100.000000 1094127.0000002.82        1.524600    -0.076900   -4.80       60.39       39.61       1.421200    0.002300    0.16        58.70       41.30       1.272700    -0.020400   -1.58       56.00       44.00
2026-06-03 15:30:00 UTCOPNUSDT     0.145600      91.31     15450       40175010.000000 238910.000000 0.60        1.535500    0.010900    0.71        60.56       39.44       1.413400    -0.007800   -0.55       58.56       41.44       1.269100    -0.003600   -0.28       55.93       44.07
2026-06-03 15:45:00 UTCOPNUSDT     0.164900      95.59     42902       40328886.000000 153876.000000 0.38        1.469100    -0.066400   -4.32       59.50       40.50       1.441800    0.028400    2.01        59.05       40.95       1.245700    -0.023400   -1.84       55.47       44.53
2026-06-03 16:00:00 UTCOPNUSDT     0.188900      97.34     177010      43937132.000000 3608246.0000008.95        1.216300    -0.252800   -17.21      54.88       45.12       1.512900    0.071100    4.93        60.21       39.79       1.078600    -0.167100   -13.41      51.89       48.11
2026-06-03 16:15:00 UTCOPNUSDT     0.200700      97.80     82630       52692413.000000 8755281.00000019.93       0.967700    -0.248600   -20.44      49.18       50.82       1.503200    -0.009700   -0.64       60.05       39.95       0.958500    -0.120100   -11.13      48.94       51.06

==============================================================================================================
LAST SNAPSHOT

Time                : 2026-06-03 16:15:00 UTC
Symbol              : OPNUSDT
Close               : 0.200700
RSI(14)            : 97.80
Number of Trades    : 82630
Volume              : 43931764.000000
Quote Volume        : 8589529.837300

Open Interest       : 52692413.000000
OI Change           : 8755281.000000
OI Change %         : 19.93%
OI Value            : 9934446.812043

Top Acco L/S Ratio  : 0.967700
Top Acco L/S Change : -0.248600
Top Acco Chg %      : -20.44%
Top Acco Long %     : 49.18
Top Acco Short %    : 50.82

Top Posit L/S Ratio : 1.503200
Top Posit L/S Change: -0.009700
Top Posit Chg %     : -0.64%
Top Posit Long %    : 60.05
Top Posit Short %   : 39.95

Global L/S Ratio    : 0.958500
Global L/S Change   : -0.120100
Global Chg %        : -11.13%
Global Long %       : 48.94
Global Short %      : 51.06

[Program finished] 
