####################################################################################################
FETCHING BINANCE FUTURES DATA ...
####################################################################################################
SYMBOL     : PIPPINUSDT
PERIOD     : 15m
LIMIT      : 100
RSI_PERIOD : 14
PRINT MODE : CSV_STYLE
NOTE       : EACH OUTPUT ROW = ONE ACTUAL KLINE CANDLE
####################################################################################################

============================================================================================================================================
ANALYSIS-READY CANDLE DATA FOR V3.2.1 | CSV STYLE | EACH ROW = ONE 15m CANDLE
============================================================================================================================================
candle_index,time,symbol,open,high,low,close,close_change,close_change_pct,candle_body_pct,price_range_pct,rsi,number_of_trades,trades_change,trades_change_pct,volume,volume_change,volume_change_pct,quote_volume,quote_volume_change,quote_volume_change_pct,taker_buy_base_volume,taker_buy_quote_volume,taker_sell_quote_volume,taker_buy_quote_pct,oi,oi_value,oi_change,oi_change_pct,oi_value_change,oi_value_change_pct,acco_ls_ratio,acco_ls_change,acco_ls_change_pct,acco_long_pct,acco_short_pct,posit_ls_ratio,posit_ls_change,posit_ls_change_pct,posit_long_pct,posit_short_pct,global_ls_ratio,global_ls_change,global_ls_change_pct,global_long_pct,global_short_pct,quote_volume_source,oi_match_delta_min,acco_match_delta_min,posit_match_delta_min,global_match_delta_min,data_quality1,2026-06-07 17:30:00 UTC,PIPPINUSDT,0.015410,0.015970,0.015270,0.015840,0.000000,0.000000,2.790396,4.542505,88.073394,14053,0.000000,0.000000,110636644.000000,0.000000,0.000000,1738032.272660,0.000000,0.000000,50588598.000000,795118.639340,942913.633320,45.748209,379628167.000000,5867567.115687,0.000000,0.000000,0.000000,0.000000,5.131200,0.000000,0.000000,83.690000,16.310000,1.409900,0.000000,0.000000,58.500000,41.500000,5.056900,0.000000,0.000000,83.490000,16.510000,binance_kline_quote_asset_volume,0.000000,0.000000,0.000000,0.000000,OK
2,2026-06-07 17:45:00 UTC,PIPPINUSDT,0.015840,0.015910,0.015310,0.015520,-0.000320,-2.020202,-2.020202,3.787879,76.051188,9797,-4256,-30.285348,64028409.000000,-46608235.000000,-42.127304,1002239.575670,-735792.696990,-42.334812,30211329.000000,473054.559430,529185.016240,47.199749,394242563.000000,6241821.724144,14614396.000000,3.849661,374254.608457,6.378361,5.172800,0.041600,0.810727,83.800000,16.200000,1.433000,0.023100,1.638414,58.900000,41.100000,5.138700,0.081800,1.617592,83.710000,16.290000,binance_kline_quote_asset_volume,0.000000,0.000000,0.000000,0.000000,OK
3,2026-06-07 18:00:00 UTC,PIPPINUSDT,0.015530,0.015600,0.015360,0.015540,0.000020,0.128866,0.064392,1.545396,76.269218,5166,-4631,-47.269572,33066238.000000,-30962171.000000,-48.356927,511579.656190,-490659.919480,-48.956350,18847649.000000,291767.548220,219812.107970,57.032672,396933319.000000,6164374.444070,2690756.000000,0.682513,-77447.280074,-1.240780,5.230500,0.057700,1.115450,83.950000,16.050000,1.457300,0.024300,1.695743,59.310000,40.690000,5.184300,0.045600,0.887384,83.830000,16.170000,binance_kline_quote_asset_volume,0.000000,0.000000,0.000000,0.000000,OK
4,2026-06-07 18:15:00 UTC,PIPPINUSDT,0.015550,0.015670,0.015340,0.015610,0.000070,0.450450,0.385852,2.122186,77.056525,4002,-1164,-22.531940,27234084.000000,-5832154.000000,-17.637791,421797.102230,-89782.553960,-17.550063,16301911.000000,252634.643880,169162.458350,59.894827,395281422.000000,6150424.766565,-1651897.000000,-0.416165,-13949.677505,-0.226295,5.188100,-0.042400,-0.810630,83.840000,16.160000,1.438500,-0.018800,-1.290057,58.990000,41.010000,5.161400,-0.022900,-0.441718,83.770000,16.230000,binance_kline_quote_asset_volume,0.000000,0.000000,0.000000,0.000000,OK
5,2026-06-07 18:30:00 UTC,PIPPINUSDT,0.015610,0.015670,0.015390,0.015500,-0.000110,-0.704676,-0.704676,1.793722,72.960173,3784,-218,-5.447276,26525712.000000,-708372.000000,-2.601049,411642.958660,-10154.143570,-2.407353,11544169.000000,179273.383860,232369.574800,43.550699,395251706.000000,6168179.548324,-29716.000000,-0.007518,17754.781759,0.288676,5.165200,-0.022900,-0.441395,83.780000,16.220000,1.416600,-0.021900,-1.522419,58.620000,41.380000,5.127500,-0.033900,-0.656799,83.680000,16.320000,binance_kline_quote_asset_volume,0.000000,0.000000,0.000000,0.000000,OK
6,2026-06-07 18:45:00 UTC,PIPPINUSDT,0.015490,0.015550,0.015070,0.015200,-0.000300,-1.935484,-1.872176,3.098773,63.106951,5734,1950,51.532770,52046730.000000,25521018.000000,96.212377,793252.625370,381609.666710,92.704043,18665927.000000,284613.873980,508638.751390,35.879349,393018855.000000,6097880.114564,-2232851.000000,-0.564919,-70299.433760,-1.139711,5.215000,0.049800,0.964145,83.910000,16.090000,1.410000,-0.006600,-0.465904,58.510000,41.490000,5.222800,0.095300,1.858606,83.930000,16.070000,binance_kline_quote_asset_volume,0.000000,0.000000,0.000000,0.000000,OK
7,2026-06-07 19:00:00 UTC,PIPPINUSDT,0.015210,0.015220,0.014900,0.015040,-0.000160,-1.052632,-1.117686,2.103879,58.564305,5232,-502,-8.754796,39667420.000000,-12379310.000000,-23.784991,596620.258850,-196632.366520,-24.788114,17140948.000000,257861.250400,338759.008450,43.220331,383345658.000000,5830687.458180,-9673197.000000,-2.461255,-267192.656384,-4.381730,5.242200,0.027200,0.521572,83.980000,16.020000,1.413100,0.003100,0.219858,58.560000,41.440000,5.222800,0.000000,0.000000,83.930000,16.070000,binance_kline_quote_asset_volume,0.000000,0.000000,0.000000,0.000000,OK
8,2026-06-07 19:15:00 UTC,PIPPINUSDT,0.015030,0.015030,0.014740,0.014980,-0.000060,-0.398936,-0.332668,1.929474,56.909924,5101,-131,-2.503823,38743223.000000,-924197.000000,-2.329864,576904.525040,-19715.733810,-3.304570,17337848.000000,258233.913290,318670.611750,44.761984,381188081.000000,5729256.857430,-2157577.000000,-0.562828,-101430.600750,-1.739599,5.101300,-0.140900,-2.687803,83.610000,16.390000,1.438900,0.025800,1.825773,59.000000,41.000000,4.963000,-0.259800,-4.974343,83.230000,16.770000,binance_kline_quote_asset_volume,0.000000,0.000000,0.000000,0.000000,OK
9,2026-06-07 19:30:00 UTC,PIPPINUSDT,0.014980,0.015010,0.014770,0.014870,-0.000110,-0.734312,-0.734312,1.602136,53.903530,3041,-2060,-40.384238,18426097.000000,-20317126.000000,-52.440464,274086.418660,-302818.106380,-52.490160,8096034.000000,120473.957340,153612.461320,43.954734,376018249.000000,5622134.614668,-5169832.000000,-1.356242,-107122.242762,-1.869741,5.116200,0.014900,0.292082,83.650000,16.350000,1.455400,0.016500,1.146709,59.270000,40.730000,4.934700,-0.028300,-0.570220,83.150000,16.850000,binance_kline_quote_asset_volume,0.000000,0.000000,0.000000,0.000000,OK
10,2026-06-07 19:45:00 UTC,PIPPINUSDT,0.014870,0.015070,0.014820,0.014980,0.000110,0.739744,0.739744,1.681237,56.384834,2578,-463,-15.225255,18236957.000000,-189140.000000,-1.026479,273185.466870,-900.951790,-0.328711,11755520.000000,176152.559270,97032.907600,64.480941,374952823.000000,5576047.165265,-1065426.000000,-0.283344,-46087.449404,-0.819750,5.064300,-0.051900,-1.014425,83.510000,16.490000,1.455900,0.000500,0.034355,59.280000,40.720000,4.934700,0.000000,0.000000,83.150000,16.850000,binance_kline_quote_asset_volume,0.000000,0.000000,0.000000,0.000000,OK
11,2026-06-07 20:00:00 UTC,PIPPINUSDT,0.014980,0.015210,0.014920,0.015160,0.000180,1.201602,1.201602,1.935915,60.163656,2935,357,13.847944,21046641.000000,2809684.000000,15.406540,317588.776260,44403.309390,16.253906,12654787.000000,191009.787910,126578.988350,60.143746,373705631.000000,5603091.848441,-1247192.000000,-0.332626,27044.683177,0.485015,5.075300,0.011000,0.217207,83.540000,16.460000,1.432100,-0.023800,-1.634728,58.880000,41.120000,4.952400,0.017700,0.358684,83.200000,16.800000,binance_kline_quote_asset_volume,0.000000,0.000000,0.000000,0.000000,OK
12,2026-06-07 20:15:00 UTC,PIPPINUSDT,0.015160,0.015440,0.015120,0.015390,0.000230,1.517150,1.517150,2.110818,64.407134,2800,-135,-4.599659,16310257.000000,-4736384.000000,-22.504228,249643.782820,-67944.993440,-21.394016,9767820.000000,149362.304960,100281.477860,59.830172,375257694.000000,5688906.641040,1552063.000000,0.415317,85814.792599,1.531561,5.053300,-0.022000,-0.433472,83.480000,16.520000,1.413200,-0.018900,-1.319740,58.560000,41.440000,4.952400,0.000000,0.000000,83.200000,16.800000,binance_kline_quote_asset_volume,0.000000,0.000000,0.000000,0.000000,OK
13,2026-06-07 20:30:00 UTC,PIPPINUSDT,0.015380,0.015540,0.015340,0.015540,0.000150,0.974659,1.040312,1.300390,66.884668,2925,125,4.464286,18930766.000000,2620509.000000,16.066632,292569.714590,42925.931770,17.194873,10034810.000000,155098.908750,137470.805840,53.012633,378820106.000000,5826253.230280,3562412.000000,0.949324,137346.589240,2.414288,5.006000,-0.047300,-0.936022,83.350000,16.650000,1.409400,-0.003800,-0.268893,58.500000,41.500000,4.938200,-0.014200,-0.286730,83.160000,16.840000,binance_kline_quote_asset_volume,0.000000,0.000000,0.000000,0.000000,OK
14,2026-06-07 20:45:00 UTC,PIPPINUSDT,0.015540,0.015640,0.015500,0.015600,0.000060,0.386100,0.386100,0.900901,67.848718,2343,-582,-19.897436,14019739.000000,-4911027.000000,-25.942041,218299.452240,-74270.262350,-25.385492,6784538.000000,105649.204480,112650.247760,48.396459,382181332.000000,5930533.215630,3361226.000000,0.887288,104279.985350,1.789829,4.955900,-0.050100,-1.000799,83.210000,16.790000,1.408900,-0.000500,-0.035476,58.490000,41.510000,4.973700,0.035500,0.718885,83.260000,16.740000,binance_kline_quote_asset_volume,0.000000,0.000000,0.000000,0.000000,OK
15,2026-06-07 21:00:00 UTC,PIPPINUSDT,0.015590,0.015920,0.015560,0.015830,0.000230,1.474359,1.539448,2.309173,71.298108,3398,1055,45.027742,21864817.000000,7845078.000000,55.957376,344704.233150,126404.780910,57.904305,10966205.000000,172892.115430,171812.117720,50.156656,384595167.000000,6000753.779764,2413835.000000,0.631594,70220.564134,1.184051,4.952400,-0.003500,-0.070623,83.200000,16.800000,1.410300,0.001400,0.099368,58.510000,41.490000,4.963000,-0.010700,-0.215132,83.230000,16.770000,binance_kline_quote_asset_volume,0.000000,0.000000,0.000000,0.000000,OK
16,2026-06-07 21:15:00 UTC,PIPPINUSDT,0.015830,0.015850,0.015510,0.015650,-0.000180,-1.137081,-1.137081,2.147821,65.385803,3930,532,15.656268,31990520.000000,10125703.000000,46.310486,500704.038770,155999.805620,45.256133,13001685.000000,203306.532740,297397.506030,40.604133,386800459.000000,6112066.132934,2205292.000000,0.573406,111312.353170,1.854973,5.002400,0.050000,1.009612,83.340000,16.660000,1.418100,0.007800,0.553074,58.650000,41.350000,5.013200,0.050200,1.011485,83.370000,16.630000,binance_kline_quote_asset_volume,0.000000,0.000000,0.000000,0.000000,OK
17,2026-06-07 21:30:00 UTC,PIPPINUSDT,0.015640,0.015700,0.015440,0.015690,0.000040,0.255591,0.319693,1.662404,66.059355,2144,-1786,-45.445293,16342339.000000,-15648181.000000,-48.915057,254302.290270,-246401.748500,-49.211057,6340654.000000,98714.772700,155587.517570,38.817886,384102872.000000,6026439.625675,-2697587.000000,-0.697410,-85626.507260,-1.400942,4.995200,-0.007200,-0.143931,83.320000,16.680000,1.415200,-0.002900,-0.204499,58.590000,41.410000,5.027700,0.014500,0.289236,83.410000,16.590000,binance_kline_quote_asset_volume,0.000000,0.000000,0.000000,0.000000,OK
18,2026-06-07 21:45:00 UTC,PIPPINUSDT,0.015690,0.016290,0.015690,0.016240,0.000550,3.505417,3.505417,3.824092,73.651441,4407,2263,105.550373,31886930.000000,15544591.000000,95.118520,508827.583930,254525.293660,100.087692,19446090.000000,310231.379980,198596.203950,60.969843,382833436.000000,6006388.627435,-1269436.000000,-0.330494,-20050.998240,-0.332717,4.948800,-0.046400,-0.928892,83.190000,16.810000,1.434100,0.018900,1.335500,58.920000,41.080000,4.963000,-0.064700,-1.286871,83.230000,16.770000,binance_kline_quote_asset_volume,0.000000,0.000000,0.000000,0.000000,OK
19,2026-06-07 22:00:00 UTC,PIPPINUSDT,0.016240,0.016950,0.016180,0.016890,0.000650,4.002463,4.002463,4.741379,79.490380,11485,7078,160.608123,82220251.000000,50333321.000000,157.849379,1362137.370140,853309.786210,167.701165,41293868.000000,683875.184420,678262.185720,50.206036,386569522.000000,6277889.037280,3736086.000000,0.975904,271500.409845,4.520194,4.924200,-0.024600,-0.497090,83.120000,16.880000,1.436900,0.002800,0.195244,58.960000,41.040000,4.952400,-0.010600,-0.213580,83.200000,16.800000,binance_kline_quote_asset_volume,0.000000,0.000000,0.000000,0.000000,OK
20,2026-06-07 22:15:00 UTC,PIPPINUSDT,0.016900,0.017350,0.016720,0.017010,0.000120,0.710480,0.650888,3.727811,80.355871,14749,3264,28.419678,97477126.000000,15256875.000000,18.556104,1659252.115540,297114.745400,21.812392,47451475.000000,808298.556440,850953.559100,48.714632,396231613.000000,6655989.768445,9662091.000000,2.499445,378100.731165,6.022737,4.830900,-0.093300,-1.894724,82.850000,17.150000,1.438200,0.001300,0.090473,58.990000,41.010000,4.984400,0.032000,0.646151,83.290000,16.710000,binance_kline_quote_asset_volume,0.000000,0.000000,0.000000,0.000000,OK
21,2026-06-07 22:30:00 UTC,PIPPINUSDT,0.017000,0.017410,0.016870,0.017340,0.000330,1.940035,2.000000,3.176471,82.538160,10124,-4625,-31.358058,62490833.000000,-34986293.000000,-35.891798,1072710.776000,-586541.339540,-35.349742,29499821.000000,506793.577250,565917.198750,47.244196,391679240.000000,6670238.705314,-4552373.000000,-1.148917,14248.936869,0.214077,4.820700,-0.010200,-0.211141,82.820000,17.180000,1.448900,0.010700,0.743986,59.170000,40.830000,4.955900,-0.028500,-0.571784,83.210000,16.790000,binance_kline_quote_asset_volume,0.000000,0.000000,0.000000,0.000000,OK
22,2026-06-07 22:45:00 UTC,PIPPINUSDT,0.017340,0.017730,0.017280,0.017710,0.000370,2.133795,2.133795,2.595156,84.603426,11534,1410,13.927301,67624567.000000,5133734.000000,8.215179,1184650.355270,111939.579270,10.435206,34490072.000000,604261.448730,580388.906540,51.007578,395640806.000000,6856455.167980,3961566.000000,1.011431,186216.462666,2.791751,4.793700,-0.027000,-0.560085,82.740000,17.260000,1.489000,0.040100,2.767617,59.820000,40.180000,4.844500,-0.111400,-2.247826,82.890000,17.110000,binance_kline_quote_asset_volume,0.000000,0.000000,0.000000,0.000000,OK
23,2026-06-07 23:00:00 UTC,PIPPINUSDT,0.017710,0.018010,0.017190,0.017890,0.000180,1.016375,1.016375,4.630152,85.501797,14102,2568,22.264609,86468528.000000,18843961.000000,27.865555,1527673.382620,343023.027350,28.955635,38258397.000000,676848.819700,850824.562920,44.305859,399203452.000000,7060487.901591,3562646.000000,0.900475,204032.733611,2.975776,4.711000,-0.082700,-1.725181,82.490000,17.510000,1.504500,0.015500,1.040967,60.070000,39.930000,4.830900,-0.013600,-0.280731,82.850000,17.150000,binance_kline_quote_asset_volume,0.000000,0.000000,0.000000,0.000000,OK
24,2026-06-07 23:15:00 UTC,PIPPINUSDT,0.017900,0.017940,0.017220,0.017530,-0.000360,-2.012297,-2.067039,4.022346,75.956075,11941,-2161,-15.324068,78161665.000000,-8306863.000000,-9.606805,1368056.872270,-159616.510350,-10.448340,37124164.000000,649727.387260,718329.485010,47.492718,402083699.000000,7174572.441433,2880247.000000,0.721499,114084.539842,1.615817,4.662500,-0.048500,-1.029505,82.340000,17.660000,1.545100,0.040600,2.698571,60.710000,39.290000,4.793700,-0.037200,-0.770043,82.740000,17.260000,binance_kline_quote_asset_volume,0.000000,0.000000,0.000000,0.000000,OK
25,2026-06-07 23:30:00 UTC,PIPPINUSDT,0.017540,0.017750,0.017270,0.017610,0.000080,0.456361,0.399088,2.736602,76.581766,9162,-2779,-23.272758,54388697.000000,-23772968.000000,-30.415125,952008.069090,-416048.803180,-30.411660,26188622.000000,458626.101340,493381.967750,48.174602,398242078.000000,6976990.138259,-3841621.000000,-0.955428,-197582.303174,-2.753924,4.704500,0.042000,0.900804,82.470000,17.530000,1.529300,-0.015800,-1.022588,60.460000,39.540000,4.783700,-0.010000,-0.208607,82.710000,17.290000,binance_kline_quote_asset_volume,0.000000,0.000000,0.000000,0.000000,OK
26,2026-06-07 23:45:00 UTC,PIPPINUSDT,0.017610,0.018210,0.017610,0.018050,0.000440,2.498580,2.498580,3.407155,79.709280,11108,1946,21.239904,70046157.000000,15657460.000000,28.788077,1256639.310450,304631.241360,31.998809,32493404.000000,583153.161870,673486.148580,46.405771,399569386.000000,7039681.369344,1327308.000000,0.333292,62691.231085,0.898543,4.637000,-0.067500,-1.434796,82.260000,17.740000,1.559400,0.030100,1.968221,60.930000,39.070000,4.694800,-0.088900,-1.858394,82.440000,17.560000,binance_kline_quote_asset_volume,0.000000,0.000000,0.000000,0.000000,OK
27,2026-06-08 00:00:00 UTC,PIPPINUSDT,0.018050,0.018580,0.017410,0.017580,-0.000470,-2.603878,-2.603878,6.481994,69.094342,24805,13697,123.307526,164932573.000000,94886416.000000,135.462701,2985210.442740,1728571.132290,137.555074,76203893.000000,1380300.457060,1604909.985680,46.237962,410649017.000000,7424534.227360,11079631.000000,2.772893,384852.858016,5.466907,4.574100,-0.062900,-1.356480,82.060000,17.940000,1.603200,0.043800,2.808773,61.590000,38.410000,4.665700,-0.029100,-0.619835,82.350000,17.650000,binance_kline_quote_asset_volume,0.000000,0.000000,0.000000,0.000000,OK
28,2026-06-08 00:15:00 UTC,PIPPINUSDT,0.017580,0.018210,0.017460,0.018140,0.000560,3.185438,3.185438,4.266212,73.604691,13048,-11757,-47.397702,74757877.000000,-90174696.000000,-54.673673,1334053.474260,-1651156.968480,-55.311242,39412751.000000,703348.190780,630705.283480,52.722639,413925026.000000,7275175.231728,3276009.000000,0.797764,-149358.995632,-2.011695,4.646500,0.072400,1.582825,82.290000,17.710000,1.605700,0.002500,0.155938,61.620000,38.380000,4.803800,0.138100,2.959899,82.770000,17.230000,binance_kline_quote_asset_volume,0.000000,0.000000,0.000000,0.000000,OK
29,2026-06-08 00:30:00 UTC,PIPPINUSDT,0.018140,0.018320,0.017630,0.018260,0.000120,0.661521,0.661521,3.803749,74.464677,11612,-1436,-11.005518,57462818.000000,-17295059.000000,-23.134765,1035105.529120,-298947.945140,-22.408993,25528360.000000,460178.932940,574926.596180,44.457200,423729590.000000,7675920.844993,9804564.000000,2.368681,400745.613265,5.508398,4.592800,-0.053700,-1.155709,82.120000,17.880000,1.627100,0.021400,1.332752,61.930000,38.070000,4.685000,-0.118800,-2.473042,82.410000,17.590000,binance_kline_quote_asset_volume,0.000000,0.000000,0.000000,0.000000,OK
30,2026-06-08 00:45:00 UTC,PIPPINUSDT,0.018270,0.018350,0.017030,0.017390,-0.000870,-4.764513,-4.816639,7.224959,59.363608,15336,3724,32.070272,90571498.000000,33108680.000000,57.617571,1597561.109610,562455.580490,54.337994,36878004.000000,650887.787570,946673.322040,40.742591,422846551.000000,7725406.486770,-883039.000000,-0.208397,49485.641777,0.644687,4.586600,-0.006200,-0.134994,82.100000,17.900000,1.612900,-0.014200,-0.872718,61.730000,38.270000,4.681800,-0.003200,-0.068303,82.400000,17.600000,binance_kline_quote_asset_volume,0.000000,0.000000,0.000000,0.000000,OK
31,2026-06-08 01:00:00 UTC,PIPPINUSDT,0.017390,0.017440,0.017050,0.017190,-0.000200,-1.150086,-1.150086,2.242668,56.525698,15222,-114,-0.743349,95617778.000000,5046280.000000,5.571598,1647849.659600,50288.549990,3.147833,44821058.000000,772560.355810,875289.303790,46.882939,417161943.000000,7211883.155726,-5684608.000000,-1.344367,-513523.331044,-6.647201,4.602200,0.015600,0.340121,82.150000,17.850000,1.646300,0.033400,2.070804,62.210000,37.790000,4.688300,0.006500,0.138835,82.420000,17.580000,binance_kline_quote_asset_volume,0.000000,0.000000,0.000000,0.000000,OK
32,2026-06-08 01:15:00 UTC,PIPPINUSDT,0.017200,0.017720,0.017070,0.017700,0.000510,2.966841,2.906977,3.779070,61.570745,9927,-5295,-34.785179,50531194.000000,-45086584.000000,-47.152930,883214.740200,-764634.919400,-46.401983,27138577.000000,474502.467740,408712.272460,53.724473,412377939.000000,7101148.109580,-4784004.000000,-1.146798,-110735.046146,-1.535453,4.561700,-0.040500,-0.880014,82.020000,17.980000,1.662800,0.016500,1.002247,62.440000,37.560000,4.688300,0.000000,0.000000,82.420000,17.580000,binance_kline_quote_asset_volume,0.000000,0.000000,0.000000,0.000000,OK
33,2026-06-08 01:30:00 UTC,PIPPINUSDT,0.017700,0.017970,0.017410,0.017840,0.000140,0.790960,0.790960,3.163842,62.845386,9927,0,0.000000,50155499.000000,-375695.000000,-0.743491,890831.685020,7616.944820,0.862411,23058192.000000,409700.886150,481130.798870,45.990830,417551368.000000,7382308.186240,5173429.000000,1.254536,281160.076660,3.959361,4.596000,0.034300,0.751913,82.130000,17.870000,1.678100,0.015300,0.920135,62.660000,37.340000,4.711000,0.022700,0.484184,82.490000,17.510000,binance_kline_quote_asset_volume,0.000000,0.000000,0.000000,0.000000,OK
34,2026-06-08 01:45:00 UTC,PIPPINUSDT,0.017840,0.017930,0.017290,0.017420,-0.000420,-2.354260,-2.354260,3.587444,56.762706,8206,-1721,-17.336557,45640567.000000,-4514932.000000,-9.001868,799822.698720,-91008.986300,-10.216182,19209078.000000,336774.886950,463047.811770,42.106193,416493221.000000,7434403.994850,-1058147.000000,-0.253417,52095.808610,0.705685,4.602200,0.006200,0.134900,82.150000,17.850000,1.673700,-0.004400,-0.262201,62.600000,37.400000,4.763700,0.052700,1.118658,82.650000,17.350000,binance_kline_quote_asset_volume,0.000000,0.000000,0.000000,0.000000,OK
35,2026-06-08 02:00:00 UTC,PIPPINUSDT,0.017410,0.017940,0.017330,0.017840,0.000420,2.411022,2.469845,3.503733,60.844057,7127,-1079,-13.148915,35689302.000000,-9951265.000000,-21.803553,629125.324100,-170697.374620,-21.341902,18500091.000000,326236.936250,302888.387850,51.855636,416776287.000000,7260242.919540,283066.000000,0.067964,-174161.075310,-2.342637,4.540200,-0.062000,-1.347182,81.950000,18.050000,1.703100,0.029400,1.756587,63.010000,36.990000,4.675400,-0.088300,-1.853601,82.380000,17.620000,binance_kline_quote_asset_volume,0.000000,0.000000,0.000000,0.000000,OK
36,2026-06-08 02:15:00 UTC,PIPPINUSDT,0.017830,0.018110,0.017560,0.017740,-0.000100,-0.560538,-0.504767,3.084689,59.406210,8404,1277,17.917777,40831002.000000,5141700.000000,14.406838,729807.147590,100681.823490,16.003461,19332922.000000,345839.704010,383967.443580,47.387821,419937746.000000,7486469.562457,3161459.000000,0.758551,226226.642917,3.115965,4.807200,0.267000,5.880798,82.780000,17.220000,1.774500,0.071400,4.192355,63.960000,36.040000,4.724100,0.048700,1.041622,82.530000,17.470000,binance_kline_quote_asset_volume,0.000000,0.000000,0.000000,0.000000,OK
37,2026-06-08 02:30:00 UTC,PIPPINUSDT,0.017750,0.017980,0.017670,0.017890,0.000150,0.845547,0.788732,1.746479,60.898866,7109,-1295,-15.409329,33728684.000000,-7102318.000000,-17.394425,600975.672160,-128831.475430,-17.652811,17550466.000000,312704.578480,288271.093680,52.032818,420989666.000000,7473833.750395,1051920.000000,0.250494,-12635.812063,-0.168782,4.780300,-0.026900,-0.559577,82.700000,17.300000,1.766600,-0.007900,-0.445196,63.850000,36.150000,4.678600,-0.045500,-0.963146,82.390000,17.610000,binance_kline_quote_asset_volume,0.000000,0.000000,0.000000,0.000000,OK
38,2026-06-08 02:45:00 UTC,PIPPINUSDT,0.017890,0.018350,0.017790,0.018270,0.000380,2.124092,2.124092,3.130240,64.463776,9443,2334,32.831622,46512311.000000,12783627.000000,37.901351,840535.317730,239559.645570,39.861788,23659186.000000,427539.235980,412996.081750,50.865113,425118376.000000,7581654.643627,4128710.000000,0.980715,107820.893232,1.442645,4.793700,0.013400,0.280317,82.740000,17.260000,1.764000,-0.002600,-0.147175,63.820000,36.180000,4.707800,0.029200,0.624118,82.480000,17.520000,binance_kline_quote_asset_volume,0.000000,0.000000,0.000000,0.000000,OK
39,2026-06-08 03:00:00 UTC,PIPPINUSDT,0.018280,0.018640,0.018130,0.018560,0.000290,1.587302,1.531729,2.789934,66.940908,15839,6396,67.732712,86599682.000000,40087371.000000,86.186582,1588043.377430,747508.059700,88.932380,45720857.000000,838639.413040,749403.964390,52.809604,429789089.000000,7871273.419000,4670713.000000,1.098685,289618.775373,3.819994,4.724100,-0.069600,-1.451906,82.530000,17.470000,1.775100,0.011100,0.629252,63.960000,36.040000,4.602200,-0.105600,-2.243086,82.150000,17.850000,binance_kline_quote_asset_volume,0.000000,0.000000,0.000000,0.000000,OK
40,2026-06-08 03:15:00 UTC,PIPPINUSDT,0.018560,0.018860,0.018420,0.018770,0.000210,1.131466,1.131466,2.370690,68.645364,16163,324,2.045584,93759270.000000,7159588.000000,8.267453,1748696.783360,160653.405930,10.116437,48753275.000000,909749.130950,838947.652410,52.024407,442778607.000000,8213543.159850,12989518.000000,3.022301,342269.740850,4.348340,4.621100,-0.103000,-2.180309,82.210000,17.790000,1.796100,0.021000,1.183032,64.240000,35.760000,4.540200,-0.062000,-1.347182,81.950000,18.050000,binance_kline_quote_asset_volume,0.000000,0.000000,0.000000,0.000000,OK
41,2026-06-08 03:30:00 UTC,PIPPINUSDT,0.018780,0.018780,0.017630,0.017900,-0.000870,-4.635056,-4.685836,6.123536,55.808000,24312,8149,50.417620,142835544.000000,49076274.000000,52.342850,2582565.694790,833868.911430,47.685163,61807192.000000,1116093.260320,1466472.434470,43.216452,458124509.000000,8629709.701013,15345902.000000,3.465818,416166.541163,5.066833,4.668900,0.047800,1.034386,82.360000,17.640000,1.813600,0.017500,0.974333,64.460000,35.540000,4.589700,0.049500,1.090260,82.110000,17.890000,binance_kline_quote_asset_volume,0.000000,0.000000,0.000000,0.000000,OK
42,2026-06-08 03:45:00 UTC,PIPPINUSDT,0.017900,0.018190,0.017700,0.017850,-0.000050,-0.279330,-0.279330,2.737430,55.169445,13585,-10727,-44.122244,75447115.000000,-67388429.000000,-47.179033,1352119.332970,-1230446.361820,-47.644339,34822330.000000,624443.035930,727676.297040,46.182539,450216314.000000,8045135.920860,-7908195.000000,-1.726211,-584573.780153,-6.773968,4.750400,0.081500,1.745593,82.610000,17.390000,1.798000,-0.015600,-0.860168,64.260000,35.740000,4.592800,0.003100,0.067543,82.120000,17.880000,binance_kline_quote_asset_volume,0.000000,0.000000,0.000000,0.000000,OK
43,2026-06-08 04:00:00 UTC,PIPPINUSDT,0.017860,0.017890,0.017210,0.017580,-0.000270,-1.512605,-1.567749,3.807391,51.727513,14922,1337,9.841737,97546956.000000,22099841.000000,29.291830,1706693.516850,354574.183880,26.223587,42013063.000000,735347.286520,971346.230330,43.086077,452099326.000000,8053177.479139,1883012.000000,0.418246,8041.558279,0.099956,4.720800,-0.029600,-0.623105,82.520000,17.480000,1.772600,-0.025400,-1.412681,63.930000,36.070000,4.640200,0.047400,1.032050,82.270000,17.730000,binance_kline_quote_asset_volume,0.000000,0.000000,0.000000,0.000000,OK
44,2026-06-08 04:15:00 UTC,PIPPINUSDT,0.017580,0.017670,0.017400,0.017540,-0.000040,-0.227531,-0.227531,1.535836,51.217707,6435,-8487,-56.875754,31480311.000000,-66066645.000000,-67.728044,551914.603260,-1154778.913590,-67.661762,15201736.000000,266648.961150,285265.642110,48.313446,438643912.000000,7711359.972960,-13455414.000000,-2.976207,-341817.506179,-4.244505,4.773700,0.052900,1.120573,82.680000,17.320000,1.786400,0.013800,0.778517,64.110000,35.890000,4.558600,-0.081600,-1.758545,82.010000,17.990000,binance_kline_quote_asset_volume,0.000000,0.000000,0.000000,0.000000,OK
45,2026-06-08 04:30:00 UTC,PIPPINUSDT,0.017550,0.017690,0.017360,0.017510,-0.000030,-0.171038,-0.227920,1.880342,50.813219,7042,607,9.432789,35889348.000000,4409037.000000,14.005697,628581.329800,76666.726540,13.891049,18232792.000000,319443.512610,309137.817190,50.819758,438237697.000000,7686689.205380,-406215.000000,-0.092607,-24670.767580,-0.319928,4.780300,0.006600,0.138258,82.700000,17.300000,1.784700,-0.001700,-0.095163,64.090000,35.910000,4.571000,0.012400,0.272013,82.050000,17.950000,binance_kline_quote_asset_volume,0.000000,0.000000,0.000000,0.000000,OK
46,2026-06-08 04:45:00 UTC,PIPPINUSDT,0.017510,0.017800,0.017510,0.017640,0.000130,0.742433,0.742433,1.656196,52.561547,5757,-1285,-18.247657,34887014.000000,-1002334.000000,-2.792845,616025.677200,-12555.652600,-1.997459,16741244.000000,295620.576230,320405.100970,47.988353,437829507.000000,7681136.387071,-408190.000000,-0.093144,-5552.818309,-0.072239,4.737200,-0.043100,-0.901617,82.570000,17.430000,1.773200,-0.011500,-0.644366,63.940000,36.060000,4.494500,-0.076500,-1.673594,81.800000,18.200000,binance_kline_quote_asset_volume,0.000000,0.000000,0.000000,0.000000,OK
47,2026-06-08 05:00:00 UTC,PIPPINUSDT,0.017630,0.017990,0.017590,0.017970,0.000330,1.870748,1.928531,2.268860,56.762875,7589,1832,31.822130,42688911.000000,7801897.000000,22.363327,760276.638380,144250.961180,23.416388,22811883.000000,406423.695100,353852.943280,53.457344,437772048.000000,7731054.367680,-57459.000000,-0.013124,49917.980609,0.649878,4.824100,0.086900,1.834417,82.830000,17.170000,1.779100,0.005900,0.332732,64.020000,35.980000,4.633800,0.139300,3.099344,82.250000,17.750000,binance_kline_quote_asset_volume,0.000000,0.000000,0.000000,0.000000,OK
48,2026-06-08 05:15:00 UTC,PIPPINUSDT,0.017970,0.018600,0.017910,0.018580,0.000610,3.394546,3.394546,3.839733,63.243169,14373,6784,89.392542,95371172.000000,52682261.000000,123.409709,1742511.969200,982235.330820,129.194464,47723599.000000,872067.355990,870444.613210,50.046563,439443643.000000,7901196.701140,1671595.000000,0.381841,170142.333460,2.200765,4.753700,-0.070400,-1.459340,82.620000,17.380000,1.782700,0.003600,0.202350,64.060000,35.940000,4.583500,-0.050300,-1.085502,82.090000,17.910000,binance_kline_quote_asset_volume,0.000000,0.000000,0.000000,0.000000,OK
49,2026-06-08 05:30:00 UTC,PIPPINUSDT,0.018570,0.019140,0.018410,0.019050,0.000470,2.529602,2.584814,3.931072,67.308746,18853,4480,31.169554,118383256.000000,23012084.000000,24.128973,2219620.531470,477108.562270,27.380504,56787928.000000,1065786.863460,1153833.668010,48.016625,451700518.000000,8364820.559588,12256875.000000,2.789180,463623.858448,5.867768,4.665700,-0.088000,-1.851190,82.350000,17.650000,1.780200,-0.002500,-0.140237,64.030000,35.970000,4.605400,0.021900,0.477801,82.160000,17.840000,binance_kline_quote_asset_volume,0.000000,0.000000,0.000000,0.000000,OK
50,2026-06-08 05:45:00 UTC,PIPPINUSDT,0.019050,0.019540,0.018620,0.018780,-0.000270,-1.417323,-1.417323,4.829396,62.997916,31773,12920,68.530207,232378358.000000,113995102.000000,96.293265,4435569.276590,2215948.745120,99.834576,110669783.000000,2113583.233160,2321986.043430,47.650777,457957722.000000,8737022.750592,6257204.000000,1.385255,372202.191004,4.449614,4.552500,-0.113200,-2.426217,81.990000,18.010000,1.762200,-0.018000,-1.011122,63.800000,36.200000,4.509600,-0.095800,-2.080167,81.850000,18.150000,binance_kline_quote_asset_volume,0.000000,0.000000,0.000000,0.000000,OK
51,2026-06-08 06:00:00 UTC,PIPPINUSDT,0.018780,0.019030,0.018030,0.018430,-0.000350,-1.863685,-1.863685,5.324814,57.827639,27371,-4402,-13.854531,167583742.000000,-64794616.000000,-27.883240,3089236.275540,-1346333.001050,-30.353105,79069815.000000,1457482.906730,1631753.368810,47.179392,474350165.000000,8898809.095400,16392443.000000,3.579466,161786.344808,1.851733,4.252100,-0.300400,-6.598572,80.960000,19.040000,1.710300,-0.051900,-2.945182,63.100000,36.900000,4.181300,-0.328300,-7.280025,80.700000,19.300000,binance_kline_quote_asset_volume,0.000000,0.000000,0.000000,0.000000,OK
52,2026-06-08 06:15:00 UTC,PIPPINUSDT,0.018440,0.018810,0.018140,0.018710,0.000280,1.519262,1.464208,3.633406,60.612603,13365,-14006,-51.170947,72545120.000000,-95038622.000000,-56.711123,1338791.304740,-1750444.970800,-56.662709,36398637.000000,672196.989450,666594.315290,50.209244,471266111.000000,8680184.521253,-3084054.000000,-0.650164,-218624.574147,-2.456785,4.586600,0.334500,7.866701,82.100000,17.900000,1.723700,0.013400,0.783488,63.280000,36.720000,4.555600,0.374300,8.951761,82.000000,18.000000,binance_kline_quote_asset_volume,0.000000,0.000000,0.000000,0.000000,OK
53,2026-06-08 06:30:00 UTC,PIPPINUSDT,0.018710,0.018940,0.018490,0.018810,0.000100,0.534474,0.534474,2.405131,61.588227,12717,-648,-4.848485,67687872.000000,-4857248.000000,-6.695486,1269100.192990,-69691.111750,-5.205525,34014312.000000,638143.733220,630956.459770,50.283164,472985665.000000,8859021.505450,1719554.000000,0.364880,178836.984197,2.060290,4.608500,0.021900,0.477478,82.170000,17.830000,1.723600,-0.000100,-0.005801,63.280000,36.720000,4.567900,0.012300,0.269997,82.040000,17.960000,binance_kline_quote_asset_volume,0.000000,0.000000,0.000000,0.000000,OK
54,2026-06-08 06:45:00 UTC,PIPPINUSDT,0.018810,0.018970,0.018280,0.018390,-0.000420,-2.232855,-2.232855,3.668262,55.383281,11124,-1593,-12.526539,67032828.000000,-655044.000000,-0.967742,1244559.901720,-24540.291270,-1.933676,30030049.000000,557976.551250,686583.350470,44.833242,474982562.000000,8925701.311382,1996897.000000,0.422190,66679.805932,0.752677,4.624300,0.015800,0.342845,82.220000,17.780000,1.729600,0.006000,0.348109,63.360000,36.640000,4.592800,0.024900,0.545108,82.120000,17.880000,binance_kline_quote_asset_volume,0.000000,0.000000,0.000000,0.000000,OK
55,2026-06-08 07:00:00 UTC,PIPPINUSDT,0.018400,0.018720,0.018370,0.018570,0.000180,0.978793,0.923913,1.902174,57.365752,9315,-1809,-16.262136,50440568.000000,-16592260.000000,-24.752439,936268.929800,-308290.971920,-24.771083,26367332.000000,489450.709750,446818.220050,52.276722,467027875.000000,8564118.987534,-7954687.000000,-1.674732,-361582.323848,-4.051024,4.681800,0.057500,1.243431,82.400000,17.600000,1.729100,-0.000500,-0.028908,63.360000,36.640000,4.599100,0.006300,0.137171,82.140000,17.860000,binance_kline_quote_asset_volume,0.000000,0.000000,0.000000,0.000000,OK
56,2026-06-08 07:15:00 UTC,PIPPINUSDT,0.018560,0.019190,0.018410,0.019190,0.000620,3.338718,3.394397,4.202586,63.398462,11653,2338,25.099302,66415592.000000,15975024.000000,31.670984,1250065.658170,313796.728370,33.515662,33404407.000000,629329.093830,620736.564340,50.343683,469154906.000000,8698131.957240,2127031.000000,0.455440,134012.969706,1.564819,4.665700,-0.016100,-0.343885,82.350000,17.650000,1.723500,-0.005600,-0.323868,63.280000,36.720000,4.564800,-0.034300,-0.745798,82.030000,17.970000,binance_kline_quote_asset_volume,0.000000,0.000000,0.000000,0.000000,OK
57,2026-06-08 07:30:00 UTC,PIPPINUSDT,0.019190,0.020220,0.019010,0.020020,0.000830,4.325169,4.325169,6.305367,69.599989,25981,14328,122.955462,162261881.000000,95846289.000000,144.312933,3193234.810310,1943169.152140,155.445367,84464273.000000,1662198.026430,1531036.783880,52.053736,469576321.000000,8985220.812492,421415.000000,0.089824,287088.855252,3.300581,4.633800,-0.031900,-0.683713,82.250000,17.750000,1.736700,0.013200,0.765883,63.460000,36.540000,4.524900,-0.039900,-0.874080,81.900000,18.100000,binance_kline_quote_asset_volume,0.000000,0.000000,0.000000,0.000000,OK
58,2026-06-08 07:45:00 UTC,PIPPINUSDT,0.020020,0.020980,0.019590,0.020840,0.000820,4.095904,4.095904,6.943057,74.243138,35171,9190,35.372003,205362553.000000,43100672.000000,26.562414,4189896.305520,996661.495210,31.211657,102375269.000000,2090403.014370,2099493.291150,49.891521,478792321.000000,9641661.212445,9216000.000000,1.962620,656440.399953,7.305779,4.518800,-0.115000,-2.481764,81.880000,18.120000,1.674300,-0.062400,-3.593021,62.610000,37.390000,4.577200,0.052300,1.155827,82.070000,17.930000,binance_kline_quote_asset_volume,0.000000,0.000000,0.000000,0.000000,OK
59,2026-06-08 08:00:00 UTC,PIPPINUSDT,0.020840,0.021520,0.020240,0.021090,0.000250,1.199616,1.199616,6.142035,75.473103,47757,12586,35.785164,270801338.000000,65438785.000000,31.865004,5653875.654080,1463979.348560,34.940706,134692926.000000,2814693.341610,2839182.312470,49.783432,482744634.000000,10105274.113737,3952313.000000,0.825475,463612.901292,4.808434,4.461500,-0.057300,-1.268036,81.690000,18.310000,1.679100,0.004800,0.286687,62.670000,37.330000,4.509600,-0.067600,-1.476885,81.850000,18.150000,binance_kline_quote_asset_volume,0.000000,0.000000,0.000000,0.000000,OK
60,2026-06-08 08:15:00 UTC,PIPPINUSDT,0.021080,0.021850,0.020440,0.020790,-0.000300,-1.422475,-1.375712,6.688805,71.086269,51954,4197,8.788240,315274547.000000,44473209.000000,16.422817,6713694.904530,1059819.250450,18.745005,153044968.000000,3261352.357040,3452342.547490,48.577607,487571685.000000,10293974.216767,4827051.000000,0.999918,188700.103030,1.867343,4.202900,-0.258600,-5.796257,80.780000,19.220000,1.660400,-0.018700,-1.113692,62.410000,37.590000,4.288200,-0.221400,-4.909526,81.090000,18.910000,binance_kline_quote_asset_volume,0.000000,0.000000,0.000000,0.000000,OK
61,2026-06-08 08:30:00 UTC,PIPPINUSDT,0.020780,0.021490,0.020300,0.021450,0.000660,3.174603,3.224254,5.726660,74.586033,32157,-19797,-38.104862,194760909.000000,-120513638.000000,-38.224982,4083092.236520,-2630602.668010,-39.182636,98723998.000000,2072352.063010,2010740.173510,50.754476,497703513.000000,10352233.070400,10131828.000000,2.078018,58258.853633,0.565951,4.123000,-0.079900,-1.901068,80.480000,19.520000,1.644100,-0.016300,-0.981691,62.180000,37.820000,4.128200,-0.160000,-3.731169,80.500000,19.500000,binance_kline_quote_asset_volume,0.000000,0.000000,0.000000,0.000000,OK
62,2026-06-08 08:45:00 UTC,PIPPINUSDT,0.021450,0.021660,0.017530,0.018460,-0.002990,-13.939394,-13.939394,19.254079,46.893640,65392,33235,103.352303,491555733.000000,296794824.000000,152.389320,9571766.969510,5488674.732990,134.424461,212643104.000000,4137970.717350,5433796.252160,43.231001,498871648.000000,10661161.497166,1168135.000000,0.234705,308928.426766,2.984172,4.102000,-0.021000,-0.509338,80.400000,19.600000,1.641700,-0.002400,-0.145977,62.150000,37.850000,4.149300,0.021100,0.511119,80.580000,19.420000,binance_kline_quote_asset_volume,0.000000,0.000000,0.000000,0.000000,OK
63,2026-06-08 09:00:00 UTC,PIPPINUSDT,0.018460,0.018620,0.017770,0.018230,-0.000230,-1.245937,-1.245937,4.604550,45.494369,36152,-29240,-44.714950,223488134.000000,-268067599.000000,-54.534528,4074954.425360,-5496812.544150,-57.427354,108492720.000000,1981024.152820,2093930.272540,48.614633,485254435.000000,8946500.146853,-13617213.000000,-2.729603,-1714661.350313,-16.083251,4.293800,0.191800,4.675768,81.110000,18.890000,1.697500,0.055800,3.398916,62.930000,37.070000,4.230100,0.080800,1.947316,80.880000,19.120000,binance_kline_quote_asset_volume,0.000000,0.000000,0.000000,0.000000,OK
64,2026-06-08 09:15:00 UTC,PIPPINUSDT,0.018240,0.018580,0.018190,0.018460,0.000230,1.261657,1.206140,2.138158,47.191353,17339,-18813,-52.038615,91343595.000000,-132144539.000000,-59.128213,1678900.483610,-2396053.941750,-58.799527,50175222.000000,922452.557480,756447.926130,54.943850,488563424.000000,8878067.056975,3308989.000000,0.681908,-68433.089878,-0.764915,4.455500,0.161700,3.765895,81.670000,18.330000,1.708100,0.010600,0.624448,63.070000,36.930000,4.405400,0.175300,4.144110,81.500000,18.500000,binance_kline_quote_asset_volume,0.000000,0.000000,0.000000,0.000000,OK
65,2026-06-08 09:30:00 UTC,PIPPINUSDT,0.018470,0.018890,0.018090,0.018840,0.000380,2.058505,2.003249,4.331348,49.963182,23104,5765,33.248746,116931419.000000,25587824.000000,28.012718,2165135.649080,486235.165470,28.961524,63799995.000000,1182464.460760,982671.188320,54.613874,489302154.000000,9042303.805920,738730.000000,0.151205,164236.748945,1.849916,4.491500,0.036000,0.807990,81.790000,18.210000,1.672200,-0.035900,-2.101750,62.580000,37.420000,4.467500,0.062100,1.409634,81.710000,18.290000,binance_kline_quote_asset_volume,0.000000,0.000000,0.000000,0.000000,OK
66,2026-06-08 09:45:00 UTC,PIPPINUSDT,0.018840,0.019330,0.018740,0.019310,0.000470,2.494692,2.494692,3.131635,53.232833,19953,-3151,-13.638331,98936290.000000,-17995129.000000,-15.389473,1883314.940450,-281820.708630,-13.016307,51253039.000000,975961.690680,907353.249770,51.821481,494575354.000000,9328917.723318,5273200.000000,1.077698,286613.917398,3.169700,4.420100,-0.071400,-1.589669,81.550000,18.450000,1.665700,-0.006500,-0.388709,62.490000,37.510000,4.437700,-0.029800,-0.667040,81.610000,18.390000,binance_kline_quote_asset_volume,0.000000,0.000000,0.000000,0.000000,OK
67,2026-06-08 10:00:00 UTC,PIPPINUSDT,0.019310,0.019660,0.018790,0.019270,-0.000040,-0.207147,-0.207147,4.505438,52.915917,27312,7359,36.881672,144528107.000000,45591817.000000,46.081996,2774463.223940,891148.283490,47.318070,69440144.000000,1334601.594620,1439861.629320,48.103056,506334415.000000,9772998.521090,11759061.000000,2.377608,444080.797772,4.760261,4.473500,0.053400,1.208117,81.730000,18.270000,1.648100,-0.017600,-1.056613,62.240000,37.760000,4.614800,0.177100,3.990806,82.190000,17.810000,binance_kline_quote_asset_volume,0.000000,0.000000,0.000000,0.000000,OK
68,2026-06-08 10:15:00 UTC,PIPPINUSDT,0.019270,0.019850,0.019180,0.019350,0.000080,0.415153,0.415153,3.476907,53.512019,23598,-3714,-13.598418,121828918.000000,-22699189.000000,-15.705726,2379409.964520,-395053.259420,-14.238908,60662359.000000,1185179.022080,1194230.942440,49.809786,508537695.000000,9789182.811311,2203280.000000,0.435143,16184.290221,0.165602,4.464500,-0.009000,-0.201185,81.700000,18.300000,1.657600,0.009500,0.576421,62.370000,37.630000,4.621100,0.006300,0.136517,82.210000,17.790000,binance_kline_quote_asset_volume,0.000000,0.000000,0.000000,0.000000,OK
69,2026-06-08 10:30:00 UTC,PIPPINUSDT,0.019360,0.019930,0.019350,0.019870,0.000520,2.687339,2.634298,2.995868,57.296514,19004,-4594,-19.467752,105768502.000000,-16060416.000000,-13.182762,2084322.039580,-295087.924940,-12.401727,50837599.000000,1001910.211060,1082411.828520,48.068878,509315993.000000,9847746.960493,778298.000000,0.153046,58564.149183,0.598254,4.512700,0.048200,1.079628,81.860000,18.140000,1.658000,0.000400,0.024131,62.380000,37.620000,4.643300,0.022200,0.480405,82.280000,17.720000,binance_kline_quote_asset_volume,0.000000,0.000000,0.000000,0.000000,OK
70,2026-06-08 10:45:00 UTC,PIPPINUSDT,0.019880,0.020010,0.019180,0.019340,-0.000530,-2.667338,-2.716298,4.175050,52.596677,20988,1984,10.439907,113075593.000000,7307091.000000,6.908570,2225537.625100,141215.585520,6.775133,51306070.000000,1010910.294730,1214627.330370,45.423195,512569914.000000,10164261.394620,3253921.000000,0.638881,316514.434127,3.214080,4.434800,-0.077900,-1.726239,81.600000,18.400000,1.659100,0.001100,0.066345,62.390000,37.610000,4.611700,-0.031600,-0.680550,82.180000,17.820000,binance_kline_quote_asset_volume,0.000000,0.000000,0.000000,0.000000,OK
71,2026-06-08 11:00:00 UTC,PIPPINUSDT,0.019340,0.019720,0.019010,0.019200,-0.000140,-0.723888,-0.723888,3.671148,51.397365,23050,2062,9.824662,122003785.000000,8928192.000000,7.895773,2354805.888760,129268.263660,5.808406,57671082.000000,1114220.053900,1240585.834860,47.316854,510501029.000000,9882825.155483,-2068885.000000,-0.403630,-281436.239137,-2.768880,4.555600,0.120800,2.723911,82.000000,18.000000,1.669700,0.010600,0.638901,62.540000,37.460000,4.707800,0.096100,2.083830,82.480000,17.520000,binance_kline_quote_asset_volume,0.000000,0.000000,0.000000,0.000000,OK
72,2026-06-08 11:15:00 UTC,PIPPINUSDT,0.019200,0.019990,0.019140,0.019970,0.000770,4.010417,4.010417,4.427083,57.180495,14990,-8060,-34.967462,79731299.000000,-42272486.000000,-34.648504,1565914.102330,-788891.786430,-33.501351,39066110.000000,766768.126140,799145.976190,48.966168,505400124.000000,9697238.529219,-5100905.000000,-0.999196,-185586.626264,-1.877870,4.500600,-0.055000,-1.207305,81.820000,18.180000,1.655300,-0.014400,-0.862430,62.340000,37.660000,4.737200,0.029400,0.624496,82.570000,17.430000,binance_kline_quote_asset_volume,0.000000,0.000000,0.000000,0.000000,OK
73,2026-06-08 11:30:00 UTC,PIPPINUSDT,0.019970,0.020440,0.019900,0.020240,0.000270,1.352028,1.352028,2.704056,59.021752,21693,6703,44.716478,118442751.000000,38711452.000000,48.552391,2386332.533870,820418.431540,52.392301,54027233.000000,1089239.176390,1297093.357480,45.644903,503089021.000000,10005585.376354,-2311103.000000,-0.457282,308346.847135,3.179739,4.476500,-0.024100,-0.535484,81.740000,18.260000,1.666300,0.011000,0.664532,62.490000,37.510000,4.701300,-0.035900,-0.757832,82.460000,17.540000,binance_kline_quote_asset_volume,0.000000,0.000000,0.000000,0.000000,OK
74,2026-06-08 11:45:00 UTC,PIPPINUSDT,0.020240,0.020350,0.019660,0.020000,-0.000240,-1.185771,-1.185771,3.409091,56.688303,17352,-4341,-20.011063,87891053.000000,-30551698.000000,-25.794485,1763284.789090,-623047.744780,-26.109008,38926038.000000,781318.440320,981966.348770,44.310394,509446366.000000,10312203.151645,6357345.000000,1.263662,306617.775290,3.064466,4.387900,-0.088600,-1.979225,81.440000,18.560000,1.691600,0.025300,1.518334,62.850000,37.150000,4.614800,-0.086500,-1.839917,82.190000,17.810000,binance_kline_quote_asset_volume,0.000000,0.000000,0.000000,0.000000,OK
75,2026-06-08 12:00:00 UTC,PIPPINUSDT,0.019990,0.020300,0.019380,0.020050,0.000050,0.250000,0.300150,4.602301,57.069105,24531,7179,41.372752,133126729.000000,45235676.000000,51.467896,2640088.817190,876804.028100,49.725605,66973200.000000,1329574.256000,1310514.561190,50.360967,508364072.000000,10144786.329814,-1082294.000000,-0.212445,-167416.821831,-1.623483,4.344700,-0.043200,-0.984526,81.290000,18.710000,1.709700,0.018100,1.069993,63.100000,36.900000,4.546300,-0.068500,-1.484355,81.970000,18.030000,binance_kline_quote_asset_volume,0.000000,0.000000,0.000000,0.000000,OK
76,2026-06-08 12:15:00 UTC,PIPPINUSDT,0.020050,0.020220,0.019400,0.019510,-0.000540,-2.693267,-2.693267,4.089776,51.774665,18825,-5706,-23.260364,95489257.000000,-37637472.000000,-28.271912,1893390.041030,-746698.776160,-28.283093,45193215.000000,895821.270720,997568.770310,47.313087,502130994.000000,10082790.359520,-6233078.000000,-1.226105,-61995.970294,-0.611112,4.227400,-0.117300,-2.699841,80.870000,19.130000,1.690800,-0.018900,-1.105457,62.840000,37.160000,4.417100,-0.129200,-2.841871,81.540000,18.460000,binance_kline_quote_asset_volume,0.000000,0.000000,0.000000,0.000000,OK
77,2026-06-08 12:30:00 UTC,PIPPINUSDT,0.019520,0.019790,0.019100,0.019740,0.000230,1.178883,1.127049,3.534836,53.743070,15590,-3235,-17.184595,79789125.000000,-15700132.000000,-16.441778,1553203.540240,-340186.500790,-17.967059,37356029.000000,727868.947090,825334.593150,46.862432,502261874.000000,9794106.543000,130880.000000,0.026065,-288683.816520,-2.863134,4.316300,0.088900,2.102947,81.190000,18.810000,1.678300,-0.012500,-0.739295,62.660000,37.340000,4.470500,0.053400,1.208938,81.720000,18.280000,binance_kline_quote_asset_volume,0.000000,0.000000,0.000000,0.000000,OK
78,2026-06-08 12:45:00 UTC,PIPPINUSDT,0.019730,0.019760,0.019390,0.019530,-0.000210,-1.063830,-1.013685,1.875317,51.669358,10897,-4693,-30.102630,53991870.000000,-25797255.000000,-32.331793,1057768.143310,-495435.396930,-31.897648,27163572.000000,532421.200430,525346.942880,50.334395,499878289.000000,9852416.121223,-2383585.000000,-0.474570,58309.578223,0.595354,4.296600,-0.019700,-0.456409,81.120000,18.880000,1.678600,0.000300,0.017875,62.670000,37.330000,4.399600,-0.070900,-1.585952,81.480000,18.520000,binance_kline_quote_asset_volume,0.000000,0.000000,0.000000,0.000000,OK
79,2026-06-08 13:00:00 UTC,PIPPINUSDT,0.019540,0.019620,0.019180,0.019400,-0.000130,-0.665643,-0.716479,2.251791,50.373560,13471,2574,23.621180,74856464.000000,20864594.000000,38.643955,1450182.370100,392414.226790,37.098322,37488314.000000,726804.158180,723378.211920,50.118121,499903816.000000,9765806.009972,25527.000000,0.005107,-86610.111251,-0.879075,4.265900,-0.030700,-0.714518,81.010000,18.990000,1.688100,0.009500,0.565948,62.800000,37.200000,4.361900,-0.037700,-0.856896,81.350000,18.650000,binance_kline_quote_asset_volume,0.000000,0.000000,0.000000,0.000000,OK
80,2026-06-08 13:15:00 UTC,PIPPINUSDT,0.019400,0.020250,0.019270,0.020110,0.000710,3.659794,3.659794,5.051546,56.752711,14884,1413,10.489199,83735401.000000,8878937.000000,11.861283,1657900.127440,207717.757340,14.323561,43070732.000000,852972.530430,804927.597010,51.448969,497163123.000000,9693547.366580,-2740693.000000,-0.548244,-72258.643392,-0.739915,4.285400,0.019500,0.457113,81.080000,18.920000,1.671900,-0.016200,-0.959659,62.570000,37.430000,4.367700,0.005800,0.132970,81.370000,18.630000,binance_kline_quote_asset_volume,0.000000,0.000000,0.000000,0.000000,OK
81,2026-06-08 13:30:00 UTC,PIPPINUSDT,0.020110,0.020290,0.019710,0.019810,-0.000300,-1.491795,-1.491795,2.884137,53.616564,18283,3399,22.836603,94936570.000000,11201169.000000,13.376862,1902844.495760,244944.368320,14.774374,42021900.000000,842603.587840,1060240.907920,44.281264,499980248.000000,10094601.207120,2817125.000000,0.566640,401053.840540,4.137328,4.224700,-0.060700,-1.416437,80.860000,19.140000,1.687800,0.015900,0.951014,62.790000,37.210000,4.382100,0.014400,0.329693,81.420000,18.580000,binance_kline_quote_asset_volume,0.000000,0.000000,0.000000,0.000000,OK
82,2026-06-08 13:45:00 UTC,PIPPINUSDT,0.019800,0.020100,0.019510,0.019960,0.000150,0.757193,0.808081,2.979798,54.956838,12719,-5564,-30.432642,60410866.000000,-34525704.000000,-36.367128,1197158.671780,-705685.823980,-37.085838,30349015.000000,601626.761790,595531.909990,50.254555,495613663.000000,9863291.761686,-4366585.000000,-0.873352,-231309.445434,-2.291417,4.162600,-0.062100,-1.469927,80.630000,19.370000,1.694200,0.006400,0.379192,62.880000,37.120000,4.327700,-0.054400,-1.241414,81.230000,18.770000,binance_kline_quote_asset_volume,0.000000,0.000000,0.000000,0.000000,OK
83,2026-06-08 14:00:00 UTC,PIPPINUSDT,0.019970,0.020270,0.019680,0.019920,-0.000040,-0.200401,-0.250376,2.954432,54.504548,13710,991,7.791493,75123412.000000,14712546.000000,24.354139,1502478.270630,305319.598850,25.503687,37120806.000000,742355.166550,760123.104080,49.408712,495355852.000000,9894153.577353,-257811.000000,-0.052019,30861.815667,0.312896,4.154600,-0.008000,-0.192188,80.600000,19.400000,1.689700,-0.004500,-0.265612,62.820000,37.180000,4.274300,-0.053400,-1.233912,81.040000,18.960000,binance_kline_quote_asset_volume,0.000000,0.000000,0.000000,0.000000,OK
84,2026-06-08 14:15:00 UTC,PIPPINUSDT,0.019930,0.020590,0.019880,0.020580,0.000660,3.313253,3.261415,3.562469,60.308933,15650,1940,14.150255,89019662.000000,13896250.000000,18.497895,1808576.489790,306098.219160,20.372888,45803327.000000,930869.668190,877706.821600,51.469743,498282261.000000,9917301.875038,2926409.000000,0.590769,23148.297685,0.233959,4.176000,0.021400,0.515092,80.680000,19.320000,1.688600,-0.001100,-0.065100,62.810000,37.190000,4.296600,0.022300,0.521723,81.120000,18.880000,binance_kline_quote_asset_volume,0.000000,0.000000,0.000000,0.000000,OK
85,2026-06-08 14:30:00 UTC,PIPPINUSDT,0.020570,0.021040,0.020070,0.020160,-0.000420,-2.040816,-1.993194,4.715605,55.459877,26453,10803,69.028754,144810044.000000,55790382.000000,62.671977,2972657.618180,1164081.128390,64.364495,73115212.000000,1501469.422990,1471188.195190,50.509329,497669889.000000,10228882.947056,-612372.000000,-0.122897,311581.072018,3.141793,4.099400,-0.076600,-1.834291,80.390000,19.610000,1.683900,-0.004700,-0.278337,62.740000,37.260000,4.274300,-0.022300,-0.519015,81.040000,18.960000,binance_kline_quote_asset_volume,0.000000,0.000000,0.000000,0.000000,OK
86,2026-06-08 14:45:00 UTC,PIPPINUSDT,0.020160,0.020260,0.019640,0.020150,-0.000010,-0.049603,-0.049603,3.075397,55.345775,17769,-8684,-32.828035,102539811.000000,-42270233.000000,-29.190125,2042458.493020,-930199.125160,-31.291835,51658972.000000,1029275.118790,1013183.374230,50.393931,501441307.000000,10108871.215836,3771418.000000,0.757815,-120011.731220,-1.173263,4.073600,-0.025800,-0.629360,80.290000,19.710000,1.657800,-0.026100,-1.549973,62.380000,37.620000,4.296600,0.022300,0.521723,81.120000,18.880000,binance_kline_quote_asset_volume,0.000000,0.000000,0.000000,0.000000,OK
87,2026-06-08 15:00:00 UTC,PIPPINUSDT,0.020150,0.020560,0.019950,0.020440,0.000290,1.439206,1.439206,3.027295,58.041754,13601,-4168,-23.456582,74308720.000000,-28231091.000000,-27.531834,1502862.995830,-539595.497190,-26.418921,37038492.000000,749504.060530,753358.935300,49.871749,498886906.000000,10046699.257016,-2554401.000000,-0.509412,-62171.958820,-0.615024,4.130800,0.057200,1.404163,80.510000,19.490000,1.646000,-0.011800,-0.711787,62.210000,37.790000,4.277000,-0.019600,-0.456175,81.050000,18.950000,binance_kline_quote_asset_volume,0.000000,0.000000,0.000000,0.000000,OK
88,2026-06-08 15:15:00 UTC,PIPPINUSDT,0.020440,0.021300,0.020310,0.021190,0.000750,3.669276,3.669276,4.843444,64.081517,24955,11354,83.479156,147420120.000000,73111400.000000,98.388722,3079268.847860,1576405.852030,104.893517,73137555.000000,1528032.326260,1551236.521600,49.623219,502189268.000000,10271061.157019,3302362.000000,0.661946,224361.900002,2.233190,4.107300,-0.023500,-0.568897,80.420000,19.580000,1.640400,-0.005600,-0.340219,62.130000,37.870000,4.310700,0.033700,0.787935,81.170000,18.830000,binance_kline_quote_asset_volume,0.000000,0.000000,0.000000,0.000000,OK
89,2026-06-08 15:30:00 UTC,PIPPINUSDT,0.021200,0.021540,0.020830,0.020940,-0.000250,-1.179802,-1.226415,3.349057,60.932914,32062,7107,28.479263,189055653.000000,41635533.000000,28.242775,4012260.679950,932991.832090,30.299135,85194776.000000,1809821.173980,2202439.505970,45.107268,503385836.000000,10690329.491257,1196568.000000,0.238270,419268.334238,4.082035,3.943200,-0.164100,-3.995325,79.770000,20.230000,1.647900,0.007500,0.457206,62.230000,37.770000,4.128200,-0.182500,-4.233651,80.500000,19.500000,binance_kline_quote_asset_volume,0.000000,0.000000,0.000000,0.000000,OK
90,2026-06-08 15:45:00 UTC,PIPPINUSDT,0.020940,0.021850,0.020760,0.021810,0.000870,4.154728,4.154728,5.205349,67.008062,29593,-2469,-7.700705,170687584.000000,-18368069.000000,-9.715694,3655056.504440,-357204.175510,-8.902816,92216150.000000,1974685.506200,1680370.998240,54.026128,496635922.000000,10394589.847460,-6749914.000000,-1.340903,-295739.643797,-2.766422,3.897200,-0.046000,-1.166565,79.580000,20.420000,1.610200,-0.037700,-2.287760,61.690000,38.310000,3.995000,-0.133200,-3.226588,79.980000,20.020000,binance_kline_quote_asset_volume,0.000000,0.000000,0.000000,0.000000,OK
91,2026-06-08 16:00:00 UTC,PIPPINUSDT,0.021820,0.023630,0.021250,0.023430,0.001620,7.427785,7.378552,10.907424,74.850563,71015,41422,139.972291,414012659.000000,243325075.000000,142.555814,9242531.152590,5587474.648150,152.869720,212483070.000000,4748334.918000,4494196.234590,51.374833,502843153.000000,10969005.454247,6207231.000000,1.249855,574415.606787,5.526102,3.741600,-0.155600,-3.992610,78.910000,21.090000,1.561200,-0.049000,-3.043100,60.960000,39.040000,3.897200,-0.097800,-2.448060,79.580000,20.420000,binance_kline_quote_asset_volume,0.000000,0.000000,0.000000,0.000000,OK92,2026-06-08 16:15:00 UTC,PIPPINUSDT,0.023420,0.026440,0.023360,0.026070,0.002640,11.267606,11.315115,13.151153,82.253849,138603,67588,95.174259,728373685.000000,314361026.000000,75.930293,18307394.004360,9064862.851770,98.077709,371775297.000000,9342735.651480,8964658.352880,51.032581,506347927.000000,11853604.971070,3504774.000000,0.696991,884599.516823,8.064537,3.591400,-0.150200,-4.014325,78.220000,21.780000,1.468500,-0.092700,-5.937740,59.490000,40.510000,3.819300,-0.077900,-1.998871,79.250000,20.750000,binance_kline_quote_asset_volume,0.000000,0.000000,0.000000,0.000000,OK
93,2026-06-08 16:30:00 UTC,PIPPINUSDT,0.026070,0.026660,0.023130,0.024380,-0.001690,-6.482547,-6.482547,13.540468,68.377454,146352,7749,5.590788,772261351.000000,43887666.000000,6.025433,19292499.115000,985105.110640,5.380914,360581839.000000,9009990.628760,10282508.486240,46.702040,534352700.000000,13854445.659831,28004773.000000,5.530737,2000840.688761,16.879596,2.853600,-0.737800,-20.543521,74.050000,25.950000,1.423500,-0.045000,-3.064351,58.740000,41.260000,3.016100,-0.803200,-21.030032,75.100000,24.900000,binance_kline_quote_asset_volume,0.000000,0.000000,0.000000,0.000000,OK
94,2026-06-08 16:45:00 UTC,PIPPINUSDT,0.024390,0.025680,0.024320,0.025460,0.001080,4.429861,4.387044,5.576056,71.666992,63619,-82733,-56.530146,303513088.000000,-468748263.000000,-60.698138,7599291.561890,-11693207.553110,-60.610124,150215684.000000,3763709.215700,3835582.346190,49.527106,507633886.000000,12481417.713992,-26718814.000000,-5.000221,-1373027.945839,-9.910378,3.199900,0.346300,12.135548,76.190000,23.810000,1.549300,0.125800,8.837373,60.770000,39.230000,3.314100,0.298000,9.880309,76.820000,23.180000,binance_kline_quote_asset_volume,0.000000,0.000000,0.000000,0.000000,OK
95,2026-06-08 17:00:00 UTC,PIPPINUSDT,0.025470,0.025860,0.025050,0.025360,-0.000100,-0.392773,-0.431881,3.180212,70.931231,43750,-19869,-31.231236,221728872.000000,-81784216.000000,-26.945861,5662344.808360,-1936946.753530,-25.488517,106207253.000000,2713478.349840,2948866.458520,47.921461,510855130.000000,12996154.507200,3221244.000000,0.634560,514736.793208,4.124025,3.122000,-0.077900,-2.434451,75.740000,24.260000,1.513000,-0.036300,-2.342994,60.210000,39.790000,3.219400,-0.094700,-2.857488,76.300000,23.700000,binance_kline_quote_asset_volume,0.000000,0.000000,0.000000,0.000000,OK
96,2026-06-08 17:15:00 UTC,PIPPINUSDT,0.025360,0.025360,0.024210,0.024780,-0.000580,-2.287066,-2.287066,4.534700,66.656837,52189,8439,19.289143,247310540.000000,25581668.000000,11.537364,6130691.173330,468346.364970,8.271244,113629697.000000,2817802.720490,3312888.452840,45.962236,509932834.000000,12990778.614582,-922296.000000,-0.180540,-5375.892618,-0.041365,3.000000,-0.122000,-3.907751,75.000000,25.000000,1.474600,-0.038400,-2.538004,59.590000,40.410000,3.075000,-0.144400,-4.485308,75.460000,24.540000,binance_kline_quote_asset_volume,0.000000,0.000000,0.000000,0.000000,OK
97,2026-06-08 17:30:00 UTC,PIPPINUSDT,0.024770,0.026130,0.024000,0.026040,0.001260,5.084746,5.127170,8.599112,70.776790,59516,7327,14.039357,279081672.000000,31771132.000000,12.846655,7014315.856310,883624.682980,14.413133,143425122.000000,3611589.877130,3402725.979180,51.488840,502830140.000000,12455102.567800,-7102694.000000,-1.392869,-535676.046782,-4.123510,3.098400,0.098400,3.280000,75.600000,24.400000,1.496300,0.021700,1.471586,59.940000,40.060000,3.048600,-0.026400,-0.858537,75.300000,24.700000,binance_kline_quote_asset_volume,0.000000,0.000000,0.000000,0.000000,OK
98,2026-06-08 17:45:00 UTC,PIPPINUSDT,0.026030,0.027110,0.025320,0.026790,0.000750,2.880184,2.919708,6.876681,72.921577,65982,6466,10.864305,305190781.000000,26109109.000000,9.355365,7995089.104420,980773.248110,13.982451,158089875.000000,4147201.282880,3847887.821540,51.871858,501795676.000000,13058098.409672,-1034464.000000,-0.205728,602995.841872,4.841356,2.973000,-0.125400,-4.047250,74.830000,25.170000,1.489900,-0.006400,-0.427722,59.840000,40.160000,3.017700,-0.030900,-1.013580,75.110000,24.890000,binance_kline_quote_asset_volume,0.000000,0.000000,0.000000,0.000000,OK
99,2026-06-08 18:00:00 UTC,PIPPINUSDT,0.026790,0.026990,0.025940,0.026170,-0.000620,-2.314296,-2.314296,3.919373,68.449187,41318,-24664,-37.379891,195564760.000000,-109626021.000000,-35.920489,5170022.261030,-2825066.843390,-35.335026,95614982.000000,2529318.778920,2640703.482110,48.922783,505093854.000000,13487081.751709,3298178.000000,0.657275,428983.342037,3.285190,2.852100,-0.120900,-4.066599,74.040000,25.960000,1.470100,-0.019800,-1.328948,59.520000,40.480000,2.906300,-0.111400,-3.691553,74.400000,25.600000,binance_kline_quote_asset_volume,0.000000,0.000000,0.000000,0.000000,OK
100,2026-06-08 18:15:00 UTC,PIPPINUSDT,0.026180,0.028600,0.026180,0.027670,0.001500,5.731754,5.691367,9.243697,72.796256,65159,23841,57.701244,309228066.000000,113663306.000000,58.120546,8558093.142700,3388070.881670,65.533004,164417727.000000,4547776.258980,4010316.883720,53.140065,506990178.000000,13273002.860040,1896324.000000,0.375440,-214078.891669,-1.587288,2.827000,-0.025100,-0.880053,73.870000,26.130000,1.465900,-0.004200,-0.285695,59.450000,40.550000,2.824100,-0.082200,-2.828338,73.850000,26.150000,binance_kline_quote_asset_volume,0.000000,0.000000,0.000000,0.000000,OK

==================================================================================================================================LAST CANDLE SNAPSHOT — FULL DATA NEEDED FOR V3.2.1
==================================================================================================================================Candle Index        : 100
Time                : 2026-06-08 18:15:00 UTC
Close Time          : 2026-06-08 18:29:59 UTC
Symbol              : PIPPINUSDT

[PRICE / RSI]
Open                : 0.02618000
High                : 0.02860000
Low                 : 0.02618000
Close               : 0.02767000
Close Change        : 0.00150000
Close Change %      : 5.7318%
Candle Body %       : 5.6914%
Price Range %       : 9.2437%
RSI(14)            : 72.80

[TRADES / VOLUME / QUOTE VOLUME]
Number of Trades    : 65159
Trades Change       : 23841
Trades Change %     : 57.7012%
Volume              : 309228066.00000000
Volume Change       : 113663306.00000000
Volume Change %     : 58.1205%
Quote Volume        : 8558093.14270000
Quote Volume Change : 3388070.88167000
Quote Volume Chg %  : 65.5330%
Quote Volume Source : binance_kline_quote_asset_volume
Taker Buy Base Vol  : 164417727.00000000
Taker Buy Quote Vol : 4547776.25898000
Taker Sell Quote Vol: 4010316.88372000
Taker Buy Quote %   : 53.1401%

[OPEN INTEREST]
Open Interest       : 506990178.00000000
OI Change           : 1896324.00000000
OI Change %         : 0.3754%
OI Value            : 13273002.86004000
OI Value Change     : -214078.89166902
OI Value Change %   : -1.5873%

[TOP ACCOUNT L/S]
Top Acco L/S Ratio  : 2.82700000
Top Acco L/S Change : -0.02510000
Top Acco Chg %      : -0.8801%
Top Acco Long %     : 73.8700
Top Acco Short %    : 26.1300

[TOP POSITION L/S]
Top Posit L/S Ratio : 1.46590000
Top Posit L/S Change: -0.00420000
Top Posit Chg %     : -0.2857%
Top Posit Long %    : 59.4500
Top Posit Short %   : 40.5500

[GLOBAL L/S]
Global L/S Ratio    : 2.82410000
Global L/S Change   : -0.08220000
Global Chg %        : -2.8283%
Global Long %       : 73.8500
Global Short %      : 26.1500

[DATA QUALITY / TIMESTAMP MATCH]
OI Match Delta Min     : 0.0
Acco Match Delta Min   : 0.0
Posit Match Delta Min  : 0.0
Global Match Delta Min : 0.0
Data Quality           : OK

====================================================================================================
تمت الطباعة: 100 شمعة. كل صف في الجدول = شمعة واحدة.
RSI للسياق فقط. القرار البنيوي يعتمد على OI → Trades/Quote → L/S → Price Acceptance.
====================================================================================================

[Program finished]
